2
8
1
2
6
2
-1.0718225660770656e+01
-3.8261361156380480e+00
-6.3413306703270846e+00
-3.4528216911004284e-01
2.5632699299455883e+01
0.0000000000000000e+00
2
3.1513291373272585e+00
-6.7151873318426327e+00
4.1134643520536933e+00
-1.4572527812948646e+00
1.7613766886364065e+01
0.0000000000000000e+00
2
-1.2215709887009363e+00
-9.9877928585999705e+00
2.3431064662238438e-01
-3.7215484751252075e+00
1.5050604878169153e+01
0.0000000000000000e+00
2
1.8818810752086133e+00
-1.8820854337253168e+00
2.6242036726839610e+00
1.4007191985100180e+00
1.2006182816082056e+01
0.0000000000000000e+00
2
-1.0388829348443338e+01
2.7686867656838587e+00
1.1770991176094889e+00
6.4440234863788290e-02
4.7581070528186684e+00
0.0000000000000000e+00
2
-6.0156476706489128e+00
-8.8544851306278787e+00
-3.9816631375124718e+00
-1.6933115495113071e+00
1.7463651486423739e+01
0.0000000000000000e+00
1
2
6
2
5.3082232995437648e+00
-9.3626952228832181e+00
5.3825534935799579e+00
-5.7305360046649906e-02
1.8664304783855066e+01
0.0000000000000000e+00
2
-1.8910635106527664e+01
-4.2453017158332589e+00
-4.6028458706898254e+00
3.3514285074733365e+00
2.9706191049521117e+01
0.0000000000000000e+00
2
-1.4318888144183751e+01
2.2006776921074378e+00
3.8940691211029366e+00
-1.1103722824801765e+00
1.4040324493131509e+01
0.0000000000000000e+00
2
-1.5420622282671953e+01
-1.1668415279011120e+01
-5.9898989759124062e+00
-4.2054815129062401e-01
2.0820257835993512e+01
0.0000000000000000e+00
2
-7.8875163902793100e+00
-1.5302730786766841e+01
-6.8811047482209897e-01
-2.4219549208175049e+00
1.5098540433867409e+01
0.0000000000000000e+00
2
2.6226927613451676e+00
-1.4080715529254924e+01
4.0852771249181759e+00
-1.3049196655100801e+00
1.4870205464332781e+01
0.0000000000000000e+00
1
2
1
2
1.0348984768488146e+01
-6.3002543140849934e+00
7.7353488486927924e-01
1.1517621583448541e+00
5.5941714035657640e+02
0.0000000000000000e+00
1
2
3
2
-1.4409677118882902e+01
4.7993055313813135e+00
2.5680442187519734e+00
-1.3743585788981794e+00
1.0538815860344931e+01
0.0000000000000000e+00
2
-2.5064291658917149e+01
-1.3578752516579815e+00
-1.3274519823876050e+00
1.1079992638640535e+00
6.1949252330928495e+01
0.0000000000000000e+00
2
2.2622390131142573e+00
9.0306162406996116e-01
-4.1002653514500664e-01
-3.6885870922831210e-01
5.3972905764083112e+02
0.0000000000000000e+00
1
2
6
2
1.0360062109215939e+01
-4.9971001897937999e+00
1.6317885500422256e+00
1.5194723032899877e+00
1.1831264045469194e+01
0.0000000000000000e+00
2
-1.3369672820200545e+01
7.1603984185227629e+00
1.8093347823651882e+00
-1.2368886351533253e+00
1.5536773259396556e+01
0.0000000000000000e+00
2
-2.7270619864666465e+01
-5.7444201724091943e+00
-3.0441279850587901e+00
7.5140449987489399e-01
1.9188484527707626e+01
0.0000000000000000e+00
2
-2.1736449933515363e+01
-1.1710554323218197e+01
-5.3565848660617943e-01
-1.6284407357898523e+00
1.6586337030404604e+01
0.0000000000000000e+00
2
-1.8734124054150101e+01
3.7105401424497657e+00
-2.6068790853047341e-01
6.0409319641035963e-01
7.8490754507697194e+00
0.0000000000000000e+00
2
1.1217406194463304e+00
1.0091014902432740e+00
-9.2820340310197080e-01
-8.3509710220895916e-01
1.3434353804208525e+01
0.0000000000000000e+00
1
2
3
2
1.2042427538332213e+01
-4.5204651735561754e+00
7.5646304151062560e-01
7.0920865430231816e-01
6.5065798516191450e+01
0.0000000000000000e+00
2
-3.6691929167781714e+00
-1.5997450094915527e+01
1.0813805075920941e+00
-1.9622028987556894e+00
2.4399873548386836e+01
0.0000000000000000e+00
2
-1.3678671479232740e+01
-1.4906243543783166e+01
8.6331321134597058e-02
1.9410983189303960e-01
6.3192274089957493e+02
0.0000000000000000e+00
1
2
1
2
-1.1329796228880973e+01
6.7093553291624222e+00
1.9703699046759966e-02
-1.3345849283024552e-01
6.2704222493159932e+02
0.0000000000000000e+00
1
2
1
2
1.2508596054741634e+00
7.2985835496632356e-01
-1.2508596054741634e+00
-7.2985835496632356e-01
5.0215031199193980e+00
0.0000000000000000e+00
