2
-1.0000000000000000e-300
102
2
9.5999999999999996e-01
2
-1.0603881739496730e+01
-4.2793900369137511e-01
4.1410315432102857e-02
-9.9914222499893068e-01
7.4353348672488573e-01
-2.9887318619779463e-01
1
1
-1.0650066673826142e+01
6.8640454973989773e-01
5.3975337673071433e-01
1.1175674678043481e-02
1.1175674678043484e-02
2.7057146664917686e-01
0
2
9.5999999999999996e-01
2
-1.0050463783244087e+01
-2.5886538348234231e+00
2.4811810116896590e-01
-9.6872979094911016e-01
7.4348727970713546e-01
-2.9889176087821845e-01
1
1
-1.0327172761370409e+01
-1.5082964192573991e+00
5.2352292140000911e-01
6.4914994321393707e-02
6.4914994321393679e-02
2.8670120955294026e-01
0
2
9.5999999999999996e-01
2
-9.0505887153076809e+00
-4.5822314133388362e+00
4.4832030436809345e-01
-8.9387298017744110e-01
7.4342314203660553e-01
-2.9891754729809072e-01
1
1
-9.5505262492758831e+00
-3.5854426240811295e+00
4.8578298484096061e-01
1.0821144693086419e-01
1.0821144693086419e-01
3.2430136255861747e-01
0
2
9.5999999999999996e-01
2
-7.6414591977225248e+00
-6.3106806722726185e+00
6.3187867558625199e-01
-7.7506731277958307e-01
7.4335447189962367e-01
-2.9894516091944523e-01
1
1
-8.3460239565151024e+00
-5.4464560428057274e+00
4.3216207855732020e-01
1.3222143656180610e-01
1.3222143656180615e-01
3.7777262046371007e-01
0
2
9.7333333333333338e-01
2
-5.8568961036498068e+00
-7.6984797507492511e+00
7.8939389699920137e-01
-6.1388702167452125e-01
7.5355835274656013e-01
-2.9489716544481182e-01
1
1
-6.7491776506861658e+00
-7.0045802115109348e+00
3.8199663188222571e-01
1.3444752948398048e-01
1.3444752948398053e-01
4.5032630829329068e-01
0
2
9.5999999999999996e-01
2
-3.8299292223158896e+00
-8.6272041557713823e+00
9.0911613392276791e-01
-4.1654274095381832e-01
7.4320056800213452e-01
-2.9900706725722531e-01
1
1
-4.8434126629828480e+00
-8.1628419532603171e+00
3.1669040140697269e-01
1.0219457342717596e-01
1.0219457342717600e-01
4.9290895503488558e-01
0
2
9.5999999999999996e-01
2
-1.6424789525576768e+00
-9.0573725614905527e+00
9.8120717029620241e-01
-1.9295722054206541e-01
7.4311532976190098e-01
-2.9904136453950381e-01
1
1
-2.7362040874367830e+00
-8.8422883586309666e+00
2.7985004837107630e-01
5.1082368138907513e-02
5.1082368138907513e-02
5.2956361158434040e-01
0
2
9.5999999999999996e-01
2
5.8410075282499541e-01
-8.9520291062949404e+00
9.9888267303167333e-01
4.7258919973898181e-02
7.4302343524986081e-01
-2.9907834891842172e-01
1
1
-5.2918909986634066e-01
-9.0047008338927466e+00
2.7034026270511252e-01
-1.2733275316681515e-02
-1.2733275316681517e-02
5.3887322354552158e-01
0
2
9.7333333333333338e-01
2
2.7448796026078086e+00
-8.2912393669355620e+00
9.5628330327635447e-01
2.9244186409415396e-01
7.5318643975751254e-01
-2.9504278156384023e-01
1
1
1.6644901777164021e+00
-8.6216342366152503e+00
3.0087114987721414e-01
-7.7511820155181058e-02
-7.7511820155181044e-02
5.3063041973566383e-01
0
2
9.5999999999999996e-01
2
3.1128752457073978e+00
-6.3143820323909017e+00
1.8300800665957703e-01
9.8311142272810992e-01
6.7027239193258814e-01
-3.3154016918627915e-01
1
1
2.9288774241576032e+00
-7.3028106996632314e+00
4.3165346309130265e-01
-3.9492291096827940e-02
-3.9492291096827933e-02
2.2685407591114712e-01
0
2
9.5999999999999996e-01
2
2.6700466501805011e+00
-4.1249009203498685e+00
-1.9823880055453005e-01
9.8015375220151102e-01
7.4460464565661832e-01
-2.9844323899733249e-01
1
1
2.8914609479439495e+00
-5.2196414763703851e+00
5.3112870153820346e-01
5.2634582796084364e-02
5.2634582796084385e-02
2.8153258514725049e-01
0
2
9.5999999999999996e-01
2
2.0295441526248990e+00
-1.9850578796172331e+00
-2.8675209726022227e-01
9.5800481977747065e-01
7.4454846035454081e-01
-2.9846576019565463e-01
1
1
2.3497954014026998e+00
-3.0549793999835506e+00
5.1942162509167944e-01
7.4404134734064875e-02
7.4404134734064875e-02
2.9311702497718400e-01
0
2
9.7333333333333338e-01
2
8.6052057624884881e-01
-1.1686270814942670e-01
-5.3045620222563516e-01
8.4771234361684034e-01
0.0000000000000000e+00
-2.2688002746276464e-01
1
1
1.4450323644368739e+00
-1.0509602938833300e+00
3.4828389844780416e-01
9.1128145028077479e-02
9.1128145028077479e-02
2.5967713711773904e-01
0
2
9.5999999999999996e-01
2
-1.0257010240166569e+01
6.8396672117964297e-01
-5.6416836965065442e-02
-9.9840730190982541e-01
7.2592401305994270e-01
-3.0612325563594811e-01
1
1
-1.0195578735125824e+01
1.7711184740857384e+00
5.1411166186840374e-01
-1.4502258481544851e-02
-1.4502258481544848e-02
2.5828504603130720e-01
0
2
9.7333333333333338e-01
2
-9.9142592470661128e+00
-1.4969695627810471e+00
1.5525217129344007e-01
-9.8787487229338522e-01
7.3590166296316861e-01
-3.0197271375556639e-01
1
1
-1.0085634743616341e+01
-4.0650142080070206e-01
5.2280610725125443e-01
4.0580372007248497e-02
4.0580372007248511e-02
2.7096933227495873e-01
0
2
9.7333333333333338e-01
2
-9.1055739164566507e+00
-3.5509907428339527e+00
3.6633842570579761e-01
-9.3048168055658032e-01
7.3582719680709341e-01
-3.0200327357631040e-01
1
1
-9.5099165817613809e+00
-2.5239801528074999e+00
4.9357448329588738e-01
9.0173475136919493e-02
9.0173475136919465e-02
3.0004031950916543e-01
0
2
9.5999999999999996e-01
2
-7.8792008476601749e+00
-5.3498576121775345e+00
5.6329698072350243e-01
-8.2625450770799802e-01
7.2571136881845988e-01
-3.0621295430995538e-01
1
1
-8.4923873820584124e+00
-4.4504241775057434e+00
4.3298263739421050e-01
1.1976114854699214e-01
1.1976114854699214e-01
3.3896162189393919e-01
0
2
9.7333333333333338e-01
2
-6.2542064844992327e+00
-6.8432323735505580e+00
7.3629666096731650e-01
-6.7665887051628937e-01
7.3566106765810535e-01
-3.0207147284501790e-01
1
1
-7.0667036660797038e+00
-6.0965449928640467e+00
3.8548754711185096e-01
1.3173919048104071e-01
1.3173919048104071e-01
4.0776894420591064e-01
0
2
9.7333333333333338e-01
2
-4.3241863765275479e+00
-7.9130687912622530e+00
8.7461801573127362e-01
-4.8481267161481006e-01
7.3556686967242602e-01
-3.0211015664855279e-01
1
1
-5.2891964305133907e+00
-7.3781505824064055e+00
3.2648508608857352e-01
1.1209172055717080e-01
1.1209172055717076e-01
4.6656827261033185e-01
0
2
9.5999999999999996e-01
2
-2.2233371790213443e+00
-8.4812325389871148e+00
9.6532094479331809e-01
-2.6106603291760377e-01
7.2544066262370033e-01
-3.0632722105556015e-01
1
1
-3.2737617777744461e+00
-8.1971506651246848e+00
2.7464714846550625e-01
6.4798167345241492e-02
6.4798167345241506e-02
4.9672131408920184e-01
0
2
9.7333333333333338e-01
2
-1.7526245708195772e-02
-8.5146422166027964e+00
9.9988531587927731e-01
-1.5144473876555101e-02
7.3535464460521871e-01
-3.0219734634507417e-01
1
1
-1.1204317123647700e+00
-8.4979373777949547e+00
2.6425919618843269e-01
4.0006899412407849e-03
4.0006899412407841e-03
5.2833660649600145e-01
0
2
9.7333333333333338e-01
2
2.1233836261723620e+00
-7.9839688634759423e+00
9.7062636649363665e-01
2.4059188819941593e-01
7.3523309132656289e-01
-3.0224730747805723e-01
1
1
1.0529286902320831e+00
-8.2493055400393693e+00
2.7939920171751131e-01
-6.1676538247710348e-02
-6.1676538247710348e-02
5.1293459227082006e-01
0
2
9.5999999999999996e-01
2
2.8119421417664956e+00
-6.2445918266106863e+00
3.6807391751726187e-01
9.2979653217437630e-01
6.2356905576522015e-01
-3.5637147188055968e-01
1
1
2.4676628839694290e+00
-7.1142803450433139e+00
3.5422023066588887e-01
-6.5017296983210793e-02
-6.5017296983210807e-02
2.1571722513420838e-01
0
2
9.7333333333333338e-01
2
2.4715010115125664e+00
-4.0596256865880189e+00
-1.5395315972532561e-01
9.8807814701600827e-01
7.3710976087645685e-01
-3.0147779071327180e-01
1
1
2.6417215766395312e+00
-5.1521087565993522e+00
5.2463067807265773e-01
4.0381370950152817e-02
4.0381370950152817e-02
2.7175311428304072e-01
0
2
9.7333333333333338e-01
2
1.9577699744899681e+00
-1.9088136889300475e+00
-2.3231929990507133e-01
9.7263957501821696e-01
7.3710483406890914e-01
-3.0147980579034905e-01
1
1
2.2146354930012673e+00
-2.9842196877590332e+00
5.1658807886692215e-01
5.9983607194334286e-02
5.9983607194334272e-02
2.7978506753949040e-01
0
2
9.7333333333333338e-01
2
9.7223999102478176e-01
-1.3722390370024885e-05
-4.5876896128072403e-01
8.8855559205117018e-01
0.0000000000000000e+00
-2.3275241188891233e-01
1
1
1.4650049827573750e+00
-9.5441370566020878e-01
3.4458619874579904e-01
7.8494147160155639e-02
7.8494147160155611e-02
2.3308391316343458e-01
0
2
9.7333333333333338e-01
2
-1.0722116375350968e+01
3.6615500404576290e-01
-2.6692683414228126e-02
-9.9964368684654226e-01
7.4289867865574322e-01
-2.9912857379734181e-01
1
1
-1.0692371436493659e+01
1.4801059651730406e+00
5.3910238899188789e-01
-7.1950442417063774e-03
-7.1950442417063748e-03
2.6983937973727895e-01
0
2
9.7333333333333338e-01
2
-1.0322807214777427e+01
-1.8262959069603448e+00
1.7918154946597198e-01
-9.8381602565264870e-01
7.4283905860402744e-01
-2.9915258177165727e-01
1
1
-1.0522461795064197e+01
-7.3007045145729099e-01
5.3055204288633895e-01
4.7526242110241625e-02
4.7526242110241625e-02
2.7825989060096051e-01
0
2
9.7333333333333338e-01
2
-9.4718037110710842e+00
-3.8857165176244348e+00
3.8190324113046564e-01
-9.2420231249118034e-01
7.4277409568219510e-01
-2.9917874561595198e-01
1
1
-9.8973054629242547e+00
-2.8560062122923897e+00
4.9979876393000178e-01
9.5141660595555275e-02
9.5141660595555302e-02
3.0887171095112431e-01
0
2
9.7333333333333338e-01
2
-8.1978982686946633e+00
-5.7137353470954952e+00
5.7174182552820441e-01
-8.2043359569295815e-01
7.4270436147732799e-01
-2.9920683619010335e-01
1
1
-8.8348509898828738e+00
-4.7997259323599648e+00
4.5091388713442199e-01
1.2641895096055519e-01
1.2641895096055519e-01
3.5760475330402419e-01
0
2
9.8666666666666669e-01
2
-6.5279949484497415e+00
-7.2340066232457474e+00
7.3945998399922708e-01
-6.7320051401039704e-01
7.5275802900271938e-01
-2.9521069674491562e-01
1
1
-7.3629466085722024e+00
-6.4738709851706213e+00
4.0232099498131402e-01
1.3781825367934705e-01
1.3781825367934705e-01
4.2823493119858519e-01
0
2
9.7333333333333338e-01
2
-4.5829987291190379e+00
-8.3199989493612154e+00
8.7311878355960937e-01
-4.8750752793714691e-01
7.4254738910444218e-01
-2.9927008765088509e-01
1
1
-5.5554968387843893e+00
-7.7770027863034814e+00
3.3341704594660437e-01
1.1466736750270248e-01
1.1466736750270244e-01
4.7475986584666879e-01
0
2
9.7333333333333338e-01
2
-2.4396686108669785e+00
-8.9261001212649251e+00
9.6226504254073686e-01
-2.7211392449500621e-01
7.4246007198213371e-01
-2.9930528335208534e-01
1
1
-3.5113336699930082e+00
-8.6230495353130703e+00
2.8927167953453065e-01
7.0522632388359777e-02
7.0522632388359735e-02
5.1871517426590352e-01
0
2
9.7333333333333338e-01
2
-2.1399487151380317e-01
-9.0057057084868930e+00
9.9936097527931245e-01
-3.5744105650879612e-02
7.4236563644453535e-01
-2.9934335765664871e-01
1
1
-1.3268317411903909e+00
-8.9659029148759082e+00
2.6960446044920050e-01
9.6183234185789127e-03
9.6183234185789109e-03
5.3817686628461570e-01
0
2
9.8666666666666669e-01
2
1.9924425921878453e+00
-8.5300299922614347e+00
9.7754136151492876e-01
2.1074365121526017e-01
7.5237650653208088e-01
-2.9536039508531198e-01
1
1
8.8922386033702105e-01
-8.7678678503741629e+00
2.8885474588045584e-01
-5.6976652244382406e-02
-5.6976652244382420e-02
5.4085948765654857e-01
0
2
9.7333333333333338e-01
2
2.4155026832947168e+00
-6.5194255532844334e+00
2.0590559361600472e-01
9.7857186068149371e-01
6.8487712204626539e-01
-3.2447020796704384e-01
1
1
2.2039726377412809e+00
-7.5247277727729340e+00
4.4862838543404754e-01
-4.6176713497016089e-02
-4.6176713497016089e-02
2.3888855968873141e-01
0
2
9.7333333333333338e-01
2
2.2141440598872961e+00
-4.2964637670210317e+00
-9.0211898290063361e-02
9.9592259408394967e-01
7.4402093745986475e-01
-2.9867737725352622e-01
1
1
2.3148233715910065e+00
-5.4079446601527330e+00
5.3872403737594110e-01
2.4299456213975893e-02
2.4299456213975900e-02
2.7266363080948602e-01
0
2
9.7333333333333338e-01
2
1.8483474688784511e+00
-2.0947273584406818e+00
-1.6389350775624464e-01
9.8647803732032158e-01
7.4397209915291773e-01
-2.9869698403373346e-01
1
1
2.0312457643828736e+00
-3.1955955627308565e+00
5.3359013753914852e-01
4.3721927748145893e-02
4.3721927748145893e-02
2.7769101348412722e-01
0
2
9.8666666666666669e-01
2
9.6797337536974160e-01
-9.4168878778453105e-02
-4.0278781631029426e-01
9.1529338194481935e-01
0.0000000000000000e+00
-2.2875946673134895e-01
1
1
1.4081604221240964e+00
-1.0944481186095674e+00
3.6633476408768723e-01
7.3489538500813120e-02
7.3489538500813120e-02
2.3167755045262989e-01
0
2
9.7333333333333338e-01
2
-1.1246595270939711e+01
1.2589371994449010e+00
-8.8018337106841871e-02
-9.9611885452135984e-01
7.8196323592827643e-01
-2.8418500002550623e-01
1
1
-1.1143354615382073e+01
2.4273296837209370e+00
5.9518769489239309e-01
-2.6193517536506550e-02
-2.6193517536506557e-02
3.0106558655555715e-01
0
2
9.7333333333333338e-01
2
-1.0970715182718255e+01
-1.0704524955888037e+00
1.1761250631769235e-01
-9.9305956435536680e-01
7.8188988812764093e-01
-2.8421165895158007e-01
1
1
-1.1108655226828983e+01
9.4242351928048640e-02
5.9325834249221887e-01
3.4886454170757288e-02
3.4886454170757274e-02
3.0282681053004828e-01
0
2
9.7333333333333338e-01
2
-1.0211972856109169e+01
-3.2897723370369651e+00
3.2349733516525203e-01
-9.4622908121711236e-01
7.8181203174517455e-01
-2.8423996203559809e-01
1
1
-1.0591344019413711e+01
-2.1801124163128844e+00
5.6601876881787982e-01
9.1413120035909665e-02
9.1413120035909665e-02
3.2988793842577568e-01
0
2
9.8666666666666669e-01
2
-8.9729498642942573e+00
-5.3185103877000932e+00
5.2121679392038045e-01
-8.5342431049001632e-01
7.9239132114648181e-01
-2.8044504816218468e-01
1
1
-9.5924613602017139e+00
-4.3041413623685294e+00
5.3020484239537735e-01
1.3645820825414545e-01
1.3645820825414542e-01
3.9011229425164601e-01
0
2
9.7333333333333338e-01
2
-7.3349879276026773e+00
-6.9965013885000351e+00
6.9851993283921399e-01
-7.1559059763687494e-01
7.8163454836757329e-01
-2.8430450353855080e-01
1
1
-8.1539688959484664e+00
-6.1575058881000642e+00
4.5135285818963145e-01
1.4920650477717337e-01
1.4920650477717329e-01
4.4414712597157879e-01
0
2
9.7333333333333338e-01
2
-5.3578251767781460e+00
-8.2566570353823732e+00
8.4328241006362115e-01
-5.3747072187914635e-01
7.8153444493775415e-01
-2.8434091889567487e-01
1
1
-6.3464065521904116e+00
-7.6265792119412037e+00
3.8463057638697840e-01
1.3525736860050283e-01
1.3525736860050278e-01
5.1064005025729919e-01
0
2
9.8666666666666669e-01
2
-3.1089450617033974e+00
-9.0241193250218270e+00
9.4640749524602108e-01
-3.2297500358720099e-01
7.9207604418860689e-01
-2.8055667615836560e-01
1
1
-4.2333851192407721e+00
-8.6403881802021001e+00
3.3850315255385011e-01
9.3695271430538130e-02
9.3695271430538130e-02
5.8108177752822876e-01
0
2
9.7333333333333338e-01
2
-7.7308824998734016e-01
-9.2182626417539151e+00
9.9656379177807575e-01
-8.2828792801200285e-02
7.8130365929658008e-01
-2.8442490903254225e-01
1
1
-1.9410166558453688e+00
-9.1211909833878710e+00
3.0029347865006789e-01
2.4618579255637981e-02
2.4618579255637985e-02
5.9444848262230232e-01
0
2
9.7333333333333338e-01
2
1.5369807316903712e+00
-8.8237397503367703e+00
9.8572786791761946e-01
1.6834657825623878e-01
7.8117198362187701e-01
-2.8447285217769402e-01
1
1
3.8194624085151552e-01
-9.0210011960453436e+00
3.0659645006159547e-01
-4.9475646784864914e-02
-4.9475646784864907e-02
5.8784394901508752e-01
0
2
9.8666666666666669e-01
2
2.3295167563625041e+00
-6.9342803051831297e+00
3.8680224305557753e-01
9.2216268888259312e-01
6.8298123817434153e-01
-3.2537090303715860e-01
1
1
1.9332487440264376e+00
-7.8790100277599500e+00
4.2171228350038448e-01
-8.1292580782222540e-02
-8.1292580782222540e-02
2.6200354714203600e-01
0
2
9.7333333333333338e-01
2
2.1595984653949745e+00
-4.5909846353449213e+00
-7.2322637849732085e-02
9.9738128920411184e-01
7.8314939839711184e-01
-2.8375457183143998e-01
1
1
2.2445576108787391e+00
-5.7626324702640250e+00
5.9774888730891695e-01
2.1615313841278190e-02
2.1615313841278194e-02
3.0122551520333185e-01
0
2
9.7333333333333338e-01
2
1.8339290543008271e+00
-2.2642715685463695e+00
-1.3861844771034754e-01
9.9034586178484818e-01
7.8313148183243086e-01
-2.8376106359847736e-01
1
1
1.9967637598479007e+00
-3.4276281019456452e+00
5.9353115705748871e-01
4.1135248190983020e-02
4.1135248190983034e-02
3.0540211320381844e-01
0
2
9.8666666666666669e-01
2
1.0294629789914256e+00
-8.9327782142794160e-02
-3.4690907561676892e-01
9.3789876492866697e-01
0.0000000000000000e+00
-2.1561448410571327e-01
1
1
1.4316960166461263e+00
-1.1767996753445817e+00
4.2176359948727993e-01
7.3006711385415771e-02
7.3006711385415743e-02
2.5138727598626154e-01
0
2
9.7333333333333338e-01
2
-1.0567795637956491e+01
3.7550128450515191e-01
-1.9055946671534513e-02
-9.9981841896238921e-01
7.1577880133072569e-01
-3.1046214530114929e-01
1
1
-1.0547335873956332e+01
1.4489745287150722e+00
5.0054788876765421e-01
-4.7692068588140622e-03
-4.7692068588140622e-03
2.5041029176927743e-01
0
2
9.7333333333333338e-01
2
-1.0177028892739955e+01
-1.7358121577670962e+00
1.8199144539520187e-01
-9.8330011380196902e-01
7.1572365094408819e-01
-3.1048606809219736e-01
1
1
-1.0372412265348224e+01
-6.8015543663097211e-01
4.9227211948631072e-01
4.4788305787206661e-02
4.4788305787206661e-02
2.5857034362953596e-01
0
2
9.8666666666666669e-01
2
-9.3468209552986519e+00
-3.7475200421590631e+00
3.8147952251780681e-01
-9.2437728980086165e-01
7.2542813653695770e-01
-3.0633251045798249e-01
1
1
-9.7619249240193042e+00
-2.7416660999630795e+00
4.7681095860280404e-01
9.0666348146974843e-02
9.0666348146974801e-02
2.9453086595005984e-01
0
2
9.7333333333333338e-01
2
-8.1258332205969257e+00
-5.5132666029305177e+00
5.6875261013484779e-01
-8.2250864339823060e-01
7.1559392311315417e-01
-3.1054235516066991e-01
1
1
-8.7363270879477888e+00
-4.6303933225447906e+00
4.1944882436449399e-01
1.1703991417372117e-01
1.1703991417372114e-01
3.3112147690105465e-01
0
2
9.8666666666666669e-01
2
-6.5289280371436229e+00
-6.9911724280226863e+00
7.3392334540548154e-01
-6.7923230419998892e-01
7.2528245783444723e-01
-3.0639403975898544e-01
1
1
-7.3273806288702747e+00
-6.2522195154766020e+00
3.7558424234099741e-01
1.2812096933607306e-01
1.2812096933607303e-01
3.9544781536442047e-01
0
2
9.7333333333333338e-01
2
-4.6682908167269090e+00
-8.0611047909353140e+00
8.6689302255832523e-01
-4.9849422006648303e-01
7.1544284088852828e-01
-3.1060793332733372e-01
1
1
-5.5986094269352655e+00
-7.5261386094790002e+00
3.1222957871977014e-01
1.0807179199483247e-01
1.0807179199483247e-01
4.3802382253744188e-01
0
2
9.8666666666666669e-01
2
-2.5843502866112762e+00
-8.6850281503377449e+00
9.5798540477780414e-01
-2.8681695248486755e-01
7.2511213626787407e-01
-3.0646600864521734e-01
1
1
-3.6263205516690924e+00
-8.3730664706365303e+00
2.7802277891147059e-01
7.0584751693907863e-02
7.0584751693907863e-02
4.9264719098422077e-01
0
2
9.7333333333333338e-01
2
-4.4162742542647354e-01
-8.7998382152632431e+00
9.9856760097080877e-01
-5.3504638036374459e-02
7.1526549933512906e-01
-3.1068494486143616e-01
1
1
-1.5129888560188749e+00
-8.7424331828004931e+00
2.5067607576752438e-01
1.3354889226378995e-02
1.3354889226378994e-02
4.9920543103246517e-01
0
2
9.8666666666666669e-01
2
1.6937014716813423e+00
-8.3877235937396506e+00
9.8188049642577335e-01
1.8950116289531646e-01
7.2491133251646822e-01
-3.0655090112993078e-01
1
1
6.2603702312743437e-01
-8.5937809045014468e+00
2.6596771799431057e-01
-4.7772407138041692e-02
-4.7772407138041692e-02
5.0427547103385784e-01
0
2
9.7333333333333338e-01
2
2.0115907905482020e+00
-6.3463333986870776e+00
1.5386755972099272e-01
9.8809148061579133e-01
6.8866437136648939e-01
-3.2268581251165274e-01
1
1
1.8526461311147722e+00
-7.3670284962133641e+00
4.5794189656821815e-01
-3.5228673015235711e-02
-3.5228673015235717e-02
2.3719976624591094e-01
0
2
9.8666666666666669e-01
2
1.9213966786291934e+00
-4.1682038117157196e+00
-4.1373517764247469e-02
9.9914374943138773e-01
7.2666540332190455e-01
-3.0581092922044667e-01
1
1
1.9664937345886977e+00
-5.2572686052013982e+00
5.1554185782318040e-01
1.0664886193518925e-02
1.0664886193518922e-02
2.5843336190779170e-01
0
2
9.7333333333333338e-01
2
1.6914159513028413e+00
-2.0301427473629476e+00
-1.0694815936659212e-01
9.9426459818707102e-01
7.1679814684182475e-01
-3.1002064277275526e-01
1
1
1.8064063149660172e+00
-3.0991732795393334e+00
4.9919443763027693e-01
2.6693521563226488e-02
2.6693521563226491e-02
2.5390415532389810e-01
0
2
9.8666666666666669e-01
2
1.0021023856768909e+00
-2.5780477832362102e-02
-3.2521226757677868e-01
9.4564104237155955e-01
0.0000000000000000e+00
-2.3589574019297055e-01
1
1
1.3467591684898661e+00
-1.0279616125976550e+00
3.5509220407968928e-01
5.7650099235050517e-02
5.7650099235050517e-02
2.0728548303885122e-01
0
2
9.5999999999999996e-01
2
-1.1399629144247328e+01
1.6994984492912455e+00
-1.2785322256418374e-01
-9.9179310013729849e-01
8.1755827491198074e-01
-2.7181208855863753e-01
1
1
-1.1242837954125061e+01
2.9157714333180280e+00
6.4779873493572127e-01
-4.1410171823694157e-02
-4.1410171823694164e-02
3.3190671887088447e-01
0
2
9.7333333333333338e-01
2
-1.1188896348389429e+01
-7.7793412175710419e-01
8.4754897446583335e-02
-9.9640183026669482e-01
8.2879299488548885e-01
-2.6812753437054060e-01
1
1
-1.1294262746318378e+01
4.6078216376707065e-01
6.6880007154335053e-01
2.8341856606892254e-02
2.8341856606892250e-02
3.3801621412040428e-01
0
2
9.7333333333333338e-01
2
-1.0441668526180093e+01
-3.1490830646128130e+00
3.0056216949531694e-01
-9.5376222522611387e-01
8.2870023581036911e-01
-2.6815754674537484e-01
1
1
-1.0815282437284761e+01
-1.9635085931849585e+00
6.4074961184972590e-01
9.6184743947952636e-02
9.6184743947952636e-02
3.6584131930008257e-01
0
2
9.7333333333333338e-01
2
-9.1807951145589843e+00
-5.2913692848266907e+00
5.0723082878135350e-01
-8.6181023800705747e-01
8.2859935429556986e-01
-2.6819019477892725e-01
1
1
-9.8112318203695388e+00
-4.2202261747197518e+00
5.8459198161311066e-01
1.4663691166987786e-01
1.4663691166987786e-01
4.2175389050890444e-01
0
2
9.5999999999999996e-01
2
-7.4853698424957757e+00
-7.0621803195319828e+00
6.9156466744582890e-01
-7.2231455110674614e-01
8.1719293069389076e-01
-2.7193360817931950e-01
1
1
-8.3330824785273805e+00
-6.1767748021793363e+00
4.9650772528704451e-01
1.6298408413996415e-01
1.6298408413996407e-01
4.8232231753173083e-01
0
2
9.7333333333333338e-01
2
-5.3911622837312061e+00
-8.4001187402172075e+00
8.4270128394277888e-01
-5.3838141316467469e-01
8.2837085875646643e-01
-2.6826417162455196e-01
1
1
-6.4382660631134909e+00
-7.7311495298745951e+00
4.3244133292377113e-01
1.5210734026104963e-01
1.5210734026104955e-01
5.7334959346637604e-01
0
2
9.7333333333333338e-01
2
-3.0332196289982920e+00
-9.1836548765031445e+00
9.4897805896892817e-01
-3.1534210564966664e-01
8.2823925957249789e-01
-2.6830679619911268e-01
1
1
-4.2121909563647488e+00
-8.7918868083601751e+00
3.6848536767400181e-01
1.0029668843154944e-01
1.0029668843154940e-01
6.3698601403403410e-01
0
2
9.7333333333333338e-01
2
-5.5421177943144517e-01
-9.3454769567401517e+00
9.9787624438343636e-01
-6.5138321249541303e-02
8.2809462045685689e-01
-2.6835365999554855e-01
1
1
-1.7937157042148686e+00
-9.2645659166216490e+00
3.3646165283838947e-01
2.1777599466430136e-02
2.1777599466430136e-02
6.6865857963062081e-01
0
2
9.5999999999999996e-01
2
1.8483573469901289e+00
-8.8658042062254587e+00
9.8064663897463566e-01
1.9578602980741633e-01
8.1666152071987286e-01
-2.7211055814939983e-01
1
1
6.4707278377934185e-01
-9.1056405814828061e+00
3.3834310409255441e-01
-6.2562668404677474e-02
-6.2562668404677474e-02
6.3921431166002463e-01
0
2
9.7333333333333338e-01
2
2.9499458824731604e+00
-7.1057977337302312e+00
5.3054759156827902e-01
8.4765514985818302e-01
6.9210789819802132e-01
-3.2108031536817033e-01
1
1
2.3991516147316445e+00
-7.9858009699778449e+00
4.0219701817427023e-01
-1.0525142796979409e-01
-1.0525142796979406e-01
2.9991385568387130e-01
0
2
9.7333333333333338e-01
2
2.5974071520521025e+00
-4.6402588401976788e+00
-1.4154683039748267e-01
9.8993156066691113e-01
8.3020516821436730e-01
-2.6767145126328856e-01
1
1
2.7736765172626314e+00
-5.8730282869639545e+00
6.6675318888649704e-01
4.7185984243012749e-02
4.7185984243012749e-02
3.4349703121003533e-01
0
2
9.7333333333333338e-01
2
2.0738096354972710e+00
-2.2051975068796978e+00
-2.1021947741106978e-01
9.7765421868727009e-01
8.3023946052815456e-01
-2.6766039532842267e-01
1
1
2.3356083937746868e+00
-3.4227281735386885e+00
6.5867282116414083e-01
6.9215252384338760e-02
6.9215252384338760e-02
3.5166085910434286e-01
0
2
9.7333333333333338e-01
2
1.0751037353346624e+00
4.5534785470213416e-05
-4.1254364083367423e-01
9.1093783783949611e-01
0.0000000000000000e+00
-2.0653910263597330e-01
1
1
1.5744566854159667e+00
-1.1025759860471138e+00
4.4745350391087046e-01
9.1896948554365254e-02
9.1896948554365268e-02
2.8615390147648057e-01
0
2
9.7333333333333338e-01
2
-1.1849253613255119e+01
2.5536160636197702e+00
-1.8851912012531241e-01
-9.8206951961008249e-01
8.6022318571138323e-01
-2.5833089123080305e-01
1
1
-1.1606000836132564e+01
3.8208145197433199e+00
7.1023559084383114e-01
-6.6935537921130897e-02
-6.6935537921130897e-02
3.7439132208479819e-01
0
2
9.7333333333333338e-01
2
-1.1792597563989986e+01
-2.6184214013751646e-02
2.1956114971877522e-02
-9.9975893545161254e-01
8.6014077532539412e-01
-2.5835564200308359e-01
1
1
-1.1820925588622552e+01
1.2637159248030092e+00
7.2277181489318143e-01
7.9346303025087418e-03
7.9346303025087436e-03
3.6164729093965609e-01
0
2
9.7333333333333338e-01
2
-1.1180685866903969e+01
-2.5327115036038936e+00
2.3716233966898584e-01
-9.7147003280735966e-01
8.6004618600080562e-01
-2.5838405639068091e-01
1
1
-1.1486641715446979e+01
-1.2794478588088227e+00
7.0246014313011285e-01
8.3263663752984135e-02
8.3263663752984135e-02
3.8172046957765049e-01
0
2
9.7333333333333338e-01
2
-1.0028060879618856e+01
-4.8407359634138301e+00
4.4678336262924095e-01
-8.9464217812358271e-01
8.5994323251886517e-01
-2.5841499045385791e-01
1
1
-1.0604373373261414e+01
-3.6867237335088618e+00
6.5049160462812095e-01
1.4441847728757504e-01
1.4441847728757509e-01
4.3342945576700154e-01
0
2
9.7333333333333338e-01
2
-8.3791753810865224e+00
-6.8244090757702347e+00
6.3922860549446470e-01
-7.6901676829416554e-01
8.5983088802107321e-01
-2.5844875465415457e-01
1
1
-9.2036181303526892e+00
-5.8325725195920324e+00
5.7482899616063665e-01
1.7756400397237304e-01
1.7756400397237304e-01
5.0880887202299951e-01
0
2
9.7333333333333338e-01
2
-6.3104190639036490e+00
-8.3645803700407910e+00
8.0211589770703751e-01
-5.9716839052785886e-01
8.5970798114366753e-01
-2.5848570339733329e-01
1
1
-7.3447972224950853e+00
-7.5944947229055124e+00
4.8988460615044149e-01
1.7297075709929990e-01
1.7297075709929990e-01
5.9344348710088035e-01
0
2
9.8666666666666669e-01
2
-3.8963049957058939e+00
-9.3667246017812928e+00
9.2358365100702755e-01
-3.8339697389589411e-01
8.7128511697001509e-01
-2.5505109394617370e-01
1
1
-5.1033620298047717e+00
-8.8656524859110419e+00
4.2542037211434863e-01
1.3133556364371854e-01
1.3133556364371854e-01
6.8728114371711335e-01
0
2
9.7333333333333338e-01
2
-1.3428874454582664e+00
-9.7238304301522103e+00
9.9036158131574548e-01
-1.3850609464487823e-01
8.5942265882839908e-01
-2.5857151884401652e-01
1
1
-2.6195962205820802e+00
-9.5452775159667524e+00
3.6779261447489286e-01
4.9500900761085140e-02
4.9500900761085119e-02
7.1481652212036850e-01
0
2
9.7333333333333338e-01
2
1.2156219591734374e+00
-9.4092526325733932e+00
9.9252585035782614e-01
1.2203457039492585e-01
8.5925869628796347e-01
-2.5862085909893290e-01
1
1
-6.3632743142414516e-02
-9.5665415313628017e+00
3.6610420911083980e-01
-4.3692752986773851e-02
-4.3692752986773831e-02
7.1609188179638572e-01
0
2
9.7333333333333338e-01
2
2.3661335240636241e+00
-7.6172425908383259e+00
5.4026079247575887e-01
8.4149763880445017e-01
7.0984950287800708e-01
-3.1305540304141460e-01
1
1
1.7908777416185306e+00
-8.5132476117058591e+00
4.2052066087991080e-01
-1.1192465175818324e-01
-1.1192465175818327e-01
3.1804762228968564e-01
0
2
9.7333333333333338e-01
2
2.1431474850372174e+00
-5.0419434420853442e+00
-8.6263695974223689e-02
9.9627233965260065e-01
8.6164496937018464e-01
-2.5790462443557766e-01
1
1
2.2546405045504208e+00
-6.3295930164618355e+00
7.2277753302398651e-01
3.1174513280516764e-02
3.1174513280516757e-02
3.6543770267443754e-01
0
2
9.7333333333333338e-01
2
1.7845718673919306e+00
-2.4818547188369857e+00
-1.3870976084774289e-01
9.9033307641700130e-01
8.6169282645480960e-01
-2.5789030081228881e-01
1
1
1.9638596762145739e+00
-3.7618990804611649e+00
7.1857740760868505e-01
4.9834498948519983e-02
4.9834498948519976e-02
3.6975871373694891e-01
0
2
9.8666666666666669e-01
2
1.0638250989065718e+00
-3.2443775729250365e-03
-2.7922113101658697e-01
9.6022682736623133e-01
0.0000000000000000e+00
-1.9370265898199379e-01
1
1
1.4241984831492513e+00
-1.2425495482049553e+00
5.3436410460385431e-01
7.4541473948250433e-02
7.4541473948250433e-02
2.9969554922311181e-01
0
2
4.1333333333333333e-01
2
-1.0696251608155556e+01
1.8007481031711705e+00
-1.0590569210819226e-01
-9.9437617850544102e-01
0.0000000000000000e+00
-5.1969781430138839e-01
1
1
-1.0645305804077779e+01
2.2790915515855854e+00
7.6812669192420205e-02
-4.0673847626407867e-03
-4.0673847626407885e-03
3.9056127714251022e-02
0
2
3.7333333333333335e-01
2
2.4513530000000000e-04
0.0000000000000000e+00
-9.9089905621724605e-01
1.3460705920482474e-01
0.0000000000000000e+00
-5.7591964680772745e-01
1
1
4.3038285577442442e-01
-5.8431354074713351e-02
3.2020035058964939e-02
4.1948891207347393e-03
4.1948891207347402e-03
6.2330526593724657e-02
0
2
2.8000000000000003e-01
2
-1.0134147230085082e+01
2.8582702269918339e+00
-1.8907817118832715e-01
-9.8196203856364905e-01
0.0000000000000000e+00
-7.8581383286195627e-01
1
1
-1.0073993615042541e+01
3.1706731134959170e+00
3.3182134823916409e-02
-3.1364890545861647e-03
-3.1364890545861634e-03
1.7496970478120745e-02
0
2
4.2666666666666669e-01
2
2.5875160000000002e-03
0.0000000000000000e+00
-9.9999999989986232e-01
1.4151864427819923e-05
0.0000000000000000e+00
-5.1564866055454817e-01
1
1
4.8741375351239086e-01
-6.8611951850124423e-06
3.9231890437878419e-02
5.5520439455714974e-07
5.5520439455714974e-07
7.8463780852185305e-02
0
2
4.1333333333333333e-01
2
2.5321300000000001e-02
0.0000000000000000e+00
-9.9504725273805694e-01
9.9403042299747155e-02
0.0000000000000000e+00
-5.2779136583758335e-01
1
1
4.9664733768487079e-01
-4.7084439389226553e-02
3.7817485338252500e-02
3.7039561995988973e-03
3.7039561995988973e-03
7.4524919328374503e-02
0
2
4.2666666666666669e-01
2
3.7551030000000001e-03
0.0000000000000000e+00
-9.9622919694686363e-01
8.6760516080802846e-02
0.0000000000000000e+00
-4.8563008058407053e-01
1
1
5.1660904099571281e-01
-4.4663891071397080e-02
4.4564878244646895e-02
3.8231140720400426e-03
3.8231140720400426e-03
8.8130903963361443e-02
0
2
4.5333333333333331e-01
2
1.0846070000000000e-03
0.0000000000000000e+00
-9.9966852378697968e-01
2.5745728763443925e-02
0.0000000000000000e+00
-4.9932605847835465e-01
1
1
5.0159349633844541e-01
-1.2890238916181051e-02
4.1866469016580463e-02
1.0768117064731927e-03
1.0768117064731927e-03
8.3649740548801393e-02
0
2
2.8000000000000003e-01
2
-1.1086046764002793e+01
4.1320444173448108e+00
-1.5167879582707697e-01
-9.8842983711361521e-01
0.0000000000000000e+00
-1.3468967584387723e+00
1
1
-1.1057893382001396e+01
4.3155087086724055e+00
1.1367989373427241e-02
-8.6208309116247669e-04
-8.6208309116247658e-04
5.8824302057468927e-03
0
2
4.1333333333333333e-01
2
1.7165940000000001e-02
0.0000000000000000e+00
-9.9999999907373260e-01
-4.3041080136126335e-05
0.0000000000000000e+00
-4.7261757897466838e-01
1
1
5.4613483766733117e-01
2.2767392735106708e-05
4.6701118488827617e-02
-2.0100665777387849e-06
-2.0100665777387849e-06
9.3402236718108947e-02
0
2
4.0000000000000002e-01
2
1.1712260000000000e-03
0.0000000000000000e+00
-9.9999533935428520e-01
3.0530754507642468e-03
0.0000000000000000e+00
-4.7051790091306828e-01
1
1
5.3249816245328596e-01
-1.6221887864625183e-03
4.7119293483931540e-02
1.4385674679090596e-04
1.4385674679090593e-04
9.4237269345215938e-02
0
2
2.5000000000000000e+01
2
0.0000000000000000e+00
0.0000000000000000e+00
0.0000000000000000e+00
0.0000000000000000e+00
0.0000000000000000e+00
-1.0000000000000000e+00
1
1
0.0000000000000000e+00
0.0000000000000000e+00
2.0000000000000000e+00
0.0000000000000000e+00
0.0000000000000000e+00
2.0000000000000000e+00
0
