2
1
1
10
1.0914424292781592e-01
1.2887793944932449e-01
8.0319945327761572e-02
4.5020601421793642e-02
1.2762949592279596e-01
9.9283563123575905e-02
1.4621309785596251e-01
1.1189566281110916e-01
8.2122209726915391e-02
6.9493241432945468e-02
2
1
-2.7468035131916459e+01
-9.4925100067014547e+00
1.8015134471571834e+01
1.4054831005248355e+01
-9.2000146615879519e+00
9.8575795053152966e+00
-9.2000146615879519e+00
1.3882509740508896e+01
-9.2340608804912794e+00
9.8575795053152966e+00
-9.2340608804912794e+00
1.2752298815518465e+01
1
2
1
1.4324456124231773e+01
-7.1340613949523037e+00
1.1391970899396757e+01
4.1240308020124505e+00
-1.8967422364463227e+00
1.5097361734209361e-01
-1.8967422364463227e+00
1.1816055089940766e+01
-3.4102784028039466e+00
1.5097361734209361e-01
-3.4102784028039466e+00
4.7417185117523148e+00
1
2
1
-1.5539411861410915e+01
3.6908762736887151e+00
1.4095295593273057e+01
9.6769682277357809e+00
1.3067715719650252e-01
-6.4213052568813005e+00
1.3067715719650252e-01
3.1338652645047427e+00
-5.8024930760440852e-01
-6.4213052568813005e+00
-5.8024930760440852e-01
1.2547497529958891e+01
1
2
1
-1.1001245300835260e+01
3.8468052408220945e+00
3.7010488430701782e+00
2.2961601133983978e+00
-2.8639443865346526e-01
-9.7694679933592377e-01
-2.8639443865346526e-01
3.0464736833434829e+00
9.5607012950487999e-02
-9.7694679933592377e-01
9.5607012950487999e-02
8.6168567646300609e+00
1
2
1
8.4078233911332578e+00
-1.2963476280171606e+00
1.0207062624435210e+01
1.0876220072800034e+01
-2.6581695639143859e+00
-4.3931465044295703e-01
-2.6581695639143859e+00
3.0109784474398302e+00
1.4093236101189580e-01
-4.3931465044295703e-01
1.4093236101189580e-01
3.1423188340182113e+00
1
2
1
1.4111705082291579e+00
-8.3435147828130038e-02
5.2388845458464361e+00
3.9082479134826995e+00
-1.4244621742319197e-01
3.8329508371108467e+00
-1.4244621742319197e-01
2.0164922099765992e+00
-2.9675202236983839e-01
3.8329508371108467e+00
-2.9675202236983839e-01
1.1460748174233434e+01
1
2
1
-9.8795102134806729e+00
-1.5812243613495932e+01
2.1134775829552659e+01
5.2150650345655293e+01
-6.2190799179374228e+00
-8.1368489977940062e+00
-6.2190799179374228e+00
5.4175957207472170e+00
1.4852909634175713e+00
-8.1368489977940062e+00
1.4852909634175713e+00
5.1822125245004411e+00
1
2
1
7.3962783505486840e+00
-1.5423076269346783e+01
1.7479101909709222e+01
2.2478620090543554e+01
5.6942883551561341e+00
-6.3264474541180755e+00
5.6942883551561341e+00
6.7674277395126516e+00
-1.3745998985895536e+00
-6.3264474541180755e+00
-1.3745998985895536e+00
6.0270414111633785e+00
1
2
1
-2.9624696483480289e+01
-9.4670237601257834e-01
1.3039041834108028e+01
5.7911778760230970e+00
3.0801520141213068e+00
2.9894320377884503e-01
3.0801520141213068e+00
8.4797122942297172e+00
1.5852577346649946e-01
2.9894320377884503e-01
1.5852577346649946e-01
3.4135140129583861e+00
1
2
1
-2.3855380177356668e+01
2.8966688014754900e+00
1.5457231145087198e+01
1.0924163536884253e+01
2.2909145327268647e+00
3.5765686582928158e+00
2.2909145327268647e+00
3.9379747641594922e+00
-2.0380495026229342e-01
3.5765686582928158e+00
-2.0380495026229342e-01
6.4768356609178195e+00
1
