2
12
1
2
6
2
-9.0878225418842504e+00
1.5826950937222071e+01
-5.2476990914562798e+00
-2.7058892568744488e+00
2.8451398452557804e+01
0.0000000000000000e+00
2
2.7283694025255162e+01
2.1222605914076723e+01
1.0564832235071631e+00
7.0763090943040723e+00
3.6834894815009200e+01
0.0000000000000000e+00
2
-1.6716634634574010e+01
4.5919520453585996e+00
-4.1248901409861212e+00
-5.1539490629899820e+00
3.1810608413351940e+01
0.0000000000000000e+00
2
-1.7298543192372051e+00
-7.4134143219466004e+00
4.8125061716624087e+00
-1.2422259335887074e+00
2.5797934673660212e+01
0.0000000000000000e+00
2
-1.2882820705116151e+01
-9.3546555525500192e+00
-4.3602772819280627e-01
-5.7237359162797032e+00
2.7661445118989235e+01
0.0000000000000000e+00
2
2.3527409327238482e+00
4.5938112537976994e-01
-5.3224541238168299e-01
2.7041062152809423e+00
1.4371697226836716e+01
0.0000000000000000e+00
1
2
6
2
-1.9780978001338077e+01
-1.3618022304340299e+01
-7.8489252786123984e+00
-5.7253530489422317e+00
3.5570158458315440e+01
0.0000000000000000e+00
2
-2.2488126626377181e+01
2.1588728792804792e+00
-6.0991759101078813e+00
3.2376094933980637e+00
2.3942876685181751e+01
0.0000000000000000e+00
2
-1.1960668108910010e+01
1.8159334880759246e+01
2.0349319647102386e+00
1.8780554882613578e+00
7.9881305403215379e+01
0.0000000000000000e+00
2
2.2339771448917453e+01
2.6822607962363772e+01
-5.8286792103064367e-01
2.1760134148349564e+00
3.3580503386924327e+01
0.0000000000000000e+00
2
1.2171338030409335e+00
-1.1929821549335719e+01
2.8306010718877870e+00
3.8206746150897497e-01
2.5786619859329406e+01
0.0000000000000000e+00
2
-2.2643030088566501e+01
-4.4694532797065767e+00
-5.1732243845190984e-01
-1.5357495681062347e-01
1.0059283369704615e+03
0.0000000000000000e+00
1
2
3
2
-1.2959803482769548e+01
1.8295388748759787e+01
1.6421240654911615e+00
1.7049232838361521e+00
1.8835757448455883e+01
0.0000000000000000e+00
2
-3.1638993681124612e+00
-1.7280495789254875e+01
2.5274052787124006e+00
-4.4754432965147289e-01
1.8956420154801197e+01
0.0000000000000000e+00
2
-3.0170788741372252e+01
-1.1097561571075580e+01
-2.1253831253374500e-01
-1.6528588650760653e-01
9.9710325159172203e+02
0.0000000000000000e+00
1
2
1
2
1.6381400879630450e+00
-1.6127493735524543e+00
-1.6087644694315790e+00
1.5838290689140109e+00
1.2479951002618368e+01
0.0000000000000000e+00
1
2
1
2
3.6441530767178399e+01
1.2119448091968778e+01
-4.5288651176526541e-03
-2.0389355613233480e-03
9.9333531096254069e+02
0.0000000000000000e+00
1
2
1
2
3.6403544938248132e+01
1.2243551358900666e+01
-4.5377430855805352e-03
-2.0180525955376376e-03
9.9325016209109367e+02
0.0000000000000000e+00
1
2
5
2
-2.3331348840498769e+01
1.0351262440687950e+01
4.3216863232683798e+00
1.8906267235784830e+00
2.1068409669972556e+01
0.0000000000000000e+00
2
-3.1155185627394186e+01
-3.6532440141893796e-01
2.7804895026959899e+00
3.6689185609171262e+00
3.0592385287201445e+01
0.0000000000000000e+00
2
-1.1183288728134904e+01
1.8146850030048945e+01
2.9733578994576675e+00
8.6583770037163710e-01
1.5993147254643972e+01
0.0000000000000000e+00
2
-2.5991481592379365e+01
-1.7459771620157817e+01
-3.1407726021106636e-01
2.1197224288056646e+00
3.3768380825185140e+01
0.0000000000000000e+00
2
3.6342949826352729e+01
1.2241619320551594e+01
-2.4325814902082457e-01
-1.4595566778814509e-01
9.9316479335551674e+02
0.0000000000000000e+00
1
2
1
2
-2.2963498286702613e+01
1.0930689061473771e+01
2.9388125525788746e+00
1.0161118206937596e+00
1.3450907962027905e+01
0.0000000000000000e+00
1
2
1
2
-2.3231738700241941e+01
1.0139867754493672e+01
1.9018531373514291e+00
8.1766311340677400e-01
1.4562474656345726e+01
0.0000000000000000e+00
1
2
5
2
-2.3013002962348750e+01
9.9554635432886354e+00
1.8427984769214112e+00
8.6427389718146430e-01
1.4583962312528019e+01
0.0000000000000000e+00
2
-2.8839917336791924e+01
-3.7513419307647706e+00
-9.1149735776733753e-01
-2.5071993172650131e-01
5.4500787403719031e+01
0.0000000000000000e+00
2
-1.4187693629922094e+01
1.5929849069378992e+01
2.7852436373163005e+00
6.7105844584263985e-01
1.2977203703278965e+01
0.0000000000000000e+00
2
2.5799353257670475e+01
2.9066873642273958e+01
6.3091898497000432e-01
1.2153596359561931e+00
1.9533017915143642e+01
0.0000000000000000e+00
2
1.0881972639879871e+01
3.2374376584327189e+00
6.1265252797448586e-02
-1.4441222826179229e-01
9.8868126045432916e+02
0.0000000000000000e+00
1
2
3
2
-2.3834118381741288e+01
8.8816308156506238e+00
1.7452326346107196e+00
9.5357006478531614e-01
1.6356570616587025e+01
0.0000000000000000e+00
2
-1.4187371078887470e+01
1.5407167125788931e+01
2.4720514790988388e+00
7.1780294500953201e-01
1.1330718079340656e+01
0.0000000000000000e+00
2
-2.9512915647540407e+01
-4.9887749191099440e+00
-4.7925352000549514e-03
-1.2432937239065269e-03
9.9023575899642083e+02
0.0000000000000000e+00
1
2
1
2
-2.3210715426592715e-01
-6.4634391532626800e-01
2.3210715426592715e-01
6.4634391532626800e-01
3.2155876987909700e+01
0.0000000000000000e+00
