2
-1.0000000000000000e-300
215
2
8.9333333333333331e-01
2
-8.1531429045228894e+00
1.4920173447670969e+01
-9.3768989495430277e-01
-3.4747325206494462e-01
2.1108144629434498e+00
-1.0527795129484850e-01
1
1
-5.1842088164846896e+00
1.6020350796587991e+01
2.4397252573728072e+00
-7.0927976647325641e-01
-7.0927976647325652e-01
4.0909518381367427e+00
0
2
8.9333333333333331e-01
2
-1.2874386564097772e+01
1.0701618341569588e+01
-7.4568973316630316e-01
-6.6629334519441785e-01
2.1104593727509249e+00
-1.0529566457967951e-01
1
1
-1.0513764734310332e+01
1.2810895894620279e+01
3.1422593368872818e+00
-1.0812209833117707e+00
-1.0812209833117707e+00
3.3862207068457391e+00
0
2
8.9333333333333331e-01
2
-1.5692802357739499e+01
5.0334803822842993e+00
-4.4523427406960842e-01
-8.9541411715122565e-01
2.1100620188710599e+00
-1.0531549321053467e-01
1
1
-1.4283594460918636e+01
7.8675493619269439e+00
3.9194557704135997e+00
-8.6724099760724593e-01
-8.6724099760724593e-01
2.6065661614027267e+00
0
2
8.9333333333333331e-01
2
-1.6168789211064325e+01
-1.2775319366654903e+00
-7.5208028547130268e-02
-9.9716786572876182e-01
2.1096455725093324e+00
-1.0533628260499628e-01
1
1
-1.5930795784401912e+01
1.8779742228094045e+00
4.3366647288882980e+00
-1.6307534649485456e-01
-1.6307534649485456e-01
2.1867814777820840e+00
0
2
8.9333333333333331e-01
2
-1.4195787502033559e+01
-7.2896960047961743e+00
3.1180756675630578e-01
-9.5014527379422975e-01
2.1092087122362582e+00
-1.0535809990402244e-01
1
1
-1.5182288356548941e+01
-4.2836139707308325e+00
4.1358389718085613e+00
6.4395068490015450e-01
6.4395068490015483e-01
2.3849057958523812e+00
0
2
8.9333333333333331e-01
2
-9.8300999430258518e+00
-1.1825578000565574e+01
6.9346044457649259e-01
-7.2049469936133004e-01
2.0985035234772966e+00
-1.0589556783492644e-01
1
1
-1.2012943722529705e+01
-9.5576370026808739e+00
3.2684828350728159e+00
1.0750006404925463e+00
1.0750006404925463e+00
3.1862384469457528e+00
0
2
8.9333333333333331e-01
2
-3.7196903425352748e+00
-1.3052908198328566e+01
9.8041840122138058e-01
-1.9692576912763857e-01
2.0774836514962667e+00
-1.0696701370534061e-01
1
1
-6.7748951427805633e+00
-1.2439243099447070e+01
2.1904610842189647e+00
4.0712340263782698e-01
4.0712340263782698e-01
4.1355990826173112e+00
0
2
8.9333333333333331e-01
2
1.1822571050788906e+00
-9.3566574031751344e+00
7.9845005340825337e-01
6.0206105355882078e-01
2.0464429497665622e+00
-1.0858950270153933e-01
1
1
-1.2687166187281922e+00
-1.1204782800751850e+01
2.7878246941213369e+00
-9.8361333128216411e-01
-9.8361333128216411e-01
3.3506062211776673e+00
0
2
9.0666666666666662e-01
2
1.9028842387808478e+00
-3.0382779538488514e+00
1.1331788855211367e-01
9.9355878343160486e-01
0.0000000000000000e+00
-7.8624494730017064e-02
1
1
1.5425706719298691e+00
-6.1974676785119929e+00
3.3532344456563372e+00
-1.8998675684424818e-01
-1.8998675684424818e-01
1.7091199269924302e+00
0
2
7.7333333333333332e-01
2
-1.1590503284805949e+01
1.4928680495449958e+01
-8.3759819162078053e-01
-5.4628680140892838e-01
1.7473959715424376e+00
-1.2717336301632040e-01
1
1
-9.3950797260918755e+00
1.6360549529583107e+01
1.9370364402855582e+00
-6.8261516590501314e-01
-6.8261516590501314e-01
2.5384551847381296e+00
0
2
7.7333333333333332e-01
2
-1.5027205390856253e+01
1.0970885235490018e+01
-6.5565069704654855e-01
-7.5506434392200961e-01
1.7472220709041717e+00
-1.2718602055388659e-01
1
1
-1.3308854337831100e+01
1.2949782865469988e+01
2.3418899987947626e+00
-7.3839634345141036e-01
-7.3839634345141025e-01
2.1327108697717581e+00
0
2
7.7333333333333332e-01
2
-1.7225549559830707e+01
6.2130941385526315e+00
-4.1944202680353837e-01
-9.0778212482453058e-01
1.7470385484318136e+00
-1.2719938115944526e-01
1
1
-1.6126377475343482e+01
8.5919896870213250e+00
2.7200878200935867e+00
-5.6779998853108204e-01
-5.6779998853108193e-01
1.7535731030586144e+00
0
2
7.7333333333333332e-01
2
-1.7988394235811104e+01
1.0283754169836794e+00
-1.4556609502323931e-01
-9.8934852907339255e-01
1.7468460538117523e+00
-1.2721339796218231e-01
1
1
-1.7606971897820905e+01
3.6207347777681553e+00
2.9501921888032565e+00
-2.1471166718435483e-01
-2.1471166718435483e-01
1.5224829424579374e+00
0
2
7.7333333333333332e-01
2
-1.7229499966959708e+01
-4.1563103513304060e+00
1.4482903089410271e-01
-9.8945669526779956e-01
1.7466439892756276e+00
-1.2722811493736785e-01
1
1
-1.7608947101385404e+01
-1.5639674671733634e+00
2.9498287440572590e+00
2.1359842071312662e-01
2.1359842071312662e-01
1.5218117032918534e+00
0
2
7.7333333333333332e-01
2
-1.4990292621068333e+01
-8.8929932126616915e+00
4.2738713234392650e-01
-9.0406871370866226e-01
1.7464317293245366e+00
-1.2724357814328682e-01
1
1
-1.6109896294014021e+01
-6.5246517819960488e+00
2.7081723682731433e+00
5.7578844157173392e-01
5.7578844157173403e-01
1.7623813178172336e+00
0
2
7.7333333333333332e-01
2
-1.0539434216465398e+01
-1.0275885299588545e+01
9.5496744092977515e-01
-2.9671061114162467e-01
1.5535812056131431e+00
-1.4303869113460288e-01
1
1
-1.2764863418766865e+01
-9.5844392561251190e+00
1.2830645031266759e+00
3.3413840418346197e-01
3.3413840418346197e-01
2.2546762618080485e+00
0
2
7.7333333333333332e-01
2
-5.8113779028268651e+00
-7.9999931211059110e+00
9.0104482297011756e-01
4.3372598146612040e-01
1.7491014109795420e+00
-1.2704936422055255e-01
1
1
-8.1754060596461322e+00
-9.1379392103472270e+00
1.7759325714297640e+00
-5.8415573958460454e-01
-5.8415573958460454e-01
2.7082993789103926e+00
0
2
7.7333333333333332e-01
2
-1.5425903361829205e+00
-4.9376754291930860e+00
8.1254486686822536e-01
5.8289865270568098e-01
1.7512007606000650e+00
-1.2689705670643711e-01
1
1
-3.6769841195048927e+00
-6.4688342751494989e+00
2.0074245406852662e+00
-7.0965801264662776e-01
-7.0965801264662776e-01
2.4875782204473693e+00
0
2
7.8666666666666663e-01
2
1.2576474342580812e+00
-7.4125766838829543e-01
5.5506049683432690e-01
8.3180998121808447e-01
0.0000000000000000e+00
-9.9109529678780089e-02
1
1
-1.4247145096241964e-01
-2.8394665487906909e+00
1.7967716940837679e+00
-4.9032116529952174e-01
-4.9032116529952174e-01
1.3891672438117262e+00
0
2
7.7333333333333332e-01
2
-1.0787693629714722e+01
1.4449651691679874e+01
-8.5022598228511959e-01
-5.2641787493141190e-01
1.7232306137148004e+00
-1.2895675161154060e-01
1
1
-8.5899904678405381e+00
1.5810360788212620e+01
1.8529082170401641e+00
-6.4936464084211687e-01
-6.4936464084211687e-01
2.4996530325492508e+00
0
2
7.8666666666666663e-01
2
-1.4280827854709521e+01
1.0520231622263125e+01
-6.6439745417784246e-01
-7.4737943702111698e-01
1.7525324151627342e+00
-1.2680063449872761e-01
1
1
-1.2534260742212123e+01
1.2484941656971500e+01
2.3388207784798949e+00
-7.4514030831175559e-01
-7.4514030831175559e-01
2.1630207951286660e+00
0
2
7.8666666666666663e-01
2
-1.6470635803752600e+01
5.7410787989335930e+00
-4.1655455593584723e-01
-9.0911072039058549e-01
1.7523178479574129e+00
-1.2681616093864206e-01
1
1
-1.5375731829231061e+01
8.1306552105983592e+00
2.7401735567096832e+00
-5.6813464104221834e-01
-5.6813464104221834e-01
1.7605657395028906e+00
0
2
7.8666666666666663e-01
2
-1.7139487025891135e+01
5.2753090954847082e-01
-1.2724810255890665e-01
-9.9187091922041859e-01
1.7520921954518092e+00
-1.2683249363194504e-01
1
1
-1.6805061414821868e+01
3.1343048542410319e+00
2.9754342908947424e+00
-1.8930287788836755e-01
-1.8930287788836755e-01
1.5241459259773538e+00
0
2
7.8666666666666663e-01
2
-1.6200345114177075e+01
-4.6434427001315521e+00
1.7869478266469871e-01
-9.8390455565995638e-01
1.7518547505222122e+00
-1.2684968440219130e-01
1
1
-1.6669916070034105e+01
-2.0579558952915407e+00
2.9510268610566510e+00
2.6363184448610544e-01
2.6363184448610544e-01
1.5473338650658086e+00
0
2
7.7333333333333332e-01
2
-1.3770642246351628e+01
-9.2029405344262774e+00
4.7028240614868361e-01
-8.8251598198956416e-01
1.7221587398397360e+00
-1.2903701446412671e-01
1
1
-1.4985493680264351e+01
-6.9231916172789152e+00
2.5776190189596688e+00
6.0140149638426732e-01
6.0140149638426732e-01
1.7695292050201874e+00
0
2
7.8666666666666663e-01
2
-9.3969376263009146e+00
-1.1098939536598456e+01
9.1749997749296486e-01
-3.9773583104921412e-01
1.5889935430849458e+00
-1.3985092840011776e-01
1
1
-1.1583789936326271e+01
-1.0150940035512367e+01
1.4287700276532631e+00
4.5017552340645717e-01
4.5017552340645706e-01
2.2720873894350819e+00
0
2
7.8666666666666663e-01
2
-4.6885461814899498e+00
-8.7580303436706064e+00
8.9543563251742575e-01
4.4519100172635762e-01
1.7527377266913100e+00
-1.2678578137398633e-01
1
1
-7.0427419038954326e+00
-9.9284849401345312e+00
1.7984493709611502e+00
-5.9834470670577089e-01
-5.9834470670577111e-01
2.7044470580180797e+00
0
2
7.8666666666666663e-01
2
-5.4840712800443303e-01
-5.4971777508696489e+00
7.8559083472553415e-01
6.1874634576313936e-01
1.7566986402584404e+00
-1.2649991132772184e-01
1
1
-2.6184766547471914e+00
-7.1276040472701272e+00
2.0849973559613804e+00
-7.3289273913218511e-01
-7.3289273913218511e-01
2.4382737544112971e+00
0
2
7.8666666666666663e-01
2
2.0890120932792287e+00
-1.1802180687646220e+00
5.2134597667782856e-01
8.5334540052773522e-01
0.0000000000000000e+00
-9.8836387569831180e-02
1
1
7.7030248263739787e-01
-3.3386979098171352e+00
1.8454695673692048e+00
-4.7507718495080359e-01
-4.7507718495080342e-01
1.3581028869737697e+00
0
2
7.6000000000000001e-01
2
-9.7160422722102808e+00
1.4873383403230202e+01
-8.7896331743063505e-01
-4.7688938613826642e-01
1.6732985594120482e+00
-1.3280488468256685e-01
1
1
-7.5098901929612065e+00
1.6070350887466287e+01
1.6791060918746110e+00
-5.7341904804640431e-01
-5.7341904804640431e-01
2.4248713295863773e+00
0
2
7.7333333333333332e-01
2
-1.3337049683999821e+01
1.1272351395153020e+01
-7.0905985218302736e-01
-7.0514830072984180e-01
1.7022575271755107e+00
-1.3054559529012444e-01
1
1
-1.1526545978105052e+01
1.3072867399191612e+01
2.1197130695317434e+00
-7.0786545690607872e-01
-7.0786545690607872e-01
2.1275446559450613e+00
0
2
7.7333333333333332e-01
2
-1.5763490219434354e+01
6.7795761922319366e+00
-4.7520075944759449e-01
-8.7987739953952060e-01
1.7020459158182546e+00
-1.3056182571631120e-01
1
1
-1.4550269951717087e+01
9.0259637936924779e+00
2.5111814467091120e+00
-5.9180504892805641e-01
-5.9180504892805641e-01
1.7350203726034938e+00
0
2
7.6000000000000001e-01
2
-1.6758691108182678e+01
1.8611547888942619e+00
-1.9832238390799845e-01
-9.8013684352800878e-01
1.6726988807106382e+00
-1.3285249651617639e-01
1
1
-1.6261090663808517e+01
4.3203654905630993e+00
2.6802572443906540e+00
-2.6572402072857326e-01
-2.6572402072857326e-01
1.4207791276841601e+00
0
2
7.7333333333333332e-01
2
-1.6243057871834854e+01
-3.2175118254592028e+00
1.0100997452024714e-01
-9.9488541302374067e-01
1.7015918107654049e+00
-1.3059666884636856e-01
1
1
-1.6500874490008766e+01
-6.7817851828247044e-01
2.8148572528160640e+00
1.4216246071961577e-01
1.4216246071961577e-01
1.4290790994379556e+00
0
2
7.7333333333333332e-01
2
-1.4207842932857300e+01
-7.8982203829092050e+00
3.9874658657633838e-01
-9.1706115373715336e-01
1.7013436666229782e+00
-1.3061571661374818e-01
1
1
-1.5225450402346077e+01
-5.5578661041842041e+00
2.6036043789073546e+00
5.1714961643042689e-01
5.1714961643042701e-01
1.6390942720926935e+00
0
2
7.6000000000000001e-01
2
-1.0382277077169201e+01
-1.0476997097406628e+01
8.2919831701802538e-01
-5.5895451608737745e-01
1.5378572199091658e+00
-1.4450120553801993e-01
1
1
-1.2295060005013251e+01
-9.1876087401579163e+00
1.5165092534295255e+00
5.3555459136132655e-01
5.3555459136132688e-01
1.9499820921352273e+00
0
2
7.7333333333333332e-01
2
-5.7181021246902448e+00
-8.4193892013254032e+00
9.1492622977844862e-01
4.0362110210368535e-01
1.6992899903373981e+00
-1.3077357218946456e-01
1
1
-8.0501896009297234e+00
-9.4481931493660163e+00
1.6406575259324097e+00
-5.2099286363647224e-01
-5.2099286363647213e-01
2.5918046619614872e+00
0
2
7.7333333333333332e-01
2
-1.6680284739321642e+00
-5.2935368872999282e+00
7.9163951341918670e-01
6.1098844571189159e-01
1.7053526603564473e+00
-1.3030866130397573e-01
1
1
-3.6930652993112045e+00
-6.8564630443126653e+00
1.9513395001193270e+00
-6.8726733116810002e-01
-6.8726733116810002e-01
2.3113774368087094e+00
0
2
7.7333333333333332e-01
2
5.5569427435172702e-01
-1.0053503230869956e+00
4.6035283003663380e-01
8.8773603727530537e-01
0.0000000000000000e+00
-1.0350949334666405e-01
1
1
-5.5616709979021861e-01
-3.1494436051934618e+00
1.7408945071855046e+00
-3.9788844349952945e-01
-3.9788844349952940e-01
1.1799464684146608e+00
0
2
7.6000000000000001e-01
2
-9.4302650203760390e+00
1.4811340334616009e+01
-8.9058446008356851e-01
-4.5481789702875464e-01
1.7281991526343652e+00
-1.2858600346116342e-01
1
1
-7.1216040564774037e+00
1.5990364190988066e+01
1.7610880003293807e+00
-5.9106748345444071e-01
-5.9106748345444049e-01
2.6166086506459347e+00
0
2
7.7333333333333332e-01
2
-1.3213990599993195e+01
1.1136930230869156e+01
-7.1739393907076809e-01
-6.9666773729269749e-01
1.7580882569290410e+00
-1.2639992409163303e-01
1
1
-1.1322127810184618e+01
1.2974135282742584e+01
2.2430853157502582e+00
-7.5474732409740797e-01
-7.5474732409740808e-01
2.2873447903410611e+00
0
2
7.6000000000000001e-01
2
-1.5684247656766265e+01
6.5800297745405958e+00
-4.7657189315021159e-01
-8.7913550187625977e-01
1.7277960172628595e+00
-1.2861600559437700e-01
1
1
-1.4449119128379731e+01
8.8584800027048765e+00
2.5858356771071138e+00
-6.1109117875319041e-01
-6.1109117875319041e-01
1.7898188498156293e+00
0
2
7.7333333333333332e-01
2
-1.6672466498888447e+01
1.4005394357385572e+00
-1.8741392641881638e-01
-9.8228102912775550e-01
1.7576403579063025e+00
-1.2643213455051341e-01
1
1
-1.6178357077827357e+01
3.9902846051395766e+00
2.9657327858172833e+00
-2.7786540663403014e-01
-2.7786540663403014e-01
1.5623892259814027e+00
0
2
7.7333333333333332e-01
2
-1.6002082505126939e+01
-3.8288578043134600e+00
1.2715469640688667e-01
-9.9188289791772910e-01
1.7573973873428503e+00
-1.2644961453949682e-01
1
1
-1.6337274502007695e+01
-1.2141591842874515e+00
2.9935161709874731e+00
1.9031349902214778e-01
1.9031349902214781e-01
1.5333540212253054e+00
0
2
7.6000000000000001e-01
2
-1.3766805082963105e+01
-8.5032169377854654e+00
4.3141063015691872e-01
-9.0215567846553513e-01
1.7271073589067474e+00
-1.2866728931251162e-01
1
1
-1.4884443794045023e+01
-6.1660373710494625e+00
2.6435359500689910e+00
5.6721516318367204e-01
5.6721516318367204e-01
1.7286312085506421e+00
0
2
7.7333333333333332e-01
2
-9.6659707281965161e+00
-1.1166682402736276e+01
8.3863763903664867e-01
-5.4468973773244123e-01
1.6299587823084343e+00
-1.3633609919110923e-01
1
1
-1.1716387905579811e+01
-9.8349496702608707e+00
1.6831592383676859e+00
5.9294392173810162e-01
5.9294392173810162e-01
2.2109787178644100e+00
0
2
7.6000000000000001e-01
2
-5.0513749476156233e+00
-8.8341509887088066e+00
8.9246659656960226e-01
4.5111348240489418e-01
1.7235363199467399e+00
-1.2893387835835643e-01
1
1
-7.3586728379060702e+00
-1.0000416695722542e+01
1.7467269673824897e+00
-5.8432637592817160e-01
-5.8432637592817149e-01
2.6073787337910082e+00
0
2
7.7333333333333332e-01
2
-1.0722190197095478e+00
-5.3540979384233367e+00
7.5273683019717996e-01
6.5832155096480161e-01
1.7620837138453522e+00
-1.2611331713478702e-01
1
1
-3.0617969836625853e+00
-7.0941244635660716e+00
2.1744701469484440e+00
-7.5174603571680343e-01
-7.5174603571680343e-01
2.3765752003684222e+00
0
2
7.7333333333333332e-01
2
1.0471705325035368e+00
-8.6870224037096411e-01
4.2721825919630707e-01
9.0414852707355386e-01
0.0000000000000000e+00
-1.0078804501753871e-01
1
1
-1.2524243603005525e-02
-3.1114000893971503e+00
1.8663784479803791e+00
-3.9666014482979373e-01
-3.9666014482979384e-01
1.2143274189202247e+00
0
2
7.6000000000000001e-01
2
-9.8140612934869580e+00
1.4808082744343796e+01
-8.7323481922781554e-01
-4.8729965163969124e-01
1.6174581609807355e+00
-1.3738978081972716e-01
1
1
-7.6954301162681062e+00
1.5990362941925328e+01
1.5817376344600143e+00
-5.4391381548199180e-01
-5.4391381548199180e-01
2.2528988455906171e+00
0
2
7.7333333333333332e-01
2
-1.3306413617555956e+01
1.1319287919531508e+01
-7.0746702149199625e-01
-7.0674635726068180e-01
1.6454723767919159e+00
-1.3505071574369196e-01
1
1
-1.1560237455521456e+01
1.3063685331937652e+01
1.9836348027854740e+00
-6.6143596341482680e-01
-6.6143596341482680e-01
1.9849830388326830e+00
0
2
7.6000000000000001e-01
2
-1.5655071119989675e+01
7.0743877492118656e+00
-4.8412686035490438e-01
-8.7499781890179751e-01
1.6171088577292612e+00
-1.3741945766982314e-01
1
1
-1.4480742368772816e+01
9.1968378343716868e+00
2.2558638061918681e+00
-5.4122954361372111e-01
-5.4122954361372100e-01
1.5771166107959358e+00
0
2
7.7333333333333332e-01
2
-1.6732217466561881e+01
2.2580853831264691e+00
-2.1825424589381434e-01
-9.7589194286525516e-01
1.6450941456846657e+00
-1.3508176587044896e-01
1
1
-1.6193644293275778e+01
4.6662365661691672e+00
2.5815430969165289e+00
-2.8163250694842840e-01
-2.8163250694842834e-01
1.3852504877597953e+00
0
2
7.7333333333333332e-01
2
-1.6373275043763016e+01
-2.6635072951396559e+00
7.2738971344154288e-02
-9.9735101245639401e-01
1.6448881810576212e+00
-1.3509868012993992e-01
1
1
-1.6552746255162447e+01
-2.0271095600659339e-01
2.6368726172270822e+00
9.5901363501235709e-02
9.5901363501235709e-02
1.3289277501087480e+00
0
2
7.6000000000000001e-01
2
-1.4627522594145042e+01
-7.1879658377474858e+00
3.5998051072593751e-01
-9.3295982330296146e-01
1.6165249669558368e+00
-1.3746909374415697e-01
1
1
-1.5500398818954029e+01
-4.9257365664435708e+00
2.3880280231957780e+00
4.2878896245708775e-01
4.2878896245708781e-01
1.4421849389682890e+00
0
2
7.7333333333333332e-01
2
-1.0927246486902014e+01
-9.5835836801330441e+00
8.3943339249615656e-01
-5.4346258340606468e-01
1.4693546624506679e+00
-1.5123797399028779e-01
1
1
-1.2777384540523528e+01
-8.3857747589402649e+00
1.3663997174267937e+00
4.8122257735641116e-01
4.8122257735641111e-01
1.7981458908513896e+00
0
2
7.6000000000000001e-01
2
-6.4668412665372434e+00
-7.6727375420299833e+00
9.1920143713270852e-01
3.9378765594310228e-01
1.6174928367816890e+00
-1.3738683545849625e-01
1
1
-8.6970438767196292e+00
-8.6281606110815137e+00
1.4764861860924057e+00
-4.6269452297559421e-01
-4.6269452297559410e-01
2.3583147130694502e+00
0
2
7.7333333333333332e-01
2
-2.3482823001135356e+00
-4.9302157711193937e+00
8.3234718322224222e-01
5.5425460447523500e-01
1.6493754246794172e+00
-1.3473113452349075e-01
1
1
-4.4075617833253897e+00
-6.3014766565746889e+00
1.7374699519861019e+00
-6.1318242182251237e-01
-6.1318242182251237e-01
2.2499972807652036e+00
0
2
7.7333333333333332e-01
2
5.8762170161374183e-01
-1.1981023145837038e+00
6.1828097244097968e-01
7.8595714839769504e-01
0.0000000000000000e+00
-1.0529652401393695e-01
1
1
-8.8033029924989692e-01
-3.0641590428515486e+00
1.5220349601281877e+00
-4.5719734907019738e-01
-4.5719734907019727e-01
1.3005057120055739e+00
0
2
7.1999999999999997e-01
2
-9.1500919883355269e+00
1.4793208832004405e+01
-8.8506972450566745e-01
-4.6545846513245603e-01
1.5925883703655082e+00
-1.3953525365202876e-01
1
1
-7.0357643630200322e+00
1.5905134439691597e+01
1.5076833517160444e+00
-5.1050774123005027e-01
-5.1050774123005038e-01
2.2099381261392907e+00
0
2
7.3333333333333328e-01
2
-1.2670703327932806e+01
1.1435395920592338e+01
-7.2363991890984669e-01
-6.9017770737698447e-01
1.6217141737661598e+00
-1.3702921625587597e-01
1
1
-1.0910397658134166e+01
1.3114302376298372e+01
1.8970264881261023e+00
-6.4175447023284216e-01
-6.4175447023284216e-01
1.9578166767201366e+00
0
2
7.3333333333333328e-01
2
-1.5103333552627481e+01
7.2228230424320596e+00
-5.0007710847946485e-01
-8.6598088060581202e-01
1.6215034198034870e+00
-1.3704702654845699e-01
1
1
-1.3887018440280144e+01
9.3291094815121980e+00
2.2479750283558935e+00
-5.5631125958828009e-01
-5.5631125958828009e-01
1.6058662698293258e+00
0
2
7.1999999999999997e-01
2
-1.6217390923351598e+01
2.5785402581812740e+00
-2.3326000641662009e-01
-9.7241440209743835e-01
1.5920108320874145e+00
-1.3958587325115659e-01
1
1
-1.5660362237989538e+01
4.9006816503066668e+00
2.4092404402595924e+00
-2.8087981869075979e-01
-2.8087981869075968e-01
1.3056852005056327e+00
0
2
7.3333333333333328e-01
2
-1.5932931700203669e+01
-2.2762760623769576e+00
5.8492878136729584e-02
-9.9828782583345266e-01
1.6210476227150998e+00
-1.3708556066355487e-01
1
1
-1.6075161311777634e+01
1.5113209790215820e-01
2.5633906107326423e+00
7.4969937228039643e-02
7.4969937228039685e-02
1.2882843981440533e+00
0
2
7.3333333333333328e-01
2
-1.4214764605320251e+01
-6.8249822477088307e+00
3.5335863068503570e-01
-9.3548793584973433e-01
1.6207963106797076e+00
-1.3710681641978176e-01
1
1
-1.5073848152761961e+01
-4.5506291550428939e+00
2.4067272378871238e+00
4.2427516119325592e-01
4.2427516119325609e-01
1.4437536083506566e+00
0
2
7.1999999999999997e-01
2
-1.0820851361237340e+01
-9.5160201399337403e+00
7.8357482827147240e-01
-6.2129742354152118e-01
1.4437732988308287e+00
-1.5391767004014992e-01
1
1
-1.2517807983278797e+01
-8.1705011938212859e+00
1.4115665617666491e+00
4.9580953438702641e-01
4.9580953438702652e-01
1.6437491955368622e+00
0
2
7.3333333333333328e-01
2
-6.4423804236518780e+00
-7.3980858987242071e+00
9.0021411814347008e-01
4.3544751864624781e-01
1.6212701879619749e+00
-1.3706674178815792e-01
1
1
-8.6316158924446089e+00
-8.4570530193289741e+00
1.5277556265500889e+00
-5.0341861149173583e-01
-5.0341861149173583e-01
2.3249771030698430e+00
0
2
7.3333333333333328e-01
2
-2.4921411645177951e+00
-4.5361305993192937e+00
8.0980213762608100e-01
5.8670307472880157e-01
1.6260100566928326e+00
-1.3666718807028996e-01
1
1
-4.4672607940848366e+00
-5.9671082490217504e+00
1.7364160923579948e+00
-6.1373454861638443e-01
-6.1373454861638443e-01
2.1388769010361028e+00
0
2
7.3333333333333328e-01
2
4.6931060374927047e-01
-8.6269087878079631e-01
6.2762407672952158e-01
7.7851654979802176e-01
0.0000000000000000e+00
-1.0596560839766514e-01
1
1
-1.0114152803842624e+00
-2.6994107390500450e+00
1.4920607080072059e+00
-4.5392551647753016e-01
-4.5392551647753016e-01
1.2949485175103919e+00
0
2
8.2666666666666666e-01
2
3.3122271950157590e+01
8.4640554134614625e+00
-2.7409416647760537e-01
9.6170285842506820e-01
1.6931116152880219e+00
-1.3125078123359230e-01
1
1
3.3818379975576477e+01
6.0216499933787002e+00
2.6959383375075094e+00
3.6918896492017450e-01
3.6918896492017439e-01
1.5058025484604189e+00
0
2
8.2666666666666666e-01
2
3.1025221200574606e+01
1.3090134109624428e+01
-4.1287065822216323e-01
9.1078966813375617e-01
1.6930651345815044e+00
-1.3125438453798871e-01
1
1
3.2073746575366101e+01
1.0777094761542944e+01
2.5622739305119251e+00
5.2664295811127071e-01
5.2664295811127071e-01
1.6392362592603640e+00
0
2
8.2666666666666666e-01
2
2.8259586132056011e+01
1.7350182247170359e+01
-5.4451819641434096e-01
8.3874902907465299e-01
1.6930166195426439e+00
-1.3125814576011308e-01
1
1
2.9642403666315310e+01
1.5220158178397394e+01
2.3856207168165775e+00
6.3959300345848380e-01
6.3959300345848402e-01
1.8156486865790036e+00
0
2
8.2666666666666666e-01
2
2.4907506083006798e+01
2.1168512214008995e+01
-6.5973449940448725e-01
7.5149876267064530e-01
1.6936510328902439e+00
-1.3120897865423692e-01
1
1
2.6583546107531404e+01
1.9259347230589675e+01
2.1929552272280599e+00
6.9483575989604129e-01
6.9483575989604152e-01
2.0114633960142898e+00
0
2
8.2666666666666666e-01
2
2.0854920025879888e+01
2.4138492543436989e+01
-8.0658682213194421e-01
5.9111563874007877e-01
1.6747881095698391e+00
-1.3268676852458602e-01
1
1
2.2881213054443343e+01
2.2653502378722990e+01
1.8492812800081566e+00
6.5340152409582353e-01
6.5340152409582353e-01
2.2620060158041571e+00
0
2
8.2666666666666666e-01
2
1.7392469061549750e+01
2.1061695193157448e+01
-7.4750974009555460e-01
-6.6425084754351382e-01
1.5439936893609487e+00
-1.4392689798764582e-01
1
1
1.9123694543714819e+01
2.2600093868297218e+01
1.6786529759448214e+00
-5.7833150145774859e-01
-5.7833150145774859e-01
1.8155580545766994e+00
0
2
8.2666666666666666e-01
2
1.6019428422198963e+01
1.6172285317543821e+01
-2.7036128745672322e-01
-9.6275893880282559e-01
0.0000000000000000e+00
-9.8453490635411200e-02
1
1
1.6705948741874359e+01
1.8616990255350636e+01
2.0736957579425841e+00
-2.8012176358871449e-01
-2.8012176358871455e-01
1.1548432736585650e+00
0
2
8.2666666666666666e-01
2
3.5870683488935640e+01
9.4869969800737586e+00
-3.1697285977439732e-01
9.4843460827114501e-01
1.6162317931273491e+00
-1.3749402973457808e-01
1
1
3.6639135909224457e+01
7.1876617286885969e+00
2.4243195946899014e+00
3.8368391777538846e-01
3.8368391777538846e-01
1.4045041945328607e+00
0
2
8.3999999999999997e-01
2
3.3713171382640958e+01
1.3916128527202785e+01
-4.3792514285551343e-01
8.9901144000228272e-01
1.6422229091685345e+00
-1.3531794068975356e-01
1
1
3.4791927435788295e+01
1.1701562753638271e+01
2.3826085269277777e+00
5.1875959776567082e-01
5.1875959776567082e-01
1.5703503926632396e+00
0
2
8.3999999999999997e-01
2
3.0983048438941186e+01
1.8017010607045400e+01
-5.5416630163084202e-01
8.3240597675460892e-01
1.6421802959781582e+00
-1.3532145207591623e-01
1
1
3.2348109910791074e+01
1.5966569567124093e+01
2.2305385737035781e+00
6.0779036405922504e-01
6.0779036405922504e-01
1.7222152019882020e+00
0
2
8.3999999999999997e-01
2
2.7684053045029426e+01
2.1669163202357897e+01
-6.7031724456774222e-01
7.4207465368055092e-01
1.6405144582145503e+00
-1.3545886237667012e-01
1
1
2.9333550741985306e+01
1.9843086904701650e+01
2.0390021568707626e+00
6.5407108224023569e-01
6.5407108224023558e-01
1.9057362909389206e+00
0
2
8.3999999999999997e-01
2
2.3142108882053890e+01
2.3363583154474487e+01
-9.3692524740628558e-01
3.4952979954886632e-01
1.6159041416054332e+00
-1.3752190894284119e-01
1
1
2.5413080963541660e+01
2.2516373178416192e+01
1.4316178155634660e+00
4.1778916415300560e-01
4.1778916415300560e-01
2.3956537299955030e+00
0
2
8.3999999999999997e-01
2
1.8681324484201454e+01
2.1630192664498843e+01
-9.3210056396326801e-01
-3.6219958401323099e-01
1.5952443224528239e+00
-1.3930293880033168e-01
1
1
2.0911716683127672e+01
2.2496887909486667e+01
1.4064563077618857e+00
-4.1976088509148618e-01
-4.1976088509148629e-01
2.3235752290553946e+00
0
2
8.3999999999999997e-01
2
1.6765230544971043e+01
1.7180942870651911e+01
-3.9553579519059318e-01
-9.1845056193730157e-01
0.0000000000000000e+00
-1.0321409276766937e-01
1
1
1.7723277514586250e+01
1.9405567767575377e+01
1.8051956704363721e+00
-3.5572189808864318e-01
-3.5572189808864302e-01
1.1323882283947384e+00
0
2
2.1333333333333335e-01
2
4.6056993965175579e+01
-5.0001891023998715e+00
-9.7371389737729919e-01
-2.2777455093646973e-01
0.0000000000000000e+00
-4.1211006008007106e-01
1
1
4.6647681982587791e+01
-4.8620133011999354e+00
6.4608149634417175e-02
-1.3622510727286279e-02
-1.3622510727286279e-02
1.1965642360548259e-01
0
2
7.4666666666666670e-01
2
3.6740691810383218e+01
8.5174553090682785e+00
-2.9648496624836085e-01
9.5503752009473863e-01
1.4213451777568036e+00
-1.5634641443884723e-01
1
1
3.7372803025964963e+01
6.4812983484230688e+00
1.8873211140116131e+00
2.7948536091560677e-01
2.7948536091560677e-01
1.0738070790865637e+00
0
2
7.6000000000000001e-01
2
3.4994023640711319e+01
1.2490488186494378e+01
-4.0245554024973124e-01
9.1543953275041445e-01
1.4466758809250986e+00
-1.5360885264785018e-01
1
1
3.5867357725547265e+01
1.0503971747781328e+01
1.8794544385406939e+00
3.7672712320028773e-01
3.7672712320028773e-01
1.1881585669511261e+00
0
2
7.6000000000000001e-01
2
3.2799659228695326e+01
1.6234813293126670e+01
-5.0561921241394192e-01
8.6275675137196428e-01
1.4466515236104227e+00
-1.5361143896466520e-01
1
1
3.3896841434703319e+01
1.4362650739810524e+01
1.7836027146728914e+00
4.4604289468017522e-01
4.4604289468017527e-01
1.2839069944451480e+00
0
2
7.6000000000000001e-01
2
3.0180930958404247e+01
1.9695565206808133e+01
-6.0341056478075172e-01
7.9743068056789390e-01
1.4466260194624367e+00
-1.5361414714827229e-01
1
1
3.1490295093549786e+01
1.7965189249967402e+01
1.6726496592606712e+00
4.9198881402887179e-01
4.9198881402887173e-01
1.3947518917686186e+00
0
2
7.4666666666666670e-01
2
2.6363629035216746e+01
2.1283607107522052e+01
-9.2329150560987061e-01
3.8409998134425671e-01
1.3781497681551182e+00
-1.6124678707431300e-01
1
1
2.8272279996810497e+01
2.0489586157165093e+01
1.0648655390250470e+00
3.2908856550742738e-01
3.2908856550742727e-01
1.7190170908510558e+00
0
2
7.6000000000000001e-01
2
2.2080939909164179e+01
2.0710303974416146e+01
-9.9115870159061792e-01
-1.3268168020190504e-01
1.4402971388200092e+00
-1.5428915064309714e-01
1
1
2.4222284472190463e+01
2.0996955540969097e+01
1.0313831165824003e+00
-1.3328927026166582e-01
-1.3328927026166582e-01
2.0092378396709356e+00
0
2
7.6000000000000001e-01
2
1.8257762691397996e+01
1.8711127951092756e+01
-8.8615910670224929e-01
-4.6338109327924865e-01
1.4381078931351079e+00
-1.5452402652333194e-01
1
1
2.0169351300281086e+01
1.9710715962754449e+01
1.2274298597966644e+00
-4.1492517746303559e-01
-4.1492517746303559e-01
1.8039546589521918e+00
0
2
7.6000000000000001e-01
2
1.6160291048744671e+01
1.5038458397959296e+01
-4.9592562929481909e-01
-8.6836499826313673e-01
0.0000000000000000e+00
-1.1821986510088586e-01
1
1
1.7209026870071334e+01
1.6874793174526026e+01
1.3092120606766739e+00
-3.2142893360906255e-01
-3.2142893360906261e-01
9.2995944709132261e-01
0
2
7.8666666666666663e-01
2
3.2671398487831112e+01
9.9107442131859536e+00
-3.8296871160364160e-01
9.2376131437327824e-01
1.5609243236047408e+00
-1.4236578856624543e-01
1
1
3.3568076253513652e+01
7.7478619559704498e+00
2.2062486123831979e+00
4.2113718961686653e-01
4.2113718961686641e-01
1.3650139811646804e+00
0
2
7.8666666666666663e-01
2
3.0310590260145343e+01
1.3954686907210316e+01
-5.0416444044988307e-01
8.6360767538614214e-01
1.5608718361672764e+00
-1.4237057590063856e-01
1
1
3.1490994373988229e+01
1.1932715560198135e+01
2.0781186670086851e+00
5.1827472160478150e-01
5.1827472160478150e-01
1.4929037569580155e+00
0
2
8.0000000000000004e-01
2
2.7360741093472591e+01
1.7692600920390323e+01
-6.1949736236764952e-01
7.8499873759103911e-01
1.5872271865687797e+00
-1.4000656245223198e-01
1
1
2.8835665676808965e+01
1.5823643913800320e+01
1.9893734089064994e+00
5.9858170770879027e-01
5.9858170770879027e-01
1.7032606893460218e+00
0
2
7.8666666666666663e-01
2
2.3180654865009746e+01
1.9595405354285756e+01
-9.1013952911022789e-01
4.1430186766536864e-01
1.5309323807927147e+00
-1.4515482526220788e-01
1
1
2.5270697979241170e+01
1.8644003137338039e+01
1.3416686738248180e+00
4.3179113302832983e-01
4.3179113302832983e-01
2.0936743329142868e+00
0
2
7.8666666666666663e-01
2
1.8960602414320011e+01
1.8017881452776169e+01
-9.3669323382433323e-01
-3.5015108982796694e-01
1.5017554300960394e+00
-1.4797497499843285e-01
1
1
2.1070628639664879e+01
1.8806643403530963e+01
1.2369795841405751e+00
-3.6139997751021108e-01
-3.6139997751021108e-01
2.0686676872943175e+00
0
2
8.0000000000000004e-01
2
1.7367994341405566e+01
1.3607330461521851e+01
-3.3962731599398882e-01
-9.4056009177017474e-01
0.0000000000000000e+00
-1.0662614417509415e-01
1
1
1.8164298377862789e+01
1.5812605957149010e+01
1.7292233076312258e+00
-2.9309524655632735e-01
-2.9309524655632746e-01
1.0233625185230089e+00
0
2
7.7333333333333332e-01
2
3.7805263478123649e+01
1.0215802791310843e+01
-3.6969334358257072e-01
9.2915382564500026e-01
1.4309952876933336e+00
-1.5529207128307829e-01
1
1
3.8598807626961026e+01
8.2213806722505005e+00
1.8642419601060383e+00
3.4367068728700989e-01
3.4367068728701000e-01
1.1372314181221794e+00
0
2
7.8666666666666663e-01
2
3.5758753399490637e+01
1.4073415784494774e+01
-4.6864672245278649e-01
8.8338567428629999e-01
1.4556167653124448e+00
-1.5266533576543609e-01
1
1
3.6782008438807139e+01
1.2144609287902808e+01
1.8430675817154920e+00
4.2857503366744093e-01
4.2857503366744076e-01
1.2625801039796030e+00
0
2
7.7333333333333332e-01
2
3.3338785585607944e+01
1.7619135324749546e+01
-5.6372346547854035e-01
8.2596359149109277e-01
1.4309426294258192e+00
-1.5529778598558575e-01
1
1
3.4548769492549290e+01
1.5846275554622160e+01
1.6829181704750458e+00
4.6580944991886558e-01
4.6580944991886558e-01
1.3183343132730685e+00
0
2
7.8666666666666663e-01
2
3.0485284042493191e+01
2.0924487964018457e+01
-6.5347279021239668e-01
7.5695000657376632e-01
1.4555574390925985e+00
-1.5267155816314373e-01
1
1
3.1912034814050568e+01
1.9271811644384002e+01
1.6282342446138507e+00
5.1202390333966308e-01
5.1202390333966308e-01
1.4771602939794630e+00
0
2
7.8666666666666663e-01
2
2.6692927963451311e+01
2.2765875867793277e+01
-8.9956535329179621e-01
4.3678618929289176e-01
1.4052549805171433e+00
-1.5813658396744698e-01
1
1
2.8589106002972251e+01
2.1845181915905869e+01
1.1488925815909610e+00
3.7909557783564790e-01
3.7909557783564801e-01
1.7455727678911430e+00
0
2
7.7333333333333332e-01
2
2.2459776411523624e+01
2.2192690069692443e+01
-9.9095703251704625e-01
-1.3417958005974556e-01
1.4239270432595232e+00
-1.5606292701171803e-01
1
1
2.4576352187487466e+01
2.2479282968742858e+01
1.0084673980344385e+00
-1.3172055824104373e-01
-1.3172055824104373e-01
1.9634283110950763e+00
0
2
7.8666666666666663e-01
2
1.8687077939908232e+01
2.0060448191686117e+01
-8.7057795330653853e-01
-4.9203051451774649e-01
1.4445187273911242e+00
-1.5383824245987246e-01
1
1
2.0573427175715928e+01
2.1126569130689280e+01
1.2663030717817063e+00
-4.3669969563474470e-01
-4.3669969563474476e-01
1.7921684546115679e+00
0
2
7.8666666666666663e-01
2
1.6723486102023941e+01
1.6260114694700597e+01
-4.5903595681372061e-01
-8.8841768912607322e-01
0.0000000000000000e+00
-1.1688680609619913e-01
1
1
1.7705282020966088e+01
1.8160281443193355e+01
1.3661418683612918e+00
-3.1137227706375237e-01
-3.1137227706375231e-01
9.2439504255329585e-01
0
2
7.1999999999999997e-01
2
3.6060535270115011e+01
1.1876144489635781e+01
-4.1541064054476540e-01
9.0963399217607721e-01
1.4127781432203759e+00
-1.5729449332764653e-01
1
1
3.6940859880249242e+01
9.9484779559207972e+00
1.7820770173896654e+00
3.6849285069306109e-01
3.6849285069306098e-01
1.1434628669409022e+00
0
2
7.3333333333333328e-01
2
3.3842574860500413e+01
1.5579416569508167e+01
-5.1381375497555970e-01
8.5790175731135743e-01
1.4388873971919378e+00
-1.5444031454851889e-01
1
1
3.4951555065307716e+01
1.3727780529571973e+01
1.7560586942131537e+00
4.4589616276177313e-01
4.4589616276177302e-01
1.2786129449928376e+00
0
2
7.3333333333333328e-01
2
3.1216580289080408e+01
1.9005340014126375e+01
-6.0835176885556563e-01
7.9366751560732562e-01
1.4388575304931657e+00
-1.5444352030187181e-01
1
1
3.2529577574790409e+01
1.7292378291817272e+01
1.6486768761717594e+00
4.8838891964519415e-01
4.8838891964519399e-01
1.3858687841935784e+00
0
2
7.3333333333333328e-01
2
2.7703458149390563e+01
2.1295188420583152e+01
-8.3775439950920194e-01
5.4604721966417580e-01
1.3978329614455047e+00
-1.5897623561002699e-01
1
1
2.9460019219235484e+01
2.0150264217354763e+01
1.2393048299791565e+00
4.3671117506869950e-01
4.3671117506869933e-01
1.6246663452508885e+00
0
2
7.3333333333333328e-01
2
2.3420645457783387e+01
2.1100114985724144e+01
-9.9896430232818234e-01
-4.5500798608020240e-02
1.4290843298489810e+00
-1.5549972634974285e-01
1
1
2.5562051803586975e+01
2.1197651703153646e+01
9.9988660014173691e-01
-4.5354620397720903e-02
-4.5354620397720903e-02
1.9935757672705519e+00
0
2
7.3333333333333328e-01
2
1.9639437489043608e+01
1.9109095515150269e+01
-8.8483043993827315e-01
-4.6591318135318088e-01
1.4244567087164406e+00
-1.5600489706876650e-01
1
1
2.1530041473413497e+01
2.0104605250437206e+01
1.2065705429788007e+00
-4.0869600818208807e-01
-4.0869600818208807e-01
1.7675365199853479e+00
0
2
7.3333333333333328e-01
2
1.7702737057154092e+01
1.5342715777826848e+01
-4.5729295190555330e-01
-8.8931611710207159e-01
0.0000000000000000e+00
-1.1805980532038232e-01
1
1
1.8671087273098848e+01
1.7225905646488560e+01
1.3403250975517707e+00
-3.0436420037965078e-01
-3.0436420037965067e-01
9.0492204706237978e-01
0
2
7.1999999999999997e-01
2
3.6195546315655534e+01
1.0539778824475492e+01
-3.7332705809237499e-01
9.2769979395065749e-01
1.3231404754105207e+00
-1.6795058903573715e-01
1
1
3.6936492527347468e+01
8.6985631048663201e+00
1.5915051224800552e+00
2.9624134554309456e-01
2.9624134554309456e-01
9.7457373389431257e-01
0
2
7.1999999999999997e-01
2
3.4338844140103816e+01
1.4048131144301008e+01
-4.6775768156998870e-01
8.8385674819637428e-01
1.3231225259767374e+00
-1.6795286744753768e-01
1
1
3.5267195227879675e+01
1.2293954984388250e+01
1.5235275698463200e+00
3.5362240274212070e-01
3.5362240274212070e-01
1.0424816652732329e+00
0
2
7.1999999999999997e-01
2
3.2121992369026891e+01
1.7340694496508839e+01
-5.5849831432872488e-01
8.2950565573236013e-01
1.3231026332588685e+00
-1.6795539260236977e-01
1
1
3.3230418254565350e+01
1.5694412820404924e+01
1.4438325597854322e+00
3.9624620827985635e-01
3.9624620827985624e-01
1.1220995176816064e+00
0
2
7.1999999999999997e-01
2
2.9376553007467390e+01
2.0132460933765980e+01
-7.0116622691556418e-01
7.1299784167484792e-01
1.3051776008649243e+00
-1.7026205634770195e-01
1
1
3.0749272688247139e+01
1.8736577715137408e+01
1.2554018654268968e+00
4.1608806816994764e-01
4.1608806816994781e-01
1.2414760743141333e+00
0
2
7.1999999999999997e-01
2
2.5443828716907255e+01
2.0304149351970246e+01
-9.9904842119665394e-01
4.3614815194759599e-02
1.3121567173722977e+00
-1.6935646426993933e-01
1
1
2.7410190862187321e+01
2.0218305142868111e+01
8.4281761283712076e-01
3.6654628678770972e-02
3.6654628678770985e-02
1.6808346029358299e+00
0
2
7.1999999999999997e-01
2
2.1618482038538243e+01
1.9273449007286878e+01
-9.6556509216254593e-01
-2.6016158978053305e-01
1.3205899527710772e+00
-1.6827496056282987e-01
1
1
2.3531155377722747e+01
1.9788799179628562e+01
9.0973639051159316e-01
-2.1404128298693581e-01
-2.1404128298693581e-01
1.6464591098190122e+00
0
2
7.1999999999999997e-01
2
1.8214796212442032e+01
1.7263242936496329e+01
-8.6104426336546558e-01
-5.0853001536332409e-01
1.3176580929736845e+00
-1.6864938135864382e-01
1
1
1.9916639125490136e+01
1.8268345971891605e+01
1.0676551192773576e+00
-3.7143632234811153e-01
-3.7143632234811153e-01
1.4772028911859425e+00
0
2
7.1999999999999997e-01
2
1.6281867158247131e+01
1.3903349907136654e+01
-4.9866316343410488e-01
-8.6679585222466959e-01
0.0000000000000000e+00
-1.2899158465022065e-01
1
1
1.7248331685344581e+01
1.5583296421816492e+01
1.0979776671937307e+00
-2.7098695170327913e-01
-2.7098695170327908e-01
7.8283491783729309e-01
0
2
9.0666666666666662e-01
2
-2.4439223395321829e+01
2.1902999462605205e+01
8.8798955994078166e-01
4.5986361177655383e-01
2.1479415083947453e+00
-1.0345822796091828e-01
1
1
-2.7300247847548810e+01
2.0421359252702423e+01
2.7308385643828057e+00
-9.2048908047576183e-01
-9.2048908047576217e-01
4.0315946630099582e+00
0
2
9.0666666666666662e-01
2
-1.8199149636465819e+01
2.3495521425816406e+01
9.6894332549876183e-01
2.4728289866345540e-01
2.1466937555038603e+00
-1.0351836243640791e-01
1
1
-2.1319186515893826e+01
2.2699260444210807e+01
2.3892044780718811e+00
-5.3947270739701614e-01
-5.3947270739701603e-01
4.3653743503283353e+00
0
2
9.0666666666666662e-01
2
-1.1754889611290382e+01
2.3450800492485158e+01
9.9997592147251835e-01
-6.9394866660131300e-03
2.1481383990679550e+00
-1.0344874535022563e-01
1
1
-1.4977019623878100e+01
2.3473160959150782e+01
2.2546662511083118e+00
1.5645096235095274e-02
1.5645096235095274e-02
4.5090067875637585e+00
0
2
9.0666666666666662e-01
2
-5.6416101831288863e+00
2.1450397142724064e+01
9.5041120402395918e-01
-3.1099605024136273e-01
2.1440822675063864e+00
-1.0364444759886544e-01
1
1
-8.6982498972096352e+00
2.2450598817604611e+01
2.4632864073251142e+00
6.6387474035858896e-01
6.6387474035858862e-01
4.2748683064361401e+00
0
2
9.0666666666666662e-01
2
-2.2152747284464902e+00
1.7120528145505009e+01
6.2053843687395593e-01
-7.8417603148912129e-01
0.0000000000000000e+00
-9.0554244480927068e-02
1
1
-3.9284424557876880e+00
1.9285462644114538e+01
2.0543936013915185e+00
6.1902993594707711e-01
6.1902993594707723e-01
1.7619779979124068e+00
0
2
5.0666666666666671e-01
2
5.0261739999999996e-03
-5.0261739999999996e-03
-5.3041604097303474e-01
8.4773747320647086e-01
0.0000000000000000e+00
-1.3974070316851742e-01
1
1
9.5395520639042386e-01
-1.5216520639244258e+00
9.1810181721707806e-01
2.4020343054836629e-01
2.4020343054836643e-01
6.8448818728226679e-01
0
2
1.0000000000000000e+00
2
-2.4743026149597309e+01
2.4254129143023317e+01
9.0230313159796194e-01
4.3110214417062565e-01
2.2658086009752356e+00
-9.8076343309216288e-02
1
1
-2.7809695443989639e+01
2.2788936723782314e+01
2.9744912041795208e+00
-9.7569914270143687e-01
-9.7569914270143676e-01
4.5504745973340173e+00
0
2
1.0133333333333334e+00
2
-1.8003419192806778e+01
2.5575119514250879e+01
9.8132752643917054e-01
1.9234418590843586e-01
2.2892822138753752e+00
-9.7070697913664752e-02
1
1
-2.1373222671202043e+01
2.4914624328637096e+01
2.6552945427833561e+00
-4.8331307727058276e-01
-4.8331307727058276e-01
5.0263950997203155e+00
0
2
1.0000000000000000e+00
2
-1.1217807185116651e+01
2.5457662388241332e+01
9.9985022024494130e-01
-1.7307139455791154e-02
2.2622095024152049e+00
-9.8232379443623966e-02
1
1
-1.4610613188961715e+01
2.5516390951246105e+01
2.5011085807420588e+00
4.3267591231709826e-02
4.3267591231709826e-02
4.9999703102452013e+00
0
2
1.0133333333333334e+00
2
-4.9332005626171185e+00
2.2869900031308589e+01
9.2467897084054618e-01
-3.8074768664467068e-01
2.2655093716062837e+00
-9.8089297271219414e-02
1
1
-8.0755038738668858e+00
2.4163781209774960e+01
2.8711918504339256e+00
8.8287011060510290e-01
8.8287011060510268e-01
4.6517865439484556e+00
0
2
1.0133333333333334e+00
2
-7.1996561673778015e+00
1.7792418563716254e+01
-4.0760927261059360e-01
-9.1315643834003757e-01
0.0000000000000000e+00
-8.9922183287952248e-02
1
1
-6.0664283649974600e+00
2.0331159297512421e+01
2.3658012440049458e+00
-4.8017835371519790e-01
-4.8017835371519796e-01
1.5044093053946610e+00
0
2
9.8666666666666669e-01
2
-2.4174114389072376e+01
2.1974635746091050e+01
9.6858100809193959e-01
2.4869827253843588e-01
2.1962130855371846e+00
-1.0118427200239892e-01
1
1
-2.7364929815633850e+01
2.1155344145341942e+01
2.5023571497013384e+00
-5.6766811495406011e-01
-5.6766811495406011e-01
4.5674413866010743e+00
0
2
9.8666666666666669e-01
2
-1.7629251792304604e+01
2.2938193916203215e+01
9.8933565793078659e-01
1.4565354766245042e-01
2.2051372030319381e+00
-1.0077478259252046e-01
1
1
-2.0901683090688490e+01
2.2456414831147132e+01
2.4261923718330722e+00
-3.4235194209353659e-01
-3.4235194209353659e-01
4.7011778973890781e+00
0
2
1.0000000000000000e+00
2
-1.0927895816006586e+01
2.3046066583038197e+01
9.9987046621117115e-01
1.6095055099478495e-02
2.2340747135948513e+00
-9.9469467547324886e-02
1
1
-1.4278573804155595e+01
2.2992130249620708e+01
2.4391848254748481e+00
-3.9243562744614893e-02
-3.9243562744614893e-02
4.8764745235526403e+00
0
2
9.8666666666666669e-01
2
-4.5602789525486429e+00
2.1508604900754200e+01
9.7206651262713184e-01
-2.3470554963384679e-01
2.1835326357962410e+00
-1.0177188038281244e-01
1
1
-7.7440873842776146e+00
2.2277335741896199e+01
2.4577876354347468e+00
5.3146607723746087e-01
5.3146607723746087e-01
4.5306076699406974e+00
0
2
1.0000000000000000e+00
2
-6.3922873059663550e+00
1.7171069884745368e+01
-3.8908102585826215e-01
-9.2120353631381735e-01
0.0000000000000000e+00
-1.0618975211887281e-01
1
1
-5.4762831292574994e+00
1.9339837392749786e+01
1.7101275620908332e+00
-3.3157170171380057e-01
-3.3157170171380063e-01
1.0651285269395756e+00
0
2
3.5999999999999999e-01
2
7.2330640000000002e-02
0.0000000000000000e+00
-8.6306640774781807e-01
5.0509046300368488e-01
0.0000000000000000e+00
-2.1398183792101311e-01
1
1
1.0806713666396144e+00
-5.9010903438231099e-01
2.8594150102186633e-01
9.9313109148392836e-02
9.9313109148392864e-02
3.9752062216732481e-01
0
2
1.0800000000000001e+00
2
-2.6280659418474507e+01
2.2576482702106183e+01
9.6666126119881990e-01
2.5605859895247945e-01
2.3835204253981237e+00
-9.3232774451724718e-02
1
1
-2.9736744709237254e+01
2.1661001351053091e+01
2.9577056211129205e+00
-6.8704988166758307e-01
-6.8704988166758274e-01
5.3694339578188144e+00
0
2
1.0800000000000001e+00
2
-1.9172883436988887e+01
2.3362575129523766e+01
9.9393978720236731e-01
1.0992588146616236e-01
2.3837044165058892e+00
-9.3225578089066438e-02
1
1
-2.2726771427731698e+01
2.2969528915814976e+01
2.8096878031427974e+00
-3.0332043383688662e-01
-3.0332043383688662e-01
5.5187374192881675e+00
0
2
1.0800000000000001e+00
2
-1.2021810615600847e+01
2.3244577453436712e+01
9.9986389131519104e-01
-1.6498449746684383e-02
2.3840154256668313e+00
-9.3213416251308273e-02
1
1
-1.5597347026294866e+01
2.3303576291480240e+01
2.7776220711450419e+00
4.5807751959987049e-02
4.5807751959987028e-02
5.5529765629716845e+00
0
2
1.0800000000000001e+00
2
-5.0748457886994984e+00
2.1596560446951255e+01
9.7299594128934097e-01
-2.3082222214178053e-01
2.3799225094730794e+00
-9.3373721765177456e-02
1
1
-8.5483282021501736e+00
2.2420568950193982e+01
2.9147804665776302e+00
6.2151428263303465e-01
6.2151428263303476e-01
5.3872385090140744e+00
0
2
1.0800000000000001e+00
2
-5.3037381137121313e+00
1.7267318371702373e+01
-5.2797480773093201e-02
-9.9860524033474540e-01
0.0000000000000000e+00
-1.1533257126506816e-01
1
1
-5.1892919512058153e+00
1.9431939409326816e+01
1.5662725404416717e+00
-4.1347581895670844e-02
-4.1347581895670837e-02
7.8641541608144427e-01
0
2
1.0800000000000001e+00
2
-2.5845728425168765e+01
2.3443830668610627e+01
9.7774619688129127e-01
2.0979126407973087e-01
2.4037395380385780e+00
-9.2448544738567132e-02
1
1
-2.9371099212584383e+01
2.2687405334305314e+01
2.9472521564605469e+00
-5.7906215595132760e-01
-5.7906215595132760e-01
5.5217628528205456e+00
0
2
1.0933333333333333e+00
2
-1.8467933979103496e+01
2.4577506643489684e+01
9.8839925157689723e-01
1.5187797563251018e-01
2.4881289736223149e+00
-8.9312983602575280e-02
1
1
-2.2156831202136132e+01
2.4010668656050157e+01
3.0944726806115295e+00
-4.5405641774918137e-01
-4.5405641774918137e-01
5.9796336804199610e+00
0
2
1.0800000000000001e+00
2
-1.1084306683481907e+01
2.4239502974599571e+01
9.9895385620864929e-01
-4.5729565555221521e-02
2.4637865735676803e+00
-9.0195402721281126e-02
1
1
-1.4776120331292702e+01
2.4408504809044629e+01
2.9720098709700586e+00
1.3548321858065071e-01
1.3548321858065079e-01
5.9254135109699586e+00
0
2
1.0933333333333333e+00
2
-3.8837717350341561e+00
2.2406469203386315e+01
9.6909169355557656e-01
-2.4670080964922750e-01
2.4767298410566783e+00
-8.9724046013598638e-02
1
1
-7.4840392092580315e+00
2.3322986088992941e+01
3.1794551987912940e+00
7.1652203926498703e-01
7.1652203926498703e-01
5.8116972647273233e+00
0
2
1.0933333333333333e+00
2
-4.8129430925787684e+00
1.7169388047360123e+01
-1.7469337499793336e-01
-9.8462288452576163e-01
0.0000000000000000e+00
-9.4004929004468260e-02
1
1
-4.3483574138064620e+00
1.9787928625373219e+01
2.3248655250820436e+00
-2.0304492203266941e-01
-2.0304492203266941e-01
1.2164695972472812e+00
0
2
1.0800000000000001e+00
2
-2.4660474298883063e+01
2.2638148419182905e+01
9.9456349916649645e-01
1.0413186892442970e-01
2.2636951475956804e+00
-9.8167910311708420e-02
1
1
-2.8037557149441533e+01
2.2284564209591451e+01
2.5307929338946389e+00
-2.5929186592772052e-01
-2.5929186592772052e-01
4.9801414553854899e+00
0
2
1.0800000000000001e+00
2
-1.7804803589163662e+01
2.3542011474375673e+01
9.9142057393037963e-01
1.3071054122585746e-01
2.3049991396153353e+00
-9.6408809184764979e-02
1
1
-2.1232638944023364e+01
2.3090079946779291e+01
2.6401932915077646e+00
-3.3639296827382087e-01
-3.3639296827382087e-01
5.1473347538407657e+00
0
2
1.0800000000000001e+00
2
-1.0896240259329685e+01
2.3617194804716586e+01
9.9994078945432141e-01
1.0881984445339679e-02
2.3029908046202263e+00
-9.6492882983467962e-02
1
1
-1.4350521924246674e+01
2.3579603139546130e+01
2.5916280191937116e+00
-2.8197046907647533e-02
-2.8197046907647533e-02
5.1823354644021737e+00
0
2
1.0800000000000001e+00
2
-4.2521029758357560e+00
2.1875920436381382e+01
9.6733141836715164e-01
-2.5351514163811734e-01
2.2895073867958597e+00
-9.7061151016079386e-02
1
1
-7.5741716175827207e+00
2.2746557620548984e+01
2.7256665370545701e+00
6.2805854529814564e-01
6.2805854529814553e-01
4.9575343158602179e+00
0
2
1.0933333333333333e+00
2
-5.5767989390492554e+00
1.7172643139506860e+01
-2.7110575179261043e-01
-9.6254956825348148e-01
0.0000000000000000e+00
-1.0232753753357550e-01
1
1
-4.9144509574425062e+00
1.9524281787944119e+01
1.9192491959143241e+00
-2.5997034615062176e-01
-2.5997034615062176e-01
1.0694570551024583e+00
0
2
9.5999999999999996e-01
2
-2.7698924485487002e+01
2.4527018614065369e+01
9.1248591935263768e-01
4.0910811160764288e-01
2.1152017770754208e+00
-1.0505958562945113e-01
1
1
-3.0594062242743497e+01
2.3228999307032687e+01
2.5518125067575457e+00
-8.1602732443468284e-01
-8.1602732443468284e-01
4.0060407418918471e+00
0
2
9.7333333333333338e-01
2
-2.1280404851233602e+01
2.5328922332541651e+01
9.9228569947005352e-01
1.2397213649536998e-01
2.1561396540268309e+00
-1.0306485565867565e-01
1
1
-2.4489664668360302e+01
2.4927970473303510e+01
2.3062933467676645e+00
-2.7941609940287554e-01
-2.7941609940287554e-01
4.5078593629912822e+00
0
2
9.5999999999999996e-01
2
-1.4894925216662031e+01
2.5339373509403917e+01
9.9999866059326614e-01
1.6367075712378483e-03
2.1284960624458158e+00
-1.0440339831630735e-01
1
1
-1.8087665033947815e+01
2.5334147920972782e+01
2.2135212690828721e+00
-3.6228724626916303e-03
-3.6228724626916303e-03
4.4270247493935493e+00
0
2
9.7333333333333338e-01
2
-8.4862595334283117e+00
2.4427645667427580e+01
9.9003142169681480e-01
-1.4084666859029271e-01
2.1577314089182837e+00
-1.0298882488512642e-01
1
1
-1.1690592375045171e+01
2.4883509588415748e+01
2.3198649251416437e+00
3.1719560284115794e-01
3.1719560284115811e-01
4.5043524986985366e+00
0
2
9.5999999999999996e-01
2
-2.7585289645788933e+00
2.1815352626471210e+01
9.0984039864466948e-01
-4.1495837019405807e-01
2.0984378422785830e+00
-1.0589888237095593e-01
1
1
-5.6223942490036025e+00
2.3121499146949397e+01
2.5218963391590044e+00
8.1226697935095038e-01
8.1226697935095038e-01
3.9324208956976294e+00
0
2
9.7333333333333338e-01
2
-4.9214367377045365e+00
1.7017060047378791e+01
-4.1094542518896421e-01
-9.1165994620596413e-01
0.0000000000000000e+00
-9.4998369855387357e-02
1
1
-3.8399828511417149e+00
1.9416206336925001e+01
2.1165690368926033e+00
-4.3304371725188473e-01
-4.3304371725188456e-01
1.3510866788111722e+00
0
2
9.8666666666666669e-01
2
4.1393448853600070e+01
-5.3622938494707553e+00
-9.9989140344429184e-01
1.4737072918467658e-02
1.9969739132887976e+00
-1.1127948179165083e-01
1
1
4.4388584426800037e+01
-5.4064381747353778e+00
1.9488388446665752e+00
2.8710825792556530e-02
2.8710825792556526e-02
3.8964082108724001e+00
0
2
9.8666666666666669e-01
2
3.6471571937178162e+01
-2.2324378579470250e+00
-8.4383597268945654e-01
5.3660120312503845e-01
1.9442470952954691e+00
-1.1429731476001043e-01
1
1
3.8932510395389116e+01
-3.7973658537088903e+00
2.3786780762782720e+00
8.3627560623474473e-01
8.3627560623474473e-01
3.1619756130681074e+00
0
2
1.0000000000000000e+00
2
3.4514488000995357e+01
3.5792445732959370e+00
-3.1914045639747862e-01
9.4770742800212815e-01
0.0000000000000000e+00
-8.1534688036923542e-02
1
1
3.5493029969086763e+01
6.7340335767445603e-01
2.9784655460807179e+00
4.7458973673938876e-01
4.7458973673938876e-01
1.7289598988008859e+00
0
2
9.0666666666666662e-01
2
1.5177647313043401e+01
1.0660706994307136e+01
-1.5097885170549719e-01
-9.8853699290299168e-01
1.8584967356831310e+00
-1.1957095105714009e-01
1
1
1.5598537867621182e+01
1.3416496155925479e+01
3.3366620656652497e+00
-2.5186596405537920e-01
-2.5186596405537920e-01
1.7260321117651012e+00
0
2
9.0666666666666662e-01
2
1.4242111373281375e+01
5.1645381345837755e+00
-1.6780245712167988e-01
-9.8582064057511332e-01
1.8584073118063937e+00
-1.1957670463867234e-01
1
1
1.4709879343162388e+01
7.9126225644454555e+00
3.3272913534367747e+00
-2.7913536805420114e-01
-2.7913536805420108e-01
1.7349156400888037e+00
0
2
9.0666666666666662e-01
2
1.1092567169115426e+01
8.5973496495962864e-01
-5.9047192480317634e-01
-8.0705818007082486e-01
1.7779813467088463e+00
-1.2498568819834321e-01
1
1
1.2667339271198401e+01
3.0121365497717019e+00
2.5505186266165607e+00
-7.3602968649332767e-01
-7.3602968649332778e-01
2.0830168141204046e+00
0
2
9.0666666666666662e-01
2
5.6594525680823020e+00
-8.8795899516006033e-14
-9.8771040435284685e-01
-1.5629509631826483e-01
1.8335720595461142e+00
-1.2119633971583943e-01
1
1
8.3760098685988638e+00
4.2986748247976991e-01
1.6827294885985375e+00
-2.5357578561122812e-01
-2.5357578561122812e-01
3.2450816328011109e+00
0
2
9.2000000000000004e-01
2
1.5622819999999999e-03
0.0000000000000000e+00
-1.0000000000000000e+00
1.5694171329980148e-14
0.0000000000000000e+00
-8.8372162540856808e-02
1
1
2.8305074250411510e+00
-4.4397949758003016e-14
1.3357219356658048e+00
2.0963048907551860e-14
2.0963048907551860e-14
2.6714438713316095e+00
0
2
8.3999999999999997e-01
2
4.2593885462069814e+01
-2.9547077206392354e+00
-9.7712906381090325e-01
2.1264710827102171e-01
1.6339822156312147e+00
-1.3600039222971413e-01
1
1
4.4988802731034909e+01
-3.4759001103196177e+00
1.3634483603696566e+00
2.7104593404530386e-01
2.7104593404530386e-01
2.5499381093807654e+00
0
2
8.3999999999999997e-01
2
3.9003611787592519e+01
1.4892832717563015e-01
-7.5651593933733319e-01
6.5397525452309913e-01
1.5819334785473607e+00
-1.4047507384841620e-01
1
1
4.0798748624831163e+01
-1.4028896967318025e+00
1.7456020729740485e+00
6.0491264967429270e-01
6.0491264967429270e-01
1.9224418100949623e+00
0
2
8.5333333333333339e-01
2
3.7407588329513274e+01
4.8883264773034352e+00
-3.1914606537369056e-01
9.4770553916102651e-01
0.0000000000000000e+00
-9.9981633652731869e-02
1
1
3.8205600058552896e+01
2.5186274022395327e+00
1.9807794970815087e+00
3.1562360777184745e-01
3.1562360777184745e-01
1.1498222332056756e+00
0
2
9.7333333333333338e-01
2
1.6028818486217538e+01
1.1516287931894604e+01
-1.2891642097271133e-01
-9.9165546254915904e-01
1.9041072068168012e+00
-1.1670678070365753e-01
1
1
1.6397024515594289e+01
1.4348615401273257e+01
3.5133844818357374e+00
-2.2645852580383108e-01
-2.2645852580383108e-01
1.8008520682186819e+00
0
2
9.8666666666666669e-01
2
1.4801340790301191e+01
5.8629262176233690e+00
-2.1217974290066879e-01
-9.7723065685773813e-01
1.9283614278091674e+00
-1.1523888572833119e-01
1
1
1.5415079638259364e+01
8.6896070747589871e+00
3.5518610711619911e+00
-3.7671655611824134e-01
-3.7671655611824129e-01
1.8986215627136462e+00
0
2
9.7333333333333338e-01
2
1.1226288540654998e+01
1.5494811392325971e+00
-6.3812950402013158e-01
-7.6992904614582547e-01
1.8674643245735312e+00
-1.1899676973640215e-01
1
1
1.3013814665478094e+01
3.7062036784279830e+00
2.7139396296578422e+00
-8.3714558357399338e-01
-8.3714558357399316e-01
2.3977292823010758e+00
0
2
9.8666666666666669e-01
2
5.7186636350527804e+00
3.6337200000000008e-01
-9.7758720752921624e-01
-2.1053088057391797e-01
1.8779654177084817e+00
-1.1833137081585919e-01
1
1
8.4724760878538898e+00
9.5642656961629857e-01
1.7994797446361810e+00
-3.5463641799147788e-01
-3.5463641799147788e-01
3.3698384959073948e+00
0
2
9.8666666666666669e-01
2
1.6598800000000000e-02
4.6004400000000001e-02
-9.9845466275561801e-01
-5.5572353032465445e-02
0.0000000000000000e+00
-8.7552026470984173e-02
1
1
2.8676312175263901e+00
2.0468820000000004e-01
1.3650664004177488e+00
-7.5509527658750644e-02
-7.5509527658750672e-02
2.7175245905134022e+00
0
2
1.2000000000000000e+00
2
4.0190091138229043e+01
-2.0323389495340485e+00
-8.9232465192247490e-01
4.5139419089243299e-01
2.1916174471203007e+00
-1.0139644695483405e-01
1
1
4.3123542551702315e+01
-3.5162640259669597e+00
2.8249128554952345e+00
9.4524674162862743e-01
9.4524674162862721e-01
4.2153291276721596e+00
0
2
1.2000000000000000e+00
2
3.8004914241546707e+01
4.4451413877778592e+00
-3.1965090114668721e-01
9.4753538266183535e-01
0.0000000000000000e+00
-7.3140737857882360e-02
1
1
3.9097502689887875e+01
1.2064012191219053e+00
3.7007020743003913e+00
5.9060853446259165e-01
5.9060853446259132e-01
2.1492135710255154e+00
0
2
9.2000000000000004e-01
2
1.5569410339656869e+01
9.8159526887801416e+00
-1.1242395016329386e-01
-9.9366033201979098e-01
1.7519419667830505e+00
-1.2684336949258143e-01
1
1
1.5864850694200770e+01
1.2427205543369720e+01
2.9802520623573190e+00
-1.6752246670731713e-01
-1.6752246670731713e-01
1.5185565775758170e+00
0
2
9.3333333333333335e-01
2
1.4087734935702903e+01
4.7239532462994180e+00
-2.7939325300472267e-01
-9.6017675986009954e-01
1.7677298789661195e+00
-1.2571050863958461e-01
1
1
1.4828572637679887e+01
7.2699529675397798e+00
2.9343257938431995e+00
-4.0957717229576135e-01
-4.0957717229576135e-01
1.6459316975862737e+00
0
2
9.2000000000000004e-01
2
1.0071448374167492e+01
1.5722812802727502e+00
-7.8669708648506154e-01
-6.1733920506955953e-01
1.7017505341986441e+00
-1.3058448800597378e-01
1
1
1.2079591654935196e+01
3.1481172632860841e+00
1.9541422278362133e+00
-6.8716340831630207e-01
-6.8716340831630207e-01
2.2905859048684114e+00
0
2
9.3333333333333335e-01
2
4.8494904234181160e+00
7.2674425000217879e-01
-9.8714329328600103e-01
-1.5983778814932403e-01
1.7633231792068504e+00
-1.2602467026048997e-01
1
1
7.4604693987928039e+00
1.1495127651374646e+00
1.5579614552482897e+00
-2.3969574627821608e-01
-2.3969574627821599e-01
2.9994886354288415e+00
0
2
9.3333333333333335e-01
2
-1.4801750000000001e-02
6.4017174999999992e-03
-9.8921210863796016e-01
-1.4649028679076403e-01
0.0000000000000000e+00
-1.0168099215377160e-01
1
1
2.4173443367090579e+00
3.6657298375108938e-01
1.0305963125727771e+00
-1.4620617861795815e-01
-1.4620617861795815e-01
1.9962385525579787e+00
0
2
8.8000000000000000e-01
2
4.3106070554427262e+01
-6.7801949131210177e+00
-9.8663117683917734e-01
1.6296907954866746e-01
1.7398394207349450e+00
-1.2772570823136703e-01
1
1
4.5680940277213629e+01
-7.2055049565605085e+00
1.5182351733050652e+00
2.3780184215153624e-01
2.3780184215153630e-01
2.9186319438508472e+00
0
2
8.8000000000000000e-01
2
3.8779570390067263e+01
-3.9532770790253577e+00
-8.3714218400935569e-01
5.4698534144165689e-01
1.7227261378064966e+00
-1.2899451476667795e-01
1
1
4.0942820472247263e+01
-5.3667359960731877e+00
1.8838355127052537e+00
6.6396354422800019e-01
6.6396354422800030e-01
2.4661776845601562e+00
0
2
8.8000000000000000e-01
2
3.6117668149139590e+01
5.2812003963437126e-01
-5.1069090429906439e-01
8.5976438648399700e-01
1.7374516356302312e+00
-1.2790124206341713e-01
1
1
3.7448619269603427e+01
-1.7125785196954932e+00
2.5651366780259863e+00
6.4758958685951606e-01
6.4758958685951606e-01
1.8595603328551902e+00
0
2
8.9333333333333331e-01
2
3.4464754019196192e+01
5.5849796987549460e+00
-3.1068961130217665e-01
9.5051142309227532e-01
0.0000000000000000e+00
-9.3982381078929964e-02
1
1
3.5291211084167891e+01
3.0565498691946589e+00
2.2480223291588168e+00
3.4876926659508212e-01
3.4876926659508201e-01
1.2950122465864762e+00
0
2
1.0000000000000000e+00
2
1.6707791417596813e+01
7.6880859649240127e+00
-1.1084765366647044e-01
-9.9383741008106463e-01
1.9853161883944450e+00
-1.1193291200729930e-01
1
1
1.7037892879501189e+01
1.0647708213222932e+01
3.8278052641872318e+00
-2.1214756271565907e-01
-2.1214756271565907e-01
1.9493954491070740e+00
0
2
1.0000000000000000e+00
2
1.5443823244838480e+01
1.8732470202108626e+00
-2.1240922497982864e-01
-9.7718080268876983e-01
1.9835424958251608e+00
-1.1203300291773026e-01
1
1
1.6075807331217646e+01
4.7806664925674376e+00
3.7578589200824015e+00
-3.9899564288611039e-01
-3.9899564288611039e-01
2.0090236376630468e+00
0
2
1.0133333333333334e+00
2
1.1495867860555213e+01
-2.2998533378135897e+00
-6.8723917452313010e-01
-7.2643121973161839e-01
1.9148866608303783e+00
-1.1604980428755872e-01
1
1
1.3469845552696846e+01
-2.1330315880136352e-01
2.7369175772253009e+00
-8.9438681754614247e-01
-8.9438681754614247e-01
2.6376587654980055e+00
0
2
1.0000000000000000e+00
2
5.5826456366155908e+00
-2.2535953573582885e+00
-9.9996940327045447e-01
7.8225649841324411e-03
1.9711343849122138e+00
-1.1273824043819271e-01
1
1
8.5392567485854016e+00
-2.2767243475859393e+00
1.8984356309788439e+00
1.4849273046147029e-02
1.4849273046147034e-02
3.7965227730849569e+00
0
2
1.0133333333333334e+00
2
2.7196180000000000e-03
-8.8817849999999996e-15
-9.2723239185143214e-01
3.7448643700603101e-01
0.0000000000000000e+00
-8.3086441357647561e-02
1
1
2.7926826273077956e+00
-1.1267976786791487e+00
1.7229910198904752e+00
5.2470039967208637e-01
5.2470039967208615e-01
2.8102411460342509e+00
0
2
1.1733333333333333e+00
2
4.2979472928500627e+01
9.8805435607593695e-01
-9.2631646398548095e-01
3.7674634510428234e-01
2.1602002141079164e+00
-1.0287112313521925e-01
1
1
4.5981016464250317e+01
-2.3271694696203149e-01
2.6035582315988148e+00
7.9567053230979168e-01
7.9567053230979190e-01
4.2362842154413451e+00
0
2
1.1733333333333333e+00
2
3.9392351775798403e+01
6.2269585531901566e+00
-5.6496363470980926e-01
8.2511580487558300e-01
0.0000000000000000e+00
-7.8748892309396204e-02
1
1
4.1185912352149515e+01
3.6075064546330466e+00
2.8273417961703786e+00
7.8413983403773413e-01
7.8413983403773380e-01
2.2190314695485585e+00
0
2
9.3333333333333335e-01
2
1.5533242983840738e+01
1.1224917705095164e+01
-2.3004479262096816e-01
-9.7318004160996630e-01
1.7246541490498606e+00
-1.2885031027504731e-01
1
1
1.6128364542932339e+01
1.3742516199897882e+01
2.8295966285479461e+00
-3.2534674743452269e-01
-3.2534674743452269e-01
1.5301587643089898e+00
0
2
9.4666666666666666e-01
2
1.3126843625070869e+01
6.5748270388942487e+00
-4.5960071783510559e-01
-8.8812565561718548e-01
1.7452825647625376e+00
-1.2732736045664772e-01
1
1
1.4330043304455803e+01
8.8998723719947073e+00
2.6620864322707014e+00
-6.0746806010637699e-01
-6.0746806010637722e-01
1.8025858768854848e+00
0
2
9.3333333333333335e-01
2
9.1035483453267592e+00
3.3519614358351331e+00
-7.8046843157132795e-01
-6.2519519137673418e-01
1.7183250114054167e+00
-1.2932490695719251e-01
1
1
1.1115195985198813e+01
4.9633942373646907e+00
2.0064747233029823e+00
-7.0391209468707550e-01
-7.0391209468707527e-01
2.3213405142718555e+00
0
2
9.4666666666666666e-01
2
4.2441378265489496e+00
1.4664247805278856e+00
-9.3227880516516537e-01
-3.6174055542586242e-01
1.7374668364066266e+00
-1.2790012307907711e-01
1
1
6.6738430859378539e+00
2.4091931081815092e+00
1.6679279107049236e+00
-4.9740814596926930e-01
-4.9740814596926947e-01
2.7568465229058625e+00
0
2
9.4666666666666666e-01
2
0.0000000000000000e+00
2.3694997500000002e-02
-9.4679158130996055e-01
-3.2184732647729763e-01
0.0000000000000000e+00
-1.1154109739172025e-01
1
1
2.1220689132744748e+00
7.4505988901394282e-01
9.2530149223360469e-01
-2.5549446205907150e-01
-2.5549446205907150e-01
1.5900486729374361e+00
0
2
1.0133333333333334e+00
2
4.3805203443546354e+01
-2.1399390287165008e+00
-9.1254927936458552e-01
4.0896676237950619e-01
1.9815581481181965e+00
-1.1214519363625929e-01
1
1
4.6517607633672782e+01
-3.3555261591704442e+00
2.2393180311648377e+00
7.1596998437519865e-01
7.1596998437519865e-01
3.5160318509449007e+00
0
2
1.0133333333333334e+00
2
4.0151399437241572e+01
2.5326107328059537e+00
-6.1599726325656468e-01
7.8774829207077468e-01
1.9771754542048785e+00
-1.1239377959584720e-01
1
1
4.1978301440393963e+01
1.9633585204472648e-01
3.0952019122862549e+00
9.2681596709797154e-01
9.2681596709797154e-01
2.6347174342519937e+00
0
2
1.0133333333333334e+00
2
3.7821184490383473e+01
8.0208114222058118e+00
-3.9081809474684331e-01
9.2046793361770485e-01
0.0000000000000000e+00
-8.3858807805218913e-02
1
1
3.8986291963812519e+01
5.2767110775058832e+00
2.7401729074954426e+00
5.3362108618206827e-01
5.3362108618206849e-01
1.7099387754881870e+00
0
2
9.8666666666666669e-01
2
1.6964191342139653e+01
9.5794472879511492e+00
-1.2710761644049870e-01
-9.9188893221106911e-01
1.9367990046454460e+00
-1.1473685276025976e-01
1
1
1.7333464199646873e+01
1.2461081532888999e+01
3.6359121618207904e+00
-2.3106840115411340e-01
-2.3106840115411340e-01
1.8623721734056680e+00
0
2
9.8666666666666669e-01
2
1.5739565202744267e+01
3.9376939863738230e+00
-2.1212497315534593e-01
-9.7724254704952529e-01
1.9243783844010256e+00
-1.1547740507976567e-01
1
1
1.6351878272441958e+01
6.7585706371624861e+00
3.5372454861311113e+00
-3.7506966551168808e-01
-3.7506966551168797e-01
1.8907443846706955e+00
0
2
9.8666666666666669e-01
2
1.1493286846839490e+01
1.2461884368377470e-01
-7.4404082869064458e-01
-6.6813415212915062e-01
1.9023500647481639e+00
-1.1681457915667082e-01
1
1
1.3616426024791878e+01
2.0311564150287986e+00
2.5574496739971635e+00
-8.7897828928819555e-01
-8.7897828928819588e-01
2.7469832683607085e+00
0
2
9.8666666666666669e-01
2
5.8442551206183895e+00
-5.1455020495634751e-01
-9.9365972949584613e-01
-1.1242927545013454e-01
1.8950255500063569e+00
-1.1726608236046039e-01
1
1
8.6687709837289404e+00
-1.9496568063628641e-01
1.7767331210100166e+00
-1.9601263842390951e-01
-1.9601263842390948e-01
3.4869317183911521e+00
0
2
1.0000000000000000e+00
2
5.1691089999999999e-03
8.8817849999999996e-15
-9.9613975059839766e-01
8.7781531530054399e-02
0.0000000000000000e+00
-8.5299287304238816e-02
1
1
2.9247121148091946e+00
-2.5727510247816932e-01
1.4447406391911164e+00
1.2536596354752183e-01
1.2536596354752183e-01
2.8563388916578858e+00
0
2
1.0000000000000000e+00
2
4.3989274090328472e+01
-1.8070653047723650e+00
-8.8477868965746154e-01
4.6601144870917655e-01
1.8264212909363755e+00
-1.2167084523433959e-01
1
1
4.6413242045164239e+01
-3.0837651523861824e+00
1.9837585320215059e+00
6.7200111908472027e-01
6.7200111908472027e-01
2.9056914842697332e+00
0
2
1.0000000000000000e+00
2
3.9866381958940515e+01
1.8241258188337379e+00
-7.5043848462118801e-01
6.6094030048065222e-01
1.8313258252247646e+00
-1.2134499451780960e-01
1
1
4.1927828024634493e+01
8.5302570306864389e-03
2.3543829938864067e+00
8.1272834154060702e-01
8.1272834154060725e-01
2.5613618023192437e+00
0
2
1.0000000000000000e+00
2
3.7677438739039403e+01
6.8573473852571469e+00
-3.9881590473881812e-01
9.1703101045022362e-01
0.0000000000000000e+00
-9.1097818598701516e-02
1
1
3.8771910348989962e+01
4.3407366020454425e+00
2.3140465347549899e+00
4.5971382019612245e-01
4.5971382019612234e-01
1.4569169149747161e+00
0
2
9.0666666666666662e-01
2
1.5543308656644625e+01
8.9629114263151131e+00
-1.4784955729341975e-01
-9.8900986264452373e-01
1.6651126436060848e+00
-1.3345777120577393e-01
1
1
1.5912587907445879e+01
1.1433130666725884e+01
2.6796693407793581e+00
-1.9808186746045484e-01
-1.9808186746045489e-01
1.3842523008674579e+00
0
2
9.0666666666666662e-01
2
1.3487528368593656e+01
4.4388607282880042e+00
-4.1370180771570503e-01
-9.1041244185959902e-01
1.6564106881734939e+00
-1.3415889175845891e-01
1
1
1.4515418512619140e+01
6.7008860773015586e+00
2.4516087465553897e+00
-5.0489199484122005e-01
-5.0489199484121983e-01
1.5699474034526051e+00
0
2
9.0666666666666662e-01
2
9.8554344366071476e+00
1.0838948038925589e+00
-7.3457520920833541e-01
-6.7852727433503368e-01
1.6481606813734246e+00
-1.3483043536570891e-01
1
1
1.1671481402600403e+01
2.7613777660902814e+00
1.9382399344934167e+00
-6.6151471519416027e-01
-6.6151471519416016e-01
2.0433560267721624e+00
0
2
9.0666666666666662e-01
2
4.9634382371519497e+00
2.8658017091367477e-01
-9.8697707552757619e-01
-1.6086097221835111e-01
1.6521816364850699e+00
-1.3450229521675861e-01
1
1
7.4094363368795486e+00
6.8523748740311685e-01
1.3681930876350998e+00
-2.1174354023714712e-01
-2.1174354023714703e-01
2.6328540692424198e+00
0
2
9.2000000000000004e-01
2
7.0230400000000004e-03
2.3690727499999998e-02
-9.9859632754350980e-01
-5.2965787227369929e-02
0.0000000000000000e+00
-1.0073775983470092e-01
1
1
2.4852306385759748e+00
1.5513544920683739e-01
1.0308111285328392e+00
-5.4368561403542591e-02
-5.4368561403542591e-02
2.0529710926990665e+00
0
2
2.5000000000000000e+01
2
0.0000000000000000e+00
0.0000000000000000e+00
0.0000000000000000e+00
0.0000000000000000e+00
0.0000000000000000e+00
-1.0000000000000000e+00
1
1
0.0000000000000000e+00
0.0000000000000000e+00
2.0000000000000000e+00
0.0000000000000000e+00
0.0000000000000000e+00
2.0000000000000000e+00
0
