2
1
1
12
8.2544243633397268e-02
8.1921721887523710e-02
1.0631185948760864e-01
1.5516973599547257e-01
7.2051983764876024e-02
7.7637040616566982e-02
9.1192640928165647e-02
6.9188805170407069e-02
8.5033286424277044e-02
6.9052705895830790e-02
4.6763170209716029e-02
6.3132805986158363e-02
2
1
-2.5213865910721016e+00
-1.7459700034150156e+01
2.7091804886610500e+01
2.9602227254582491e+01
1.8767279833714863e+01
-8.5886129131253277e+00
1.8767279833714863e+01
2.2900090564243548e+01
1.9366405845109944e-01
-8.5886129131253277e+00
1.9366405845109944e-01
2.1702651728960145e+01
1
2
1
-2.5413639656288822e+01
2.2409669347897069e+01
2.3033457772389323e+01
3.6585211090779175e+01
7.2808198249238814e+00
4.7419467491234151e+01
7.2808198249238814e+00
5.1686524970352874e+00
1.4244565234962591e+01
4.7419467491234151e+01
1.4244565234962591e+01
1.1277362197978702e+02
1
2
1
1.3524432332207759e+01
6.0767973607636128e+00
2.0078875809524707e+01
1.1115337211626434e+01
1.3888368869849840e+01
1.4179847921221077e+01
1.3888368869849840e+01
3.5445687952362519e+01
2.8773538869599605e+01
1.4179847921221077e+01
2.8773538869599605e+01
3.1699934849952587e+01
1
2
1
2.5344321504400731e+00
-1.6304882105111240e+00
1.1290751581762242e+01
6.3674084351302032e+00
-1.3555538933895492e+00
6.1892966305790758e+00
-1.3555538933895492e+00
1.0596175009105076e+01
-9.8533303632877463e+00
6.1892966305790758e+00
-9.8533303632877463e+00
2.7023857264739906e+01
1
2
1
-2.6038401088716125e+01
6.6465127210314492e+00
3.7178221856489962e+01
3.4684206993745946e+01
2.9861687901108684e+01
3.2447873507346658e-01
2.9861687901108684e+01
3.5025306804694587e+01
-4.0282350201503183e+00
3.2447873507346658e-01
-4.0282350201503183e+00
2.6011465727999695e+01
1
2
1
-2.4873427403977054e+01
-1.5999275630941689e+01
3.8254436339188267e+01
5.2228591543713421e+01
-2.9830217117355939e+01
9.2411602615073072e+00
-2.9830217117355939e+01
3.1601595758186850e+01
5.5604256810986232e+00
9.2411602615073072e+00
5.5604256810986232e+00
3.1865925584106396e+01
1
2
1
4.3987067094721944e+01
-3.2492501024381650e+00
1.3937937086932008e+01
1.5506733803498795e+01
-5.0814918123610964e+00
-2.2731223461440276e+01
-5.0814918123610964e+00
9.6776339421168203e+00
1.1914332309680050e+01
-2.2731223461440276e+01
1.1914332309680050e+01
5.0066658108846624e+01
1
2
1
3.5401887474021166e+01
1.2266940044709262e+01
3.0526093398456982e+01
7.4954102065479891e+00
-1.0513775116557364e+01
-4.8321809688747681e+00
-1.0513775116557364e+01
4.7338763022412984e+01
1.2311376806249386e+01
-4.8321809688747681e+00
1.2311376806249386e+01
1.5732861796238726e+01
1
2
1
1.9992309893955785e+01
2.6960349535500320e+01
1.9340662313737116e+01
8.4727879447931382e+00
1.0233033618655346e+01
-1.0118406930380397e+01
1.0233033618655346e+01
2.4691616985698129e+01
-2.1625334522669579e+01
-1.0118406930380397e+01
-2.1625334522669579e+01
3.5802569514068274e+01
1
2
1
2.8759085947489094e+01
2.9692306669564765e+01
1.7986783635329630e+01
1.0697687273295831e+01
-7.3971511921150306e+00
1.4220351024716045e+01
-7.3971511921150306e+00
1.3900599490337171e+01
-1.6869105235832674e+01
1.4220351024716045e+01
-1.6869105235832674e+01
3.6910914923165549e+01
1
2
1
-8.0994405918970713e+00
1.6711558304212225e+01
2.9658180405685915e+01
2.1140829453931861e+01
7.4259947197707215e+00
-3.8581083286736984e+01
7.4259947197707215e+00
5.7918824286128645e+00
-1.7132832581738867e+01
-3.8581083286736984e+01
-1.7132832581738867e+01
1.0608558235731692e+02
1
2
1
-6.4198236638432071e+00
2.1856123302268337e+01
2.2005560091928345e+01
1.5731322699073017e+01
-6.0416723591248465e+00
-2.4582755215671195e+01
-6.0416723591248465e+00
6.4968513805629318e+00
1.2383487130065973e+01
-2.4582755215671195e+01
1.2383487130065973e+01
5.5504586445930130e+01
1
