2
9
1
2
3
2
-7.2908518372443059e+00
2.2191669442572966e+01
-2.8731600386790035e+00
1.0339054088671176e+01
3.7993125706913723e+01
0.0000000000000000e+00
2
-2.4987459801636970e+01
7.7940436105849633e+00
-5.9888168643834465e+00
-5.4942726830767086e-01
2.0852582680352430e+01
0.0000000000000000e+00
2
-1.7564936198385890e+01
1.5867599382390674e+01
6.7840555150461068e-01
-6.3931039194222183e-01
5.6800117718626893e+02
0.0000000000000000e+00
1
2
3
2
-1.8407593998573490e+00
2.7352500336030573e+01
2.6333075432018318e+00
2.5085179791764367e+00
1.2688042581469466e+01
0.0000000000000000e+00
2
-2.7367478228270826e+01
-2.5173884283593297e+00
1.5087895451308979e+00
3.3307879495204162e-01
5.5918080979793645e+00
0.0000000000000000e+00
2
6.2399102745978041e+00
1.6878829342484831e+01
-4.6932215414843825e-01
-4.9799063485947748e-01
6.5950240483104301e+02
0.0000000000000000e+00
1
2
6
2
-2.1792435870547436e+01
2.1019310365101408e+01
2.1364166362457726e+00
-2.0456388621817969e+00
1.2593738880203453e+01
0.0000000000000000e+00
2
-3.0115147268197312e+01
-2.5009489758610326e+00
1.1851028285719314e+00
6.1691171022514546e-01
4.6325927013024364e+00
0.0000000000000000e+00
2
-3.0438887870649374e+01
1.0039822377323812e+01
-1.8047343322198142e+00
2.7702081574944287e-01
1.6218742227019455e+01
0.0000000000000000e+00
2
5.7076289286253523e+00
1.6126230623961114e+01
-1.0733697053379980e+00
-2.2135945096915113e+00
1.2650604483684472e+01
0.0000000000000000e+00
2
-3.5607188503761433e-01
9.5501437868430894e-01
4.6907673478009082e-01
-1.2581027743146587e+00
3.5719363121543552e+01
0.0000000000000000e+00
2
9.6100941644456004e+00
1.1280806721804488e+01
7.7364206954440506e-01
2.0848778965890133e-01
7.1862116122134154e+01
0.0000000000000000e+00
1
2
1
2
-2.6231728407617009e+01
-2.7056539937892055e+00
8.8782069389770554e-02
7.5766305668940187e-02
6.9315636862680503e+02
0.0000000000000000e+00
1
2
2
2
3.1749326283676287e+00
1.9785869722064188e+01
-1.0628301767413690e+00
-1.0221037215508124e+00
1.1394711173793874e+01
0.0000000000000000e+00
2
-2.6155868938739811e+01
-2.6409157899340996e+00
2.6314005645754509e-03
2.2456279841570849e-03
6.9187031402412788e+02
0.0000000000000000e+00
1
2
2
2
-3.1985162431932086e+01
3.1647732645465538e+00
-1.3152725618440761e+00
-4.3549019090783297e-01
1.2682328895722321e+01
0.0000000000000000e+00
2
-2.6173216543394631e+01
-2.7924161852518243e+00
3.6024590518421079e-01
3.0514304360023575e-01
6.9183230265330030e+02
0.0000000000000000e+00
1
2
2
2
-1.3083243354179084e+01
2.8511118712324311e+01
3.4476611283335218e-01
2.1728064832266560e+00
1.8856431957839433e+01
0.0000000000000000e+00
2
-2.5408888849786237e+01
1.6270228084824851e+01
1.0968575256081058e-01
-8.5185959921672980e-02
6.9699119158941789e+02
0.0000000000000000e+00
1
2
1
2
-3.1131721342036446e+01
1.0977435229357635e+01
-3.3349836901312453e-03
9.6684315226521042e-04
6.9446097658272822e+02
0.0000000000000000e+00
1
2
1
2
1.2749990734374297e+00
3.6583778846880877e-01
-1.2749990734374297e+00
-3.6583778846880877e-01
1.5104968491227474e+01
0.0000000000000000e+00
