2
-1.0000000000000000e-300
105
2
8.0000000000000004e-01
2
-2.4823452031200652e+01
2.6599972317588079e+00
1.9413678351155900e-01
9.8097446923341791e-01
1.3785221248124384e+00
-1.6120323223137081e-01
1
1
-2.5224884808166564e+01
6.3155471718719969e-01
1.8219318733962275e+00
-1.7681937445390641e-01
-1.7681937445390644e-01
9.6345529146057607e-01
0
2
8.0000000000000004e-01
2
-2.3371218451931462e+01
6.5319214651778408e+00
3.5117898491951527e-01
9.3630834694073894e-01
1.3784362975687166e+00
-1.6121326942287964e-01
1
1
-2.4097335241566057e+01
4.5959593484683241e+00
1.7422036326191881e+00
-3.0525138925733142e-01
-3.0525138925733136e-01
1.0428367047812968e+00
0
2
8.1333333333333335e-01
2
-2.1251732435669979e+01
1.0162275491637136e+01
5.0418682979566520e-01
8.6359460434893709e-01
1.4012570281539349e+00
-1.5858776638215011e-01
1
1
-2.2311475443800720e+01
8.3470984784074886e+00
1.6748111601746882e+00
-4.1770902498731999e-01
-4.1770902498731993e-01
1.2032081013597566e+00
0
2
8.0000000000000004e-01
2
-1.8578254030153396e+01
1.3316382368913281e+01
6.4659298495233453e-01
7.6283517997692663e-01
1.3782386899406620e+00
-1.6123638368604326e-01
1
1
-1.9914993232911687e+01
1.1739328930275208e+01
1.4681469999529568e+00
-4.5777008690938564e-01
-4.5777008690938581e-01
1.3160948881200780e+00
0
2
8.1333333333333335e-01
2
-1.5330268535086674e+01
1.5984069111848234e+01
7.7276141849856284e-01
6.3469661262692201e-01
1.4010298725736923e+00
-1.5861347896458478e-01
1
1
-1.6954261282620035e+01
1.4650225740380758e+01
1.3453636832157716e+00
-4.7037392194526573e-01
-4.7037392194526556e-01
1.5317225515686663e+00
0
2
8.0000000000000004e-01
2
-1.1705974397722178e+01
1.7972658208770817e+01
8.7670296211743481e-01
4.8103213636358594e-01
1.3780015558181038e+00
-1.6126413013393984e-01
1
1
-1.3518121466404427e+01
1.6978363660309526e+01
1.1424377567502462e+00
-3.9125762537139991e-01
-3.9125762537139991e-01
1.6408461231592606e+00
0
2
8.0000000000000004e-01
2
-7.7713642542998560e+00
1.9239731503480282e+01
9.5186087888859183e-01
3.0653036919926457e-01
1.3778659713439203e+00
-1.6127999881256580e-01
1
1
-9.7386693260110171e+00
1.8606194856125548e+01
1.0147348357465218e+00
-2.7064360471369425e-01
-2.7064360471369425e-01
1.7680013647867907e+00
0
2
8.1333333333333335e-01
2
-3.7180396228650414e+00
1.9232467673453840e+01
9.9999839425148573e-01
-1.7920642985821522e-03
1.3511103800217568e+00
-1.6447377320766629e-01
1
1
-5.7447019385824483e+00
1.9236099588467063e+01
8.9190765111345893e-01
1.5983481595489048e-03
1.5983481595489052e-03
1.7838067091850989e+00
0
2
8.0000000000000004e-01
2
-1.3555195097225589e-01
1.7157430366365752e+01
8.6532514604941790e-01
-5.0121092527453304e-01
1.3800160121885532e+00
-1.6102872739121502e-01
1
1
-1.9267957869186487e+00
1.8194949019909796e+01
1.1642228573946356e+00
4.0355704952984678e-01
4.0355704952984695e-01
1.6272045577998364e+00
0
2
8.1333333333333335e-01
2
3.5086746600315135e+00
1.5052301523326120e+01
8.6590874276957797e-01
-5.0020200838781981e-01
0.0000000000000000e+00
-1.1880555673389800e-01
1
1
1.6865613545296287e+00
1.6104865944845937e+01
9.2396117467770067e-01
3.2010397829607401e-01
3.2010397829607384e-01
1.2931872661022874e+00
0
2
8.2666666666666666e-01
2
-2.6614116415557639e+01
2.8809151925083230e+00
1.7582771921963977e-01
9.8442095322784529e-01
1.4930307593970769e+00
-1.4883968118109042e-01
1
1
-2.7007890705281973e+01
6.7625904746207699e-01
2.1445625738387841e+00
-1.8851353425404346e-01
-1.8851353425404346e-01
1.1227869745440386e+00
0
2
8.2666666666666666e-01
2
-2.5110610609111976e+01
7.0998496238525384e+00
3.3569148282693784e-01
9.4197198915756064e-01
1.4929440506744296e+00
-1.4884832564343894e-01
1
1
-2.5862363512334809e+01
4.9903824081804302e+00
2.0552630876255069e+00
-3.4435168291063689e-01
-3.4435168291063689e-01
1.2117069649199221e+00
0
2
8.3999999999999997e-01
2
-2.2874693240585216e+01
1.1063264930692780e+01
4.9134529735851845e-01
8.7096486654954630e-01
1.5168676560367991e+00
-1.4650073217516818e-01
1
1
-2.3992651924848595e+01
9.0815572772726583e+00
1.9769436740184811e+00
-4.8108260744697656e-01
-4.8108260744697645e-01
1.3955680688236600e+00
0
2
8.2666666666666666e-01
2
-2.0025848233672992e+01
1.4518518518789412e+01
6.3615184138074876e-01
7.7156388893459937e-01
1.4927489642142096e+00
-1.4886777854118369e-01
1
1
-2.1450270737129102e+01
1.2790891724741096e+01
1.7368235753188257e+00
-5.3437123572625334e-01
-5.3437123572625334e-01
1.5292927279096700e+00
0
2
8.3999999999999997e-01
2
-1.6547563171883244e+01
1.7451684920984665e+01
7.6446874040166402e-01
6.4466079836507284e-01
1.5166458648403778e+00
-1.4652215614329353e-01
1
1
-1.8286705702778118e+01
1.5985101719887037e+01
1.5908965398374293e+00
-5.5385514912899403e-01
-5.5385514912899403e-01
1.7806290408607752e+00
0
2
8.2666666666666666e-01
2
-1.2650261924893064e+01
1.9656128121585798e+01
8.7040773815075612e-01
4.9233156446371074e-01
1.4925193776693961e+00
-1.4889067810243606e-01
1
1
-1.4598912548388153e+01
1.8553906521285231e+01
1.3521811167224014e+00
-4.6639857419180480e-01
-4.6639857419180464e-01
1.9129305987145822e+00
0
2
8.2666666666666666e-01
2
-8.4075981588160129e+00
2.1086113795354791e+01
9.4762168507691491e-01
3.1939496234597697e-01
1.4923901358844800e+00
-1.4890357211488808e-01
1
1
-1.0528930041854538e+01
2.0371120958470293e+01
1.1991909633200977e+00
-3.2935527673703413e-01
-3.2935527673703413e-01
2.0653553047240809e+00
0
2
8.3999999999999997e-01
2
-3.9493570093811385e+00
2.1419439613368013e+01
9.9721667018092042e-01
7.4558116347432507e-02
1.4902281796746792e+00
-1.4911959473933306e-01
1
1
-6.1784775840985757e+00
2.1252776704361402e+01
1.0910631712142946e+00
-8.0672744872551258e-02
-8.0672744872551272e-02
2.1640315549722691e+00
0
2
8.2666666666666666e-01
2
-6.1826917552678951e-01
1.8425916161301728e+01
7.4378863335238588e-01
-6.6841489278425714e-01
1.4928469749264437e+00
-1.4885800484217188e-01
1
1
-2.2838130924539639e+00
1.9922677887334871e+01
1.5753224257209455e+00
5.4133121843553189e-01
5.4133121843553189e-01
1.6912227840441603e+00
0
2
8.3999999999999997e-01
2
2.5441771145550796e+00
1.5146012929085391e+01
6.9409945572127896e-01
-7.1987911871884724e-01
0.0000000000000000e+00
-1.0974090815362285e-01
1
1
9.6295396951414503e-01
1.6785964545193558e+01
1.3150623155348402e+00
4.3280393829405145e-01
4.3280393829405139e-01
1.2834882876364420e+00
0
2
1.0933333333333333e+00
2
9.9105343270573201e+00
9.7577978933773082e+00
7.9154584136022843e-01
-6.1110979457486048e-01
1.9623306325443473e+00
-1.1324402653496271e-01
1
1
7.5806223497109233e+00
1.1556597097990506e+01
2.5840189392833706e+00
9.1007360041140928e-01
9.1007360041140961e-01
3.0601818507729543e+00
0
2
1.1066666666666667e+00
2
9.7929101704175849e+00
4.7116368936518995e+00
-2.3303302207177679e-02
-9.9972844118102444e-01
0.0000000000000000e+00
-9.9058317920833833e-02
1
1
9.8517222487374525e+00
7.2347173935146039e+00
2.1255786757977861e+00
-2.4766500210182910e-02
-2.4766500210182899e-02
1.0636552849129597e+00
0
2
8.3999999999999997e-01
2
-2.6385863187708086e+01
2.2351824612608220e+00
1.5360007341946447e-01
9.8813309702971441e-01
1.5324092654090635e+00
-1.4501492991358406e-01
1
1
-2.6738930451221336e+01
-3.6154008757709244e-02
2.2675807387988303e+00
-1.7413787538781789e-01
-1.7413787538781789e-01
1.1743935895401236e+00
0
2
8.3999999999999997e-01
2
-2.4913821529713832e+01
6.5900420681630827e+00
3.2022319872163230e-01
9.4734212563386300e-01
1.5323079484047508e+00
-1.4502451837672217e-01
1
1
-2.5649842358710959e+01
4.4126122647119521e+00
2.1767116857335611e+00
-3.4800748382663482e-01
-3.4800748382663499e-01
1.2648075174539326e+00
0
2
8.5333333333333339e-01
2
-2.2659323076196014e+01
1.0679064940864915e+01
4.8282872065712096e-01
8.7571480888963371e-01
1.5564514958496309e+00
-1.4277490998903003e-01
1
1
-2.3786572302954923e+01
8.6345535045139989e+00
2.0912896716110287e+00
-5.0045358643609517e-01
-5.0045358643609494e-01
1.4595353440525787e+00
0
2
8.3999999999999997e-01
2
-1.9744771224979566e+01
1.4233038947395416e+01
6.3411772661525656e-01
7.7323651542868732e-01
1.5320771569098124e+00
-1.4504636481262007e-01
1
1
-2.1202047150587788e+01
1.2456051944130166e+01
1.8325096363607765e+00
-5.6231589178968200e-01
-5.6231589178968200e-01
1.6079729428934000e+00
0
2
8.5333333333333339e-01
2
-1.6160709015827383e+01
1.7224691441146042e+01
7.6770126256430227e-01
6.4080790527050790e-01
1.5561878836309211e+00
-1.4279909550749753e-01
1
1
-1.7952740120403476e+01
1.5728865194270728e+01
1.6690735610243621e+00
-5.8207776329263428e-01
-5.8207776329263461e-01
1.8805487681492348e+00
0
2
8.3999999999999997e-01
2
-1.2131124193301876e+01
1.9433812600332757e+01
8.7687214203676200e-01
4.8072366960641827e-01
1.5318025016987296e+00
-1.4507237191203401e-01
1
1
-1.4145916604564629e+01
1.8329252020739400e+01
1.4113477561026706e+00
-4.8325255824767926e-01
-4.8325255824767910e-01
2.0279013842681310e+00
0
2
8.3999999999999997e-01
2
-7.7454219389824157e+00
2.0804609448086328e+01
9.5446356408716992e-01
2.9832751269371222e-01
1.5316464728938635e+00
-1.4508715043254061e-01
1
1
-9.9382730661421448e+00
2.0119211024209541e+01
1.2481923213784412e+00
-3.2636724499883624e-01
-3.2636724499883624e-01
2.1903562135261034e+00
0
2
8.5333333333333339e-01
2
-3.1758536883870305e+00
2.0519692247368464e+01
9.9806182508730845e-01
-6.2230163935112943e-02
1.5261473573862849e+00
-1.4560993808802650e-01
1
1
-5.4606378136847233e+00
2.0662150847727396e+01
1.1423741560847491e+00
7.0678636286354471e-02
7.0678636286354443e-02
2.2715276588624991e+00
0
2
8.3999999999999997e-01
2
7.9342208827038874e-01
1.8209450841261262e+01
8.6426838967145514e-01
-5.0303096387271229e-01
1.5308808483154590e+00
-1.4515971146072515e-01
1
1
-1.1912158000583208e+00
1.9364571544314863e+01
1.4347776429934997e+00
4.9780924923216324e-01
4.9780924923216308e-01
2.0003340945425263e+00
0
2
8.5333333333333339e-01
2
4.4231001732269952e+00
1.5265229333554908e+01
7.7662601414393395e-01
-6.2996193071875850e-01
0.0000000000000000e+00
-1.0698276761273982e-01
1
1
2.6082611307486920e+00
1.6737340087408086e+01
1.2731212599773769e+00
4.4590835011023927e-01
4.4590835011023933e-01
1.4611438493853637e+00
0
2
1.0400000000000000e+00
2
1.0633687058930745e+01
1.0354259849639989e+01
7.6646838923009919e-01
-6.4228203175164178e-01
1.8882542459310880e+00
-1.1768660004397113e-01
1
1
8.4627562734271997e+00
1.2173447509950414e+01
2.4606751769515984e+00
8.5758622089417824e-01
8.5758622089417835e-01
2.7654406199946520e+00
0
2
1.0400000000000000e+00
2
1.1052270616978809e+01
5.2950436329440516e+00
8.2455101978269538e-02
-9.9659478031833637e-01
0.0000000000000000e+00
-9.8493001448472436e-02
1
1
1.0842978837954778e+01
7.8246517412920209e+00
2.1433219393086711e+00
8.8363400478654153e-02
8.8363400478654194e-02
1.0826273323247577e+00
0
2
8.1333333333333335e-01
2
-2.4801293945349840e+01
2.4664561114768713e+00
1.6426898275071206e-01
9.8641558245297722e-01
1.4513393182838732e+00
-1.5311527733224195e-01
1
1
-2.5158908995510746e+01
3.1902053300403088e-01
2.0305107680786456e+00
-1.6675937068503879e-01
-1.6675937068503879e-01
1.0569113442763751e+00
0
2
8.2666666666666666e-01
2
-2.3328219585464563e+01
6.6389755843362241e+00
3.3290460566661767e-01
9.4296051005646786e-01
1.4749714430810708e+00
-1.5066205062114410e-01
1
1
-2.4064756765407203e+01
4.5527158479065477e+00
2.0080574701169165e+00
-3.3367015785282844e-01
-3.3367015785282844e-01
1.1807280736915184e+00
0
2
8.1333333333333335e-01
2
-2.1170745438869588e+01
1.0420183225891432e+01
4.9558195867054061e-01
8.6856117933066213e-01
1.4511384772646310e+00
-1.5313646885106855e-01
1
1
-2.2249482512167077e+01
8.5295794051138287e+00
1.8050232568768030e+00
-4.4286407451260995e-01
-4.4286407451260984e-01
1.2815444197282035e+00
0
2
8.2666666666666666e-01
2
-1.8311517069345889e+01
1.3796364391282518e+01
6.4626617348034177e-01
7.6311207107152812e-01
1.4747423929709313e+00
-1.5068545074814466e-01
1
1
-1.9741131254107739e+01
1.2108273808586976e+01
1.6813920084001570e+00
-5.2404539782857951e-01
-5.2404539782857928e-01
1.5064032315325793e+00
0
2
8.2666666666666666e-01
2
-1.4863471857539743e+01
1.6567878700369661e+01
7.7942463573519427e-01
6.2649599935598921e-01
1.4746113366704867e+00
-1.5069884293984614e-01
1
1
-1.6587494463442816e+01
1.5182121545826089e+01
1.4794023789026221e+00
-5.1878140529836503e-01
-5.1878140529836514e-01
1.7078263050143607e+00
0
2
8.1333333333333335e-01
2
-1.1006748890439397e+01
1.8584845274040312e+01
8.8613559820618371e-01
4.6342604759742279e-01
1.4507647869797664e+00
-1.5317591398454689e-01
1
1
-1.2935110373989570e+01
1.7576361987204987e+01
1.2491731811335636e+00
-4.2229065346041328e-01
-4.2229065346041328e-01
1.8358050236729506e+00
0
2
8.2666666666666666e-01
2
-6.7568508960459779e+00
1.9809907664827389e+01
9.6087593949977301e-01
2.7697911273312353e-01
1.4743138073946338e+00
-1.5072925526955974e-01
1
1
-8.8817998932426878e+00
1.9197376469433848e+01
1.1434533271690448e+00
-2.8263831668230271e-01
-2.8263831668230271e-01
2.0424893254377459e+00
0
2
8.1333333333333335e-01
2
-2.4695052602814327e+00
1.9791140542106792e+01
9.9999041963274649e-01
-4.3772871419829407e-03
1.4291289035012631e+00
-1.5549487640883458e-01
1
1
-4.6131780781637053e+00
1.9800524103467090e+01
9.9790215496431445e-01
4.3679787305593602e-03
4.3679787305593585e-03
1.9957469496876958e+00
0
2
8.2666666666666666e-01
2
1.2617215401139081e+00
1.7417368764937830e+01
8.4372757183474445e-01
-5.3677163163290054e-01
1.4741040927391320e+00
-1.5075069889351989e-01
1
1
-6.0389186008376228e-01
1.8604254653522311e+01
1.3675736899368838e+00
4.8082266861406542e-01
4.8082266861406558e-01
1.8174626544706900e+00
0
2
8.2666666666666666e-01
2
4.7407531108219283e+00
1.4674123647914682e+01
7.8525132887201521e-01
-6.1917715599393197e-01
0.0000000000000000e+00
-1.1285487252882394e-01
1
1
3.0012373254679181e+00
1.6045746206426255e+01
1.1330471874039947e+00
3.9822635572970477e-01
3.9822635572970466e-01
1.3240800668408617e+00
0
2
1.3600000000000001e+00
2
1.1344850165886799e+01
9.1246187868138122e+00
7.4634379371424797e-01
-6.6556062202043176e-01
2.4056353099043535e+00
-9.2375690241700698e-02
1
1
8.6517036906563494e+00
1.1526262986635196e+01
4.0799420875444188e+00
1.4045039271700295e+00
1.4045039271700299e+00
4.4024368085927890e+00
0
2
1.3600000000000001e+00
2
1.0452314416187347e+01
3.1990282014510667e+00
-1.4894382075518783e-01
-9.8884565947312852e-01
0.0000000000000000e+00
-8.3438574200160903e-02
1
1
1.0898582291037073e+01
6.1618234941324399e+00
2.9634602306648166e+00
-2.2068066137817671e-01
-2.2068066137817677e-01
1.5315897985259825e+00
0
2
8.0000000000000004e-01
2
-2.7189096061275464e+01
4.0779132642560558e+00
2.2272574446736879e-01
9.7488114288432948e-01
1.5225278606028723e+00
-1.4595609576184002e-01
1
1
-2.7697755288113093e+01
1.8514877130294138e+00
2.2089684568680279e+00
-2.4591749137616145e-01
-2.4591749137616153e-01
1.1887593578855673e+00
0
2
8.1333333333333335e-01
2
-2.5422316538198210e+01
8.3719402227820616e+00
3.8050134138944552e-01
9.2478036808792197e-01
1.5477646032518133e+00
-1.4357624005313149e-01
1
1
-2.6305706299736837e+01
6.2249267435190587e+00
2.1714097041388212e+00
-4.1185225493667948e-01
-4.1185225493667960e-01
1.3398900740941100e+00
0
2
8.0000000000000004e-01
2
-2.2994522746308345e+01
1.2240253364318381e+01
5.3158798987957767e-01
8.4700307497422356e-01
1.5223530491724371e+00
-1.4597285586482320e-01
1
1
-2.4208419642253276e+01
1.0306096793550221e+01
1.9446553748924116e+00
-5.0983276680429590e-01
-5.0983276680429590e-01
1.4522922537291918e+00
0
2
8.1333333333333335e-01
2
-1.9880048446099629e+01
1.5683257250138325e+01
6.7083936041119230e-01
7.4160269182568528e-01
1.5475509657531588e+00
-1.4359606057566685e-01
1
1
-2.1437285596203985e+01
1.3961755307228353e+01
1.8136409911545344e+00
-5.8212545274285987e-01
-5.8212545274285998e-01
1.6966895265992443e+00
0
2
8.1333333333333335e-01
2
-1.6195958220841295e+01
1.8507846827426309e+01
7.9359383755996316e-01
6.0844787861151328e-01
1.5474289453429917e+00
-1.4360738364821415e-01
1
1
-1.8038003333470463e+01
1.7095552038782316e+01
1.6030424585576943e+00
-5.6491087363693593e-01
-5.6491087363693593e-01
1.9067345199684378e+00
0
2
8.0000000000000004e-01
2
-1.2122858160110185e+01
2.0571426598464605e+01
8.9204674761653158e-01
4.5194313809014514e-01
1.5220054597714245e+00
-1.4600619255044961e-01
1
1
-1.4159408190475741e+01
1.9539636712945459e+01
1.3629717270816633e+00
-4.5628970001551328e-01
-4.5628970001551333e-01
2.0324248707901504e+00
0
2
8.1333333333333335e-01
2
-7.6598145845214001e+00
2.1845934638458509e+01
9.6156077575965571e-01
2.7459219675819113e-01
1.5471525350934008e+00
-1.4363304017002226e-01
1
1
-9.8913363723157932e+00
2.1208680618461557e+01
1.2576896460913141e+00
-3.0879341534641813e-01
-3.0879341534641797e-01
2.2508335731745408e+00
0
2
8.0000000000000004e-01
2
-3.1388055089640932e+00
2.1972588764414308e+01
9.9960782275446769e-01
2.8003583486268427e-02
1.5075942693537043e+00
-1.4740187511954889e-01
1
1
-5.3993100467427464e+00
2.1909261701436407e+01
1.1113381682832619e+00
-3.1084869276122428e-02
-3.1084869276122435e-02
2.2200638488124720e+00
0
2
8.1333333333333335e-01
2
4.6654490926443498e-01
1.9100472634286579e+01
7.8215443704055199e-01
-6.2308461433241746e-01
1.5365040659873346e+00
-1.4462846349802891e-01
1
1
-1.3361302998498290e+00
2.0536530699350443e+01
1.6012792457620946e+00
5.6213911064912836e-01
5.6213911064912825e-01
1.8591144821086147e+00
0
2
8.1333333333333335e-01
2
3.4520016154881459e+00
1.5537795056168790e+01
6.4228440615368931e-01
-7.6646639953216644e-01
0.0000000000000000e+00
-1.0756886958279023e-01
1
1
1.9592732623762905e+00
1.7319133845227682e+01
1.4311315090956347e+00
4.4380716868459918e-01
4.4380716868459924e-01
1.2734188266968243e+00
0
2
1.2133333333333334e+00
2
1.1311533318460294e+01
8.4578192785255091e+00
7.1711453365369626e-01
-6.9695533976191160e-01
2.2896011224609638e+00
-9.7057177358197674e-02
1
1
8.8486739566804324e+00
1.0851443870861562e+01
3.8054084661842928e+00
1.2801178887499636e+00
1.2801178887499631e+00
3.8784215217916218e+00
0
2
1.2266666666666666e+00
2
1.0508280525360885e+01
2.7365825737369343e+00
-1.3903483359447330e-01
-9.9028749110920167e-01
0.0000000000000000e+00
-8.6544880259922519e-02
1
1
1.0909906921910590e+01
5.5972009261312214e+00
2.7585206168820946e+00
-1.9175609431430762e-01
-1.9175609431430765e-01
1.4196436974615232e+00
0
2
8.8000000000000000e-01
2
-2.6859504484459592e+01
3.3683462257513495e+00
1.8330429706429383e-01
9.8305622152436689e-01
1.6781198710567664e+00
-1.3242333045152588e-01
1
1
-2.7320914359490118e+01
8.9381695619231505e-01
2.7055437218138558e+00
-2.4793269193408338e-01
-2.4793269193408340e-01
1.4221175302885261e+00
0
2
8.8000000000000000e-01
2
-2.5046257004253278e+01
8.0643939963211739e+00
3.6020315501827094e-01
9.3287388596470178e-01
1.6779859318688637e+00
-1.3243390066728469e-01
1
1
-2.5952880744356435e+01
5.7163701110362615e+00
2.5728471390495056e+00
-4.6225744342861946e-01
-4.6225744342861946e-01
1.5541552405343044e+00
0
2
8.8000000000000000e-01
2
-2.2381353193765449e+01
1.2334599205006946e+01
5.2943102261822217e-01
8.4835298802410286e-01
1.6778413659434765e+00
-1.3244531141790228e-01
1
1
-2.3713805099009363e+01
1.0199496600664059e+01
2.3653315517143074e+00
-6.1776686162522554e-01
-6.1776686162522554e-01
1.7609597394082095e+00
0
2
8.8000000000000000e-01
2
-1.8939635837119091e+01
1.6006952729483444e+01
6.8382331134544394e-01
7.2964764020762252e-01
1.6776835475598075e+00
-1.3245777044511442e-01
1
1
-2.0660494515442270e+01
1.4170775967245195e+01
2.1072934122293425e+00
-6.8614200748697785e-01
-6.8614200748697785e-01
2.0182216744091841e+00
0
2
8.8000000000000000e-01
2
-1.4834393031257617e+01
1.8917857239529738e+01
8.1574093953765048e-01
5.7841742674493424e-01
1.6775108398949397e+00
-1.3247140759826012e-01
1
1
-1.6887014434188355e+01
1.7462404984506591e+01
1.8348805398730867e+00
-6.4872574279539175e-01
-6.4872574279539141e-01
2.2897851954038351e+00
0
2
8.8000000000000000e-01
2
-1.0218338197234846e+01
2.0921029287500534e+01
9.1734657572542722e-01
3.9808951255318564e-01
1.6773212931628185e+00
-1.3248637761176443e-01
1
1
-1.2526365614246231e+01
1.9919443263515134e+01
1.5924144794637063e+00
-5.0197667197780738e-01
-5.0197667197780738e-01
2.5313191929939935e+00
0
2
8.8000000000000000e-01
2
-5.2826798889777260e+00
2.1897573443848746e+01
9.8098326352634291e-01
1.9409234060417102e-01
1.6771126452979763e+00
-1.3250286010617940e-01
1
1
-7.7505090431062857e+00
2.1409301365674640e+01
1.4260059266858081e+00
-2.6165636035152473e-01
-2.6165636035152462e-01
2.6967018782593901e+00
0
2
8.8000000000000000e-01
2
-4.0209068913001683e-01
2.1333432092178725e+01
9.9338582152396371e-01
-1.1482425525628119e-01
1.6376950741254945e+00
-1.3569206241942550e-01
1
1
-2.8423852890538712e+00
2.1615502768013734e+01
1.3276741618263774e+00
1.4947016488802298e-01
1.4947016488802298e-01
2.6035171016005680e+00
0
2
8.8000000000000000e-01
2
1.7229845912804176e+00
1.6790621534618442e+01
4.2371983681565539e-01
-9.0579329865533575e-01
0.0000000000000000e+00
-9.9695253321524457e-02
1
1
6.6044695107520035e-01
1.9062026813398582e+01
1.9106430535951444e+00
4.0281530265078014e-01
4.0281530265078014e-01
1.2379701750478116e+00
0
2
1.3200000000000001e+00
2
1.1061981619730590e+01
7.3998762234488940e+00
7.1182269271428167e-01
-7.0235920591744883e-01
2.4883090898171734e+00
-8.9306518684360806e-02
1
1
8.4051293048019637e+00
1.0021406418050635e+01
4.5174672174021300e+00
1.5124345648234712e+00
1.5124345648234718e+00
4.5579529442272193e+00
0
2
1.3200000000000001e+00
2
9.2201746802075508e+00
1.8413610008099546e+00
-3.1453176709030345e-01
-9.4924694758058126e-01
0.0000000000000000e+00
-8.5386736345926639e-02
1
1
1.0141078149969070e+01
4.6206186121294239e+00
2.7199708539774994e+00
-4.2717902401018504e-01
-4.2717902401018504e-01
1.5723032652946163e+00
0
2
8.3999999999999997e-01
2
-2.6728018297892916e+01
2.5525403713926114e+00
1.5773757153808241e-01
9.8748106742624098e-01
1.5358816897264922e+00
-1.4468707043561099e-01
1
1
-2.7091417669753810e+01
2.7755923577530817e-01
2.2763843712431240e+00
-1.7952142533063184e-01
-1.7952142533063187e-01
1.1812065905627851e+00
0
2
8.3999999999999997e-01
2
-2.5242175079463962e+01
6.9137403204230115e+00
3.2249318636990293e-01
9.4657178531001396e-01
1.5357877119349708e+00
-1.4469592411456386e-01
1
1
-2.5985096688678439e+01
4.7331403459078114e+00
2.1849279415914364e+00
-3.5178175326701572e-01
-3.5178175326701572e-01
1.2722399058253824e+00
0
2
8.3999999999999997e-01
2
-2.3022407203768179e+01
1.0950773623874344e+01
4.8181868471027506e-01
8.7627093701894532e-01
1.5356868646072839e+00
-1.4470542618012847e-01
1
1
-2.4132291141616072e+01
8.9322569721486786e+00
2.0369847200484301e+00
-4.8647913530868508e-01
-4.8647913530868520e-01
1.4197291131981167e+00
0
2
8.5333333333333339e-01
2
-2.0068325638071030e+01
1.4580168261950513e+01
6.3126151907007855e-01
7.7557004489687242e-01
1.5598825930067002e+00
-1.4246086418201842e-01
1
1
-2.1545366420919606e+01
1.2765470942912430e+01
1.9039257702839267e+00
-5.8203754486656700e-01
-5.8203754486656711e-01
1.6625716312104313e+00
0
2
8.3999999999999997e-01
2
-1.6551747271690203e+01
1.7555457342070305e+01
7.6341596149775126e-01
6.4590716804387904e-01
1.5354575328682878e+00
-1.4472703898694186e-01
1
1
-1.8310036454880617e+01
1.6067812802010408e+01
1.6324594104553005e+00
-5.6799405832563421e-01
-5.6799405832563432e-01
1.8232220834238999e+00
0
2
8.3999999999999997e-01
2
-1.2538817327024654e+01
1.9816321161144561e+01
8.7124222254040162e-01
4.9085332805519527e-01
1.5353288445871738e+00
-1.4473916972619275e-01
1
1
-1.4545282299357428e+01
1.8685889251607435e+01
1.4291880698401807e+00
-4.9252729833845083e-01
-4.9252729833845083e-01
2.0259141998450767e+00
0
2
8.5333333333333339e-01
2
-8.0933279897609971e+00
2.1274151099808982e+01
9.5021103336874269e-01
3.1160711170367450e-01
1.5594743978444638e+00
-1.4249815356339426e-01
1
1
-1.0316072658392827e+01
2.0545236130476773e+01
1.3035843811440624e+00
-3.5182019263886843e-01
-3.5182019263886832e-01
2.2610466792433841e+00
0
2
8.3999999999999997e-01
2
-3.5292522263387509e+00
2.1684442579793625e+01
9.9598369417808708e-01
8.9534802905745225e-02
1.5274934687187645e+00
-1.4548161859482020e-01
1
1
-5.8112901080498744e+00
2.1479296839801304e+01
1.1491141975468933e+00
-1.0165755683873626e-01
-1.0165755683873626e-01
2.2708126169983016e+00
0
2
8.3999999999999997e-01
2
4.1963817677114094e-02
1.8832272474958515e+01
7.8138114956174376e-01
-6.2405408348120572e-01
1.5234630995039429e+00
-1.4586649476090383e-01
1
1
-1.7436442043308185e+00
2.0258357527376070e+01
1.5755841518720817e+00
5.5295001201264493e-01
5.5295001201264493e-01
1.8263191703179964e+00
0
2
8.5333333333333339e-01
2
3.0391308240526533e+00
1.5231010617901960e+01
6.3969497074454573e-01
-7.6862887299667237e-01
0.0000000000000000e+00
-1.0671660427727153e-01
1
1
1.5405473208648837e+00
1.7031641546430237e+01
1.4571221992435481e+00
4.5037332418575987e-01
4.5037332418576004e-01
1.2907990545581502e+00
0
2
1.1200000000000001e+00
2
1.0667033563384154e+01
8.7052126299504859e+00
7.3486067135534450e-01
-6.7821810186338460e-01
2.0339509082890244e+00
-1.0925643353366743e-01
1
1
8.4250277684305246e+00
1.0774406116405121e+01
2.9509687600095456e+00
1.0073772738360172e+00
1.0073772738360172e+00
3.1127495998330605e+00
0
2
1.1200000000000001e+00
2
9.3842233371532622e+00
3.9276921642231355e+00
-2.5932401208030481e-01
-9.6579037930524758e-01
0.0000000000000000e+00
-1.0107652978501803e-01
1
1
1.0025628450268709e+01
6.3164523970868105e+00
1.9734325933814769e+00
-2.5572429166841382e-01
-2.5572429166841376e-01
1.0897129469828315e+00
0
2
1.0133333333333334e+00
2
8.5187494126640946e+00
1.3518053360844279e+01
9.5617047435574620e-01
-2.9281055986816296e-01
1.7465765387384842e+00
-1.2723302832335578e-01
1
1
6.0137120363478038e+00
1.4285177442085200e+01
1.6182183649706114e+00
4.1728631476590794e-01
4.1728631476590794e-01
2.8530767243912036e+00
0
2
1.0133333333333334e+00
2
1.1799914861027904e+01
9.7753414238503922e+00
6.5922033362781962e-01
-7.5194983325460352e-01
1.6591141995003442e+00
-1.3394028107838890e-01
1
1
1.0159332136846000e+01
1.1646697392347335e+01
2.1053419537115561e+00
6.6666684372535356e-01
6.6666684372535356e-01
1.9293524781410412e+00
0
2
1.0133333333333334e+00
2
8.8809154427117480e+00
5.7006067027530385e+00
-5.8235718434723061e-01
-8.1293302912304277e-01
1.6707955740187694e+00
-1.3300383702101298e-01
1
1
1.0340415151869827e+01
7.7379740633017153e+00
2.2652519892600664e+00
-6.4569537065456939e-01
-6.4569537065456939e-01
1.8264568352948729e+00
0
2
1.0133333333333334e+00
2
4.3329477929994713e+00
3.0924350412786339e+00
-8.6747526304961331e-01
-4.9748031920569902e-01
1.7475878346562779e+00
-1.2715940098423134e-01
1
1
6.6069316178556097e+00
4.3965208720158362e+00
1.8614474161343399e+00
-6.4394364715192431e-01
-6.4394364715192465e-01
2.6150270758691532e+00
0
2
1.0266666666666666e+00
2
9.0002150000000006e-03
1.7496560000000001e-02
-8.1494363572027484e-01
-5.7954022345219480e-01
0.0000000000000000e+00
-9.4236067970245696e-02
1
1
2.1709740039997358e+00
1.5549658006393170e+00
1.5691912924168232e+00
-5.5478392194776094e-01
-5.5478392194776094e-01
1.9547930063625394e+00
0
2
5.9999999999999998e-01
2
5.2507103723645265e+00
1.3355396302603705e+01
8.3399907296905340e-01
-5.5176584371158710e-01
0.0000000000000000e+00
-1.5407146218555184e-01
1
1
3.8974437434598030e+00
1.4250704615844548e+01
5.7322954903927004e-01
2.0221948296007736e-01
2.0221948296007736e-01
7.4509964608357993e-01
0
2
1.0000000000000000e+00
2
5.1414085824396878e+00
1.9833309636151299e+00
-8.6257143989591589e-01
-5.0593528348582917e-01
1.7975328855231520e+00
-1.2362623460852394e-01
1
1
7.4671593764286364e+00
3.3474839286335145e+00
1.9827591621824028e+00
-6.8893867400758246e-01
-6.8893867400758246e-01
2.7532417503325015e+00
0
2
1.0133333333333334e+00
2
1.9706689999999999e-02
9.8533460000000007e-03
-9.3312614794374926e-01
-3.5954915105401142e-01
0.0000000000000000e+00
-9.1095320221698889e-02
1
1
2.5805576362198437e+00
9.9659215480756502e-01
1.4195635233249306e+00
-4.2174847106896407e-01
-4.2174847106896418e-01
2.3516067738593227e+00
0
2
4.1333333333333333e-01
2
6.2918254879236546e+00
1.3992635170260840e+01
8.2654357606424012e-01
-5.6287273594209353e-01
0.0000000000000000e+00
-2.2115170420282157e-01
1
1
5.3574628305753249e+00
1.4628932251907873e+01
2.8086313695778375e-01
9.9229867321452114e-02
9.9229867321452114e-02
3.5900089370383270e-01
0
2
1.1333333333333333e+00
2
5.9005715534008791e+00
1.9875649604645678e+00
-8.4149989137362369e-01
-5.4025728391034156e-01
2.0406812155251917e+00
-1.0889609828893873e-01
1
1
8.4764210851898447e+00
3.6413042967043099e+00
2.6285040304701668e+00
-9.2500027641001215e-01
-9.2500027641001181e-01
3.4754101947760034e+00
0
2
1.1333333333333333e+00
2
1.6646680000000001e-02
8.3233390000000008e-03
-9.4781309732237828e-01
-3.1882649285177017e-01
0.0000000000000000e+00
-8.0542589998650604e-02
1
1
2.9586091167004396e+00
9.9794414973228385e-01
1.7714936963364700e+00
-4.8592914618125044e-01
-4.8592914618125044e-01
3.0526151265929489e+00
0
2
2.6666666666666666e-01
2
5.9585572154259010e+00
1.3927907186456579e+01
8.5265727403184310e-01
-5.2247064323326953e-01
0.0000000000000000e+00
-3.5007981612491196e-01
1
1
5.3496551631239146e+00
1.4301015417185631e+01
1.0835100631388181e-01
3.7918336265770375e-02
3.7918336265770375e-02
1.4699797745745227e-01
0
2
1.0266666666666666e+00
2
5.4286896838715508e+00
1.0227057976842073e+00
-9.1759438060300125e-01
-3.9751799039262942e-01
1.8249257110076962e+00
-1.2177055804617630e-01
1
1
7.9405020500294494e+00
2.1108669995676372e+00
1.8842715067848652e+00
-5.9351916495515733e-01
-5.9351916495515711e-01
2.9971742561975225e+00
0
2
1.0266666666666666e+00
2
2.5881250000000001e-02
0.0000000000000000e+00
-9.8255187689991785e-01
-1.8598873406862232e-01
0.0000000000000000e+00
-9.0929734870854914e-02
1
1
2.7272854669357756e+00
5.1135289884210366e-01
1.3052815811722913e+00
-2.3055646351794995e-01
-2.3055646351795001e-01
2.4796360150177557e+00
0
2
6.5333333333333332e-01
2
6.3858145949005722e+00
1.3245068463197615e+01
7.8793508702219628e-01
-6.1575831187189356e-01
0.0000000000000000e+00
-1.3428515937304245e-01
1
1
4.9189081051943591e+00
1.4391431759683202e+01
7.9782033708404743e-01
2.8066723018287898e-01
2.8066723018287915e-01
9.3763020083718152e-01
0
2
9.5999999999999996e-01
2
5.3133948285340411e+00
1.0627979278710546e+00
-9.5181482050471899e-01
-3.0667335630531956e-01
1.8192914507159248e+00
-1.2214767575298267e-01
1
1
7.9108376769474624e+00
1.8996902508039946e+00
1.7692042947581266e+00
-4.7203032489620161e-01
-4.7203032489620161e-01
3.0821461289137368e+00
0
2
9.5999999999999996e-01
2
1.0986979999999999e-03
1.4517990000000000e-02
-9.8108102896837968e-01
-1.9359755834809875e-01
0.0000000000000000e+00
-9.2340581629977048e-02
1
1
2.6572467632670205e+00
5.3865795893552737e-01
1.2692335736783846e+00
-2.3236278099804730e-01
-2.3236278099804725e-01
2.4009101085681439e+00
0
2
1.0266666666666666e+00
2
5.7482769898733377e+00
1.2642936612652374e+01
6.9643958091784508e-01
-7.1761543331437383e-01
0.0000000000000000e+00
-8.6507949231376627e-02
1
1
3.7356307905768777e+00
1.4716779073635408e+01
2.1117357417398051e+00
6.9664288492732929e-01
6.9664288492732929e-01
2.0699967266012789e+00
0
2
8.1333333333333335e-01
2
4.7256560870193054e+00
6.6595522369122551e-01
-9.6746343298783488e-01
-2.5301088085573109e-01
1.5485576129417598e+00
-1.4350271527842723e-01
1
1
6.9729153836134277e+00
1.2536581122505901e+00
1.2466344314567306e+00
-2.8679087343367654e-01
-2.8679087343367660e-01
2.2682643541081617e+00
0
2
8.1333333333333335e-01
2
1.2308620000000001e-01
1.1531820000000000e-04
-9.8969717006377877e-01
-1.4317650494319062e-01
0.0000000000000000e+00
-1.0751571343381837e-01
1
1
2.4243711435096529e+00
3.3303527094561275e-01
9.2090735707679128e-01
-1.2787252075408403e-01
-1.2787252075408403e-01
1.7863179183044076e+00
0
2
7.1999999999999997e-01
2
6.1830219734768974e+00
1.2843599602859754e+01
7.9639964217470793e-01
-6.0477070856978277e-01
0.0000000000000000e+00
-1.2665827223702650e-01
1
1
4.6110763987647756e+00
1.4037305110380856e+01
8.8807645032261462e-01
3.1318554508730634e-01
3.1318554508730634e-01
1.0626715001549198e+00
0
2
9.2000000000000004e-01
2
4.7943166444808334e+00
1.8405674288211471e+00
-9.1030643548817725e-01
-4.1393501121409015e-01
1.6807185337945980e+00
-1.3221858256093946e-01
1
1
7.0892699908170478e+00
2.8841297965221413e+00
1.6166298728927042e+00
-5.2005177900978750e-01
-5.2005177900978761e-01
2.5238251073467137e+00
0
2
9.3333333333333335e-01
2
1.4106070000000000e-02
2.5882739999999998e-03
-9.3338245836135458e-01
-3.5888324901465396e-01
0.0000000000000000e+00
-9.7629847453187452e-02
1
1
2.4042113572404169e+00
9.2157785141057358e-01
1.2353719049286274e+00
-3.6660182675170266e-01
-3.6660182675170266e-01
2.0478713201267182e+00
0
2
2.5000000000000000e+01
2
0.0000000000000000e+00
0.0000000000000000e+00
0.0000000000000000e+00
0.0000000000000000e+00
0.0000000000000000e+00
-1.0000000000000000e+00
1
1
0.0000000000000000e+00
0.0000000000000000e+00
2.0000000000000000e+00
0.0000000000000000e+00
0.0000000000000000e+00
2.0000000000000000e+00
0
