2
1
1
12
9.8950044774043761e-02
1.1212280540349716e-01
1.0603898928513236e-01
1.2573317529905575e-01
8.3729632981263596e-02
7.0734072925388691e-02
6.5716646594849076e-02
7.4207604562855023e-02
6.5570121668626191e-02
6.7001213933859577e-02
7.9679701604433203e-02
5.0515990966995758e-02
2
1
1.1562222619268150e+01
8.6280574419425307e+00
1.4035287285680731e+01
4.0393845574971916e+00
-1.7424033006599939e+00
-1.6974552590103507e+00
-1.7424033006599939e+00
7.8813891841867720e+00
4.3460511607644869e-01
-1.6974552590103507e+00
4.3460511607644869e-01
6.9877420012667946e+00
1
2
1
-7.3528555666561450e+00
3.2073797180261785e+01
1.7681811896652363e+01
1.6993154465010548e+01
1.7033636042559295e+00
2.6563810961182766e+00
1.7033636042559295e+00
3.3779866930451767e+00
3.5845056115186102e-01
2.6563810961182766e+00
3.5845056115186102e-01
6.2959815702320254e+00
1
2
1
1.7295066796583063e+00
2.7908833612084706e+01
1.5772824099170744e+01
3.2496090895333896e+00
-1.5118007960753945e+00
-2.1492055214097222e-01
-1.5118007960753945e+00
1.1517314731195956e+01
-4.3047076584610631e+00
-2.1492055214097222e-01
-4.3047076584610631e+00
6.8125831106780730e+00
1
2
1
-1.7213910869328668e+01
2.4126536196101384e+01
1.8980835158140739e+01
1.0076839870585536e+01
1.0872740840515366e+01
-8.5556222724996778e-01
1.0872740840515366e+01
2.0845246026006514e+01
-1.0689085291205385e+00
-8.5556222724996778e-01
-1.0689085291205385e+00
7.8035912964226668e+00
1
2
1
-3.2716835302344066e+01
3.6050152931272170e+00
1.9469643293697143e+01
4.6783619172171225e+00
-3.1252619116956111e+00
-3.5842981068155417e+00
-3.1252619116956111e+00
1.2523691663403421e+01
5.1714491641742191e+00
-3.5842981068155417e+00
5.1714491641742191e+00
1.1797624104346090e+01
1
2
1
-2.8289749798285218e+01
-1.7183611162152950e+00
8.6813404404465810e+00
4.2926531800541570e+00
-6.4549140486856305e-01
-5.0379179162578591e+00
-6.4549140486856305e-01
2.8543272151281451e+00
2.6774339663467224e+00
-5.0379179162578591e+00
2.6774339663467224e+00
2.5317547286819067e+01
1
2
1
8.2831015633812655e+00
2.9972332028917794e+00
1.6707124309202516e+01
7.4577648466888622e+00
2.3916561168362169e+00
-4.7828740270955333e-01
2.3916561168362169e+00
4.3618493940804974e+00
1.3519176395174884e-01
-4.7828740270955333e-01
1.3519176395174884e-01
3.4684440045487372e+00
1
2
1
2.2386929380344984e+00
8.5691351257082549e-01
1.1134970542554781e+01
5.1274564773001714e+00
1.0362438652594830e+00
5.6061418745743223e+00
1.0362438652594830e+00
2.5997773014264647e+00
1.5659013103373123e+00
5.6061418745743223e+00
1.5659013103373123e+00
1.7345927747305339e+01
1
2
1
6.0103950791672185e+00
1.3670437389237652e+01
1.7962582329085780e+01
7.8891168082834504e+00
-3.4897355291893493e+00
-1.2027796413086451e+00
-3.4897355291893493e+00
4.7016307536300896e+00
5.6026399131586946e-01
-1.2027796413086451e+00
5.6026399131586946e-01
4.7466896995024399e+00
1
2
1
1.7515288490021781e+00
1.9095696840062843e+01
1.7087105699800944e+01
2.6914617118755517e+00
-8.4226249315926760e-01
5.9238600004853870e-01
-8.4226249315926760e-01
8.4532650295579845e+00
4.3775166408414540e-01
5.9238600004853870e-01
4.3775166408414540e-01
3.9537399035874703e+00
1
2
1
-2.5260027460964377e+01
1.5439142561168506e+01
1.9436429537592833e+01
1.4419952757305996e+01
5.0464783825305757e+00
-2.0491342362897962e+00
5.0464783825305757e+00
5.5389741069303593e+00
-3.3652783992148411e-01
-2.0491342362897962e+00
-3.3652783992148411e-01
4.5946191765505233e+00
1
2
1
-3.1506543201086401e+01
1.1213261628634251e+01
1.7726244880624037e+01
5.2050271066950540e+00
2.0239433009594090e+00
-1.4797247356141889e+00
2.0239433009594090e+00
6.0389792360524339e+00
-1.3668379613164352e-02
-1.4797247356141889e+00
-1.3668379613164352e-02
1.0002974665121078e+01
1
