2
11
1
2
1
2
-1.1935791444860010e+01
1.3793946031065438e+00
-1.4044054954238815e+01
-2.2682321334612716e+00
4.9326797777137500e+01
0.0000000000000000e+00
1
2
4
2
-2.3802934679699451e+01
-6.5269409594771037e+00
3.2738366752043389e+00
5.2875195736550507e-01
1.1498669111044020e+01
0.0000000000000000e+00
2
-2.3323443523832744e+01
1.3277024237651336e+00
-5.4699366360389003e+00
-2.0693680703888773e-02
1.8966370157317744e+01
0.0000000000000000e+00
2
-1.3315819385532569e+01
8.1754529711276969e-01
3.0830136199859677e+00
4.2477946513211862e+00
1.8199088421488206e+01
0.0000000000000000e+00
2
-2.5579035947296116e+01
-3.3789480340632783e+00
-2.3306636632832783e-03
-1.1674962743998083e-03
5.2134596159529224e+02
0.0000000000000000e+00
1
2
3
2
-2.4947604049509678e+01
-3.1973094229877002e+00
3.5644868001208980e+00
2.9887327012351006e-01
1.2402727771262917e+01
0.0000000000000000e+00
2
-2.6183926945024179e+01
3.7391317529849100e+00
-4.7881681271983147e+00
-6.3115248218075293e-01
1.6745912434104572e+01
0.0000000000000000e+00
2
-2.7922631263815749e+01
-8.3868823284050897e-01
-2.5884734220589902e-03
-1.1214289194384924e-03
5.6419135184082859e+02
0.0000000000000000e+00
1
2
3
2
-2.9564646425853155e+01
2.9312229023328369e+00
-3.4998118518590520e+00
-7.8527654222436660e-01
1.2436827287290070e+01
0.0000000000000000e+00
2
-1.5756194599681743e+01
6.2690511564072731e+00
1.5393155860793053e+00
5.5039881908555746e+00
1.9816611293603717e+01
0.0000000000000000e+00
2
-2.5755516500256174e+01
5.5088725036568622e+00
-3.3155542619153784e+00
6.0137876037541971e-01
1.1683797859168365e+01
0.0000000000000000e+00
1
2
5
2
-3.4222311824172387e+01
4.5598604543674073e+00
-2.9915533399534926e+00
-1.1887242342158153e+00
1.4018083716633313e+01
0.0000000000000000e+00
2
-2.0161305934626125e+01
-8.0404072787326015e+00
5.9385636552045247e+00
6.3625002333156266e-01
2.6008601689700360e+01
0.0000000000000000e+00
2
-2.8810347181569306e+01
9.1720040352376699e+00
-2.8792838465155124e+00
2.3779402269910701e+00
1.6261648907083604e+01
0.0000000000000000e+00
2
-3.2669740042243838e+01
-5.7093365492657266e-01
-1.8717742250098033e+00
-1.1239393222545579e+00
9.5075766381884854e+00
0.0000000000000000e+00
2
-2.7419886156934723e+01
-2.0442562923336394e+00
-9.5088101201624198e-02
-2.9475441079418657e-01
7.1188217502166992e+02
0.0000000000000000e+00
1
2
6
2
-3.7400078539882983e+01
7.1059728179743260e+00
-2.6555139135786772e+00
1.0367920663052517e+00
1.6502318855008490e+01
0.0000000000000000e+00
2
-3.7440388118479333e+01
-3.4727375730296556e-01
-1.4706337921513137e+00
-5.6071759259100773e-01
1.0791786044304773e+01
0.0000000000000000e+00
2
-2.5686917514581083e+01
-2.5528555590499731e+00
1.0559685189020383e-01
-1.7083558501043694e+00
1.7020437987123536e+01
0.0000000000000000e+00
2
-2.0333907345504617e+01
-1.9889396639197552e+00
3.0317326010422727e+00
6.8985730702873160e-01
3.9507319146269268e+01
0.0000000000000000e+00
2
-3.9665915419843820e+01
2.6963526784914333e+00
-1.7975835984169795e+00
6.9196757594536473e-01
1.6642969881079587e+01
0.0000000000000000e+00
2
-3.3189702003923273e+01
-2.2597013151197936e+00
-1.5853992746561423e+00
-7.2798500110706221e-01
9.7857594169604205e+00
0.0000000000000000e+00
1
2
1
2
-4.1453729300809755e+01
6.7017155976326750e+00
-1.4877444759828935e+00
1.5518387165653487e+00
1.7629252750926138e+01
0.0000000000000000e+00
1
2
1
2
-4.2067875541981572e+01
5.9563613943659268e+00
2.2615690710087217e+00
-1.1152941550187552e+00
8.9747621486068533e+02
0.0000000000000000e+00
1
2
6
2
-3.4347273810239223e+01
1.0622993273871995e+01
-1.5058889543256573e-01
2.6657415061247911e+00
2.1742254971558154e+01
0.0000000000000000e+00
2
-4.1603180960093624e+01
4.1092433978164413e+00
-2.1034189546131237e+00
4.6653930402925392e-01
2.1736296583791656e+01
0.0000000000000000e+00
2
-3.4704105648068861e+01
-3.2219258409207829e+00
-3.0282899127177676e+00
-7.6943373690730910e-01
1.3930918266084696e+01
0.0000000000000000e+00
2
-2.1829916964368177e+01
1.1338000238772683e+01
2.8806391159321811e+00
2.6495059592193422e+00
2.3740788760243543e+01
0.0000000000000000e+00
2
-1.4541084798354484e+01
-4.6781961416037623e+00
-1.0689782351084196e+00
-7.1807386550531571e-01
4.4651561694355726e+00
0.0000000000000000e+00
2
-1.5608437128772078e+01
-3.8679005661770827e+00
6.3805519402767363e-01
2.5333822946996076e-01
8.4960794407903177e+02
0.0000000000000000e+00
1
2
2
2
-4.1962060452794823e+01
1.1378378864530931e+00
-1.3917047128262876e+00
1.4417722745035563e-01
1.3339943035400880e+01
0.0000000000000000e+00
2
-3.9334631022219341e+01
1.1325076418840265e+01
1.0351947002581479e+00
-4.5151264422837362e-01
8.8732997396182429e+02
0.0000000000000000e+00
1
2
1
2
-2.0482586764670905e+00
4.3358282957863752e+00
2.0482586764670905e+00
-4.3358282957863752e+00
3.4074631036102396e+01
0.0000000000000000e+00
