2
-1.0000000000000000e-300
119
2
6.1333333333333329e-01
2
-1.0657210509182020e+01
-9.2693953635382542e-01
2.3976561207920549e-01
9.7083080465356275e-01
2.5304035853288870e-01
-8.7820861269187300e-01
1
1
-1.0748216073848589e+01
-1.2954285986802909e+00
6.0768740265070460e-02
-7.2819361361516014e-03
-7.2819361361516014e-03
3.3081994476195878e-02
0
2
6.2666666666666671e-01
2
-1.0421170262717720e+01
-1.8811615289134911e-01
3.0432748238295315e-01
9.5256746924638014e-01
2.5853755151747704e-01
-8.5953557198131092e-01
1
1
-1.0539190385949869e+01
-5.5752784462258731e-01
6.2290585120179147e-02
-9.4671883167686509e-03
-9.4671883167686509e-03
3.5682176841840600e-02
0
2
6.2666666666666671e-01
2
-1.0134310159760965e+01
5.3249016289271400e-01
3.6985363153944989e-01
9.2909003397791379e-01
2.5853479907961685e-01
-8.5954472285097661e-01
1
1
-1.0277740211239342e+01
1.7218700500068246e-01
6.0846591879189900e-02
-1.1221800367229610e-02
-1.1221800367229612e-02
3.7124084022199549e-02
0
2
6.2666666666666671e-01
2
-9.7967051613598066e+00
1.2307531306015855e+00
4.3528491175364725e-01
9.0029275549657695e-01
2.5853181773215855e-01
-8.5955463498286544e-01
1
1
-9.9655076605603856e+00
8.8162164674714982e-01
5.9124822487910074e-02
-1.2797413481819089e-02
-1.2797413481819089e-02
3.8843593888320531e-02
0
2
6.2666666666666671e-01
2
-9.4087456435291230e+00
1.9023338445711442e+00
5.0021486591627295e-01
8.6590131534509462e-01
2.5852858059308531e-01
-8.5956539780795838e-01
1
1
-9.6027254024444648e+00
1.5665434875863649e+00
5.7139793738225551e-02
-1.4144218316228909e-02
-1.4144218316228913e-02
4.0826169281154109e-02
0
2
6.2666666666666671e-01
2
-8.9711803047435410e+00
2.5426879829456914e+00
5.6418172510604858e-01
8.2565064104399677e-01
2.5852505750892785e-01
-8.5957711164825157e-01
1
1
-9.1899629741363320e+00
2.2225109137584180e+00
5.4914923331780940e-02
-1.5210989180874783e-02
-1.5210989180874789e-02
4.3048369654136207e-02
0
2
6.1333333333333329e-01
2
-8.4959984607774555e+00
3.1346259563266154e+00
6.2600471217373299e-01
7.7981927415028784e-01
2.5302357140202586e-01
-8.7826687842112749e-01
1
1
-8.7335893827604991e+00
2.8386569696361534e+00
5.0301013647383257e-02
-1.5269695057118875e-02
-1.5269695057118879e-02
4.3537269069908249e-02
0
2
6.2666666666666671e-01
2
-7.9641180634754338e+00
3.6990575947949607e+00
6.8580942579572979e-01
7.2778117005713427e-01
2.5851710270915390e-01
-8.5960356159582463e-01
1
1
-8.2300582621264446e+00
3.4168417755607878e+00
4.9947280387253865e-02
-1.6297450039512534e-02
-1.6297450039512534e-02
4.8009984042675494e-02
0
2
6.2666666666666671e-01
2
-7.3663044997594094e+00
4.1896915371225312e+00
7.7299711830113593e-01
6.3440953263498467e-01
2.5779033736023782e-01
-8.6202696539276302e-01
1
1
-7.6652112816174220e+00
3.9443745659587459e+00
4.5537100357489833e-02
-1.5922735409177623e-02
-1.5922735409177633e-02
5.1870166611692158e-02
0
2
6.2666666666666671e-01
2
-6.6367887314881013e+00
4.4389144411183610e+00
9.4630226030232190e-01
3.2328320733795707e-01
2.5697066672905844e-01
-8.6477661069590661e-01
1
1
-7.0015466156237558e+00
4.3143029891204456e+00
3.5634805088525873e-02
-9.8699956210366365e-03
-9.8699956210366365e-03
6.1154014004553135e-02
0
2
6.2666666666666671e-01
2
-5.8663481133597237e+00
4.3985287170076868e+00
9.9862894923357060e-01
-5.2347127453707613e-02
2.5716612719191201e-01
-8.6411933270040397e-01
1
1
-6.2515684224239125e+00
4.4187215790630239e+00
3.2400581052460312e-02
1.6891233651940437e-03
1.6891233651940443e-03
6.4535535649316536e-02
0
2
6.2666666666666671e-01
2
-5.1455290776138138e+00
4.1181819085840825e+00
9.3199231294338802e-01
-3.6247803880295126e-01
0.0000000000000000e+00
-6.4648147920993415e-01
1
1
-5.5059385954867688e+00
4.2583553127958851e+00
2.8238869768783582e-02
8.4319666140679726e-03
8.4319666140679726e-03
4.6639452207063260e-02
0
2
7.0666666666666667e-01
2
-9.5640867510507928e+00
-1.1885682275480760e+00
1.3621846545291769e-01
9.9067882266133667e-01
2.8772907699169459e-01
-7.7233147426610915e-01
1
1
-9.6228777710517832e+00
-1.6161388824074236e+00
8.0146813021040805e-02
-5.4584985801732254e-03
-5.4584985801732263e-03
4.1199222895093965e-02
0
2
7.1999999999999997e-01
2
-9.3695730302321607e+00
-3.3089844110291189e-01
2.2117644755435317e-01
9.7523380737505028e-01
2.9315014169223591e-01
-7.5804917213897371e-01
1
1
-9.4668298906414776e+00
-7.5973333432549395e-01
8.1920453088788245e-02
-9.0565893689863279e-03
-9.0565893689863296e-03
4.4041186589733133e-02
0
2
7.1999999999999997e-01
2
-9.0991168930254034e+00
5.0591550564738319e-01
3.0753433131471125e-01
9.5153698565153710e-01
2.9314465591592714e-01
-7.5806335792781687e-01
1
1
-9.2343449616287820e+00
8.7508532272235651e-02
8.0000392254136729e-02
-1.2286270564301947e-02
-1.2286270564301947e-02
4.5956533178576189e-02
0
2
7.1999999999999997e-01
2
-8.7528050758323523e+00
1.3142723019598741e+00
3.9379747289889544e-01
9.1919723146800414e-01
2.9313868255147824e-01
-7.5807880518531578e-01
1
1
-8.9259609844288779e+00
9.1009390380362865e-01
7.7457142591495928e-02
-1.5197240262862665e-02
-1.5197240262862665e-02
4.8494649682964533e-02
0
2
7.1999999999999997e-01
2
-8.3314707338055651e+00
2.0861631974048103e+00
4.7911760850967899e-01
8.7775071473395350e-01
2.9313216250276575e-01
-7.5809566689948504e-01
1
1
-8.5421379048189578e+00
1.7002177496823423e+00
7.4326989091443627e-02
-1.7655381311330324e-02
-1.7655381311330324e-02
5.1619200355841832e-02
0
2
7.1999999999999997e-01
2
-7.8367998195516799e+00
2.8132128633686841e+00
5.6252550915803057e-01
8.2677992933216415e-01
2.9312502645097349e-01
-7.5811412253941368e-01
1
1
-8.0841352766786230e+00
2.4496880303867474e+00
7.0676093085895272e-02
-1.9524268835092163e-02
-1.9524268835092166e-02
5.5263964331499875e-02
0
2
7.1999999999999997e-01
2
-7.2714459391089505e+00
3.4867365805636412e+00
6.4292131943846198e-01
7.6593222742714462e-01
2.9311719456667923e-01
-7.5813437881301282e-01
1
1
-7.5541228793303148e+00
3.1499747219661627e+00
6.6604129479996138e-02
-2.0671290729111211e-02
-2.0671290729111204e-02
5.9329198148456941e-02
0
2
7.1999999999999997e-01
2
-6.5975233329884011e+00
4.0403231314255761e+00
7.7272216750241762e-01
6.3474439883339306e-01
2.9071363311981979e-01
-7.6440248032892155e-01
1
1
-6.9344846360486763e+00
3.7635298559946087e+00
5.7928793862901673e-02
-2.0253024101329356e-02
-2.0253024101329353e-02
6.5947694564690046e-02
0
2
7.1999999999999997e-01
2
-5.7621662489483452e+00
4.3087194514945395e+00
9.5206551410918139e-01
3.0589419223649889e-01
2.9247184906936230e-01
-7.5980721881209345e-01
1
1
-6.1798447909683727e+00
4.1745212914600582e+00
4.5703773862180719e-02
-1.2171470230463593e-02
-1.2171470230463593e-02
7.9675638524934381e-02
0
2
7.1999999999999997e-01
2
-4.8865362983122278e+00
4.3619546096824724e+00
9.9815700570768051e-01
6.0684363362216463e-02
2.9241557043934419e-01
-7.5995345216515342e-01
1
1
-5.3243512736302865e+00
4.3353370305885059e+00
4.1930902843489146e-02
-2.5305416007228377e-03
-2.5305416007228377e-03
8.3400262146863788e-02
0
2
7.1999999999999997e-01
2
-4.0311951692212480e+00
4.1706713242612574e+00
9.7589443695569966e-01
-2.1824309363395206e-01
2.9215630185002878e-01
-7.6062785849573988e-01
1
1
-4.4588657337667374e+00
4.2663129669718654e+00
4.3689321196336145e-02
8.8819986406924213e-03
8.8819986406924213e-03
8.1419694003610210e-02
0
2
7.1999999999999997e-01
2
-3.2708801412341422e+00
3.7344841653257377e+00
8.6739590501228547e-01
-4.9761867325083192e-01
0.0000000000000000e+00
-5.7041875609684500e-01
1
1
-3.6510376552276949e+00
3.9525777447934978e+00
3.9998459870976749e-02
1.3838004437235417e-02
1.3838004437235417e-02
5.6180634576074084e-02
0
2
7.0666666666666667e-01
2
-1.0652252223375088e+01
-1.7979390813973948e+00
6.9785747989701358e-02
9.9756200277352081e-01
3.4830635014470596e-01
-6.3800795515183328e-01
1
1
-1.0688712452136706e+01
-2.3191248517410270e+00
1.1825807531624803e-01
-4.1263518277448556e-03
-4.1263518277448556e-03
5.9562034125462217e-02
0
2
7.0666666666666667e-01
2
-1.0482950084544125e+01
-7.6684758234370665e-01
1.6202735233105622e-01
9.8678626718078521e-01
3.4829950292393153e-01
-6.3802049775177383e-01
1
1
-1.0567601153959608e+01
-1.2823933318705507e+00
1.1698604427318958e-01
-9.4766311053691016e-03
-9.4766311053691016e-03
6.0827073842757887e-02
0
2
7.0666666666666667e-01
2
-1.0216103880274119e+01
2.4338005350745165e-01
2.5538541619500532e-01
9.6683932956562324e-01
3.4829214636418382e-01
-6.3803397389805205e-01
1
1
-1.0349526982409122e+01
-2.6173376441812751e-01
1.1467147596603577e-01
-1.4634389131576862e-02
-1.4634389131576862e-02
6.3134130918904977e-02
0
2
7.1999999999999997e-01
2
-9.8436603802846587e+00
1.2406521661600112e+00
3.4986016983263174e-01
9.3680193294243475e-01
3.5484986298729188e-01
-6.2624294215996545e-01
1
1
-1.0029882130279390e+01
7.4201610983373145e-01
1.1551242451948876e-01
-2.0163615082474315e-02
-2.0163615082474315e-02
6.9051736237320985e-02
0
2
7.0666666666666667e-01
2
-9.3802479094175606e+00
2.1770867037839929e+00
4.4353088466360840e-01
8.9625908885183236e-01
3.4827523620936318e-01
-6.3806495299779198e-01
1
1
-9.6119541448511097e+00
1.7088694349720019e+00
1.0686740799802008e-01
-2.3558056779638202e-02
-2.3558056779638209e-02
7.0920933798510249e-02
0
2
7.0666666666666667e-01
2
-8.8219243551694131e+00
3.0601923556733550e+00
5.3438471882323546e-01
8.4524136924798676e-01
3.4826566864762870e-01
-6.3808248193152872e-01
1
1
-9.1010861322934868e+00
2.6186395297286742e+00
1.0159648289005664e-01
-2.6766583341463642e-02
-2.6766583341463642e-02
7.6182090898905777e-02
0
2
7.0666666666666667e-01
2
-8.1720875727064328e+00
3.8782676319762741e+00
6.2199294206989975e-01
7.8302284769681540e-01
3.4825517489015245e-01
-6.3810170887572937e-01
1
1
-8.4970059639379230e+00
3.4692299938248148e+00
9.5587246948846280e-02
-2.8859704630608472e-02
-2.8859704630608465e-02
8.2180613541048012e-02
0
2
7.1999999999999997e-01
2
-7.3866532149141371e+00
4.5898611891914909e+00
7.4108381342967788e-01
6.7141252704468235e-01
3.5328183918332934e-01
-6.2902249019062628e-01
1
1
-7.7793703938102849e+00
4.2340644105838825e+00
8.8467844071182300e-02
-3.0341442663782286e-02
-3.0341442663782300e-02
9.4468802519294029e-02
0
2
7.0666666666666667e-01
2
-6.4234182428943445e+00
4.9857212062929994e+00
9.2493689820221725e-01
3.8012068392033255e-01
3.4713538256574206e-01
-6.4016010289627201e-01
1
1
-6.9050357289042408e+00
4.7877911977422452e+00
6.7382521572048229e-02
-2.0699898000333745e-02
-2.0699898000333745e-02
1.0924397440872075e-01
0
2
7.0666666666666667e-01
2
-5.3861531410917527e+00
5.0722060918365512e+00
9.9654208973273062e-01
8.3089490256724852e-02
3.4695477240397105e-01
-6.4049334350553799e-01
1
1
-5.9047856919930481e+00
5.0289636490647753e+00
5.9220295787963458e-02
-4.8699477969710372e-03
-4.8699477969710372e-03
1.1722245492862572e-01
0
2
7.0666666666666667e-01
2
-4.3740525243644699e+00
4.8284036400183385e+00
9.7219114692376996e-01
-2.3418875686728555e-01
3.4701701749695185e-01
-6.4037845701378093e-01
1
1
-4.8801028327281113e+00
4.9503048659274445e+00
6.2062143375467733e-02
1.3395412214928442e-02
1.3395412214928442e-02
1.1444392210989154e-01
0
2
7.1999999999999997e-01
2
-3.4537814156337459e+00
4.2982335674556342e+00
8.6649335889481205e-01
-4.9918860062223613e-01
0.0000000000000000e+00
-4.7078157223142419e-01
1
1
-3.9139169699991081e+00
4.5633186037369864e+00
5.8794453099405383e-02
2.0358136005687973e-02
2.0358136005687973e-02
8.2403814519913479e-02
0
2
7.6000000000000001e-01
2
-1.1003732725946584e+01
-3.0153334077502265e+00
-4.1639762326199613e-02
9.9913268898250818e-01
3.8622091779503975e-01
-5.7537593637057083e-01
1
1
-1.0979609505112997e+01
-3.5941623239570020e+00
1.4563365330085123e-01
3.0320742136757482e-03
3.0320742136757490e-03
7.3006373320760432e-02
0
2
7.7333333333333332e-01
2
-1.0936513627497465e+01
-1.8383035804703911e+00
5.7016184727758754e-02
9.9837325418857759e-01
3.9298255849093233e-01
-5.6547604320040035e-01
1
1
-1.0970123176722025e+01
-2.4268184941103090e+00
1.5066309841563616e-01
-4.2951118331198274e-03
-4.2951118331198291e-03
7.5699484078883772e-02
0
2
7.6000000000000001e-01
2
-1.0753597229086482e+01
-6.9422383971507284e-01
1.5787574491185907e-01
9.8745898606905469e-01
3.8620329448137392e-01
-5.7540219205183341e-01
1
1
-1.0845055428291975e+01
-1.2662637100927321e+00
1.4393036566206130e-01
-1.1360652116108106e-02
-1.1360652116108108e-02
7.4689708265735094e-02
0
2
7.7333333333333332e-01
2
-1.0447084963785297e+01
4.4411829825586746e-01
2.6000157962594533e-01
9.6560819103403073e-01
3.9296205525898853e-01
-5.6550554754138505e-01
1
1
-1.0600341096435891e+01
-1.2505277072960269e-01
1.4579240866667012e-01
-1.8941527310917562e-02
-1.8941527310917562e-02
8.0546554237822851e-02
0
2
7.6000000000000001e-01
2
-1.0027419149993218e+01
1.5239838909506422e+00
3.6223488168276979e-01
9.3208684707610245e-01
3.8618203732203887e-01
-5.7543386472144531e-01
1
1
-1.0237252056889258e+01
9.8405109460325479e-01
1.3616971200488059e-01
-2.4601841758378085e-02
-2.4601841758378078e-02
8.2426296287451642e-02
0
2
7.7333333333333332e-01
2
-9.4813145765612141e+00
2.5686699192524851e+00
4.6326666502751640e-01
8.8621893292475029e-01
3.9293752724439113e-01
-5.6554084762692847e-01
1
1
-9.7543668632772160e+00
2.0463269051015636e+00
1.3468383905388648e-01
-3.0971049647199038e-02
-3.0971049647199038e-02
9.1626869356058210e-02
0
2
7.7333333333333332e-01
2
-8.8183810442183130e+00
3.5433583384672689e+00
5.6239436961861800e-01
8.2686913899436187e-01
3.9292328666831111e-01
-5.6556134431862437e-01
1
1
-9.1498478103897636e+00
3.0560141288598768e+00
1.2700485557112445e-01
-3.5077619859185248e-02
-3.5077619859185248e-02
9.9289449536828459e-02
0
2
7.6000000000000001e-01
2
-8.0582736706121398e+00
4.4175347930371247e+00
6.5615607107205043e-01
7.5462521187360965e-01
3.8614155336767336e-01
-5.7549419451013739e-01
1
1
-8.4383273574152255e+00
3.9804465657521968e+00
1.1433519727823169e-01
-3.6071846539634383e-02
-3.6071846539634404e-02
1.0421498202098328e-01
0
2
7.7333333333333332e-01
2
-7.1306696520345918e+00
5.1359357725187111e+00
7.9061810428814006e-01
6.1230957298724931e-01
3.9108810922594450e-01
-5.6821523585069478e-01
1
1
-7.5944716613233663e+00
4.7767352827779179e+00
1.0274588524871914e-01
-3.6176276261448530e-02
-3.6176276261448509e-02
1.2143950752834989e-01
0
2
7.6000000000000001e-01
2
-6.0152426887137755e+00
5.4112158621183992e+00
9.7087057596980619e-01
2.3960451731145754e-01
3.8296452377517365e-01
-5.8026842808207957e-01
1
1
-6.5729561703741837e+00
5.2735758173185552e+00
7.5770031811737026e-02
-1.6669027527968557e-02
-1.6669027527968564e-02
1.3919864224225428e-01
0
2
7.7333333333333332e-01
2
-4.8709482684669707e+00
5.1638423995498632e+00
9.7742149531710965e-01
-2.1129888899865465e-01
3.9024256704304616e-01
-5.6944639306277856e-01
1
1
-5.4430954785903731e+00
5.2875291308341312e+00
7.7727690961927873e-02
1.5366862759794615e-02
1.5366862759794615e-02
1.4548936098786441e-01
0
2
7.7333333333333332e-01
2
-3.8732554311614678e+00
4.5416976838936511e+00
8.4853809657151236e-01
-5.2913429171316673e-01
0.0000000000000000e+00
-4.2525016961291595e-01
1
1
-4.3721018498142197e+00
4.8527700417217572e+00
7.3834998026598056e-02
2.5899732932463101e-02
2.5899732932463101e-02
9.9218063619691974e-02
0
2
7.3333333333333328e-01
2
-1.1255077851758347e+01
-3.6438547435721262e+00
-9.2323570046406886e-02
9.9572905873730844e-01
3.9285406035458548e-01
-5.6566100404218067e-01
1
1
-1.1200673317719605e+01
-4.2306190491791282e+00
1.5016699189468236e-01
6.9319129039453285e-03
6.9319129039453311e-03
7.6047581921724408e-02
0
2
7.3333333333333328e-01
2
-1.1250782951518520e+01
-2.4653243454038511e+00
3.6442604509042656e-03
9.9999335966083591e-01
3.9284607468726690e-01
-5.6567250264401092e-01
1
1
-1.1252930401638434e+01
-3.0545895444879889e+00
1.5080258344379663e-01
-2.7478194536313482e-04
-2.7478194536313482e-04
7.5402793797336776e-02
0
2
7.3333333333333328e-01
2
-1.1130361897244665e+01
-1.2929805895913526e+00
1.0218057110862776e-01
9.9476586737177253e-01
3.9283741506930225e-01
-5.6568497219904312e-01
1
1
-1.1190572424381592e+01
-1.8791524674976019e+00
1.5000971094972923e-01
-7.6639334348520124e-03
-7.6639334348520098e-03
7.6185693782144945e-02
0
2
7.3333333333333328e-01
2
-1.0891813651923464e+01
-1.3889248781489649e-01
2.0241958226611217e-01
9.7929888834574541e-01
3.9282801043032217e-01
-5.6569851518171932e-01
1
1
-1.1011087774584064e+01
-7.1593653870312457e-01
1.4770051099023748e-01
-1.4945467838653805e-02
-1.4945467838653803e-02
7.8484063507168439e-02
0
2
7.3333333333333328e-01
2
-1.0534327142430186e+01
9.8403031278499831e-01
3.0335228753390520e-01
9.5287847580263185e-01
3.9281777236564908e-01
-5.6571325906142977e-01
1
1
-1.0713070397176825e+01
4.2256891248505091e-01
1.4384418651595310e-01
-2.1792340793304513e-02
-2.1792340793304523e-02
8.2328598281818599e-02
0
2
7.3333333333333328e-01
2
-1.0058473941074492e+01
2.0621012550903264e+00
4.0380618283043068e-01
9.1484455876827342e-01
3.9280660012043250e-01
-5.6572934913540163e-01
1
1
-1.0296400541752339e+01
1.5230657839376622e+00
1.3848077701276806e-01
-2.7849324154481218e-02
-2.7849324154481218e-02
8.7679142675238742e-02
0
2
7.3333333333333328e-01
2
-9.4664157088032219e+00
3.0809505301537894e+00
5.0243271338780526e-01
8.6461631289131236e-01
3.9279437590699984e-01
-5.6574695528440244e-01
1
1
-9.7624448249388571e+00
2.5715258926220579e+00
1.3173457999328025e-01
-3.2746786567210848e-02
-3.2746786567210848e-02
9.4411263637402321e-02
0
2
7.3333333333333328e-01
2
-8.7621249988391234e+00
4.0256550154608144e+00
5.9769589595773476e-01
8.0172290472162555e-01
3.9278096365686577e-01
-5.6576627378600775e-01
1
1
-9.1142703538211727e+00
3.5533027728073021e+00
1.2382596305562743e-01
-3.6119544218342223e-02
-3.6119544218342223e-02
1.0230443700954853e-01
0
2
7.3333333333333328e-01
2
-7.9479309582434539e+00
4.8768019522062112e+00
6.9124636169579179e-01
7.2261917179267421e-01
3.9262125426032762e-01
-5.6599641463851535e-01
1
1
-8.3550279785412886e+00
4.4512284838335123e+00
1.1464365410583256e-01
-3.7620692372993703e-02
-3.7620692372993703e-02
1.1130288874297953e-01
0
2
7.3333333333333328e-01
2
-6.9099129092623013e+00
5.4206310266739912e+00
8.8579458586823290e-01
4.6407752762499249e-01
3.9061654005020219e-01
-5.6890120985061754e-01
1
1
-7.4289219337528776e+00
5.1487164894401012e+00
9.0603687110289946e-02
-3.0645142962135209e-02
-3.0645142962135198e-02
1.3304139170113710e-01
0
2
7.3333333333333328e-01
2
-5.7437211655593305e+00
5.5027682459506524e+00
9.9752885664207191e-01
7.0257954470371933e-02
3.8969356991123699e-01
-5.7024862450986602e-01
1
1
-6.3268170374108159e+00
5.4616996363123214e+00
7.4562729127853111e-02
-5.2000112429401142e-03
-5.2000112429401151e-03
1.4802671664822506e-01
0
2
7.3333333333333328e-01
2
-4.6533115830856824e+00
5.0765524648735081e+00
9.3137785335115042e-01
-3.6405397166766740e-01
3.9024962802880070e-01
-5.6943608977846893e-01
1
1
-5.1985163743225069e+00
5.2896603554120798e+00
8.4270112663365593e-02
2.5229782674594650e-02
2.5229782674594647e-02
1.3895501706581934e-01
0
2
7.3333333333333328e-01
2
-3.7631381148361904e+00
4.3089335841046177e+00
7.5731404345169961e-01
-6.5305087059955547e-01
0.0000000000000000e+00
-4.2537441884273569e-01
1
1
-4.2082248489609366e+00
4.6927430244890633e+00
8.2237251022056895e-02
2.8511975495109282e-02
2.8511975495109282e-02
9.0714729936645186e-02
0
2
7.7333333333333332e-01
2
-1.0515445620810871e+01
-4.1473653120697014e+00
-2.1807176770654382e-01
9.7593273545329107e-01
4.4807325032772916e-01
-4.9595065552269613e-01
1
1
-1.0368877432169395e+01
-4.8032993413833829e+00
1.9151977015498012e-01
2.0876332179281594e-02
2.0876332179281594e-02
1.0275709681583352e-01
0
2
7.8666666666666663e-01
2
-1.0655372099575681e+01
-2.7872089610752195e+00
-1.0233519172556590e-01
9.9474997287483846e-01
4.5577829876305997e-01
-4.8756648314611012e-01
1
1
-1.0585408860193276e+01
-3.4672871365724607e+00
2.0192684892939936e-01
1.0331968259464877e-02
1.0331968259464877e-02
1.0255778080785063e-01
0
2
7.8666666666666663e-01
2
-1.0629532279804838e+01
-1.4201624894720448e+00
1.8898556471454966e-02
9.9982140633379879e-01
4.5576355368503174e-01
-4.8758225712755265e-01
1
1
-1.0642452189690260e+01
-2.1036857252736323e+00
2.0294037225298941e-01
-1.9176400120929167e-03
-1.9176400120929171e-03
1.0152455677883954e-01
0
2
7.8666666666666663e-01
2
-1.0433874468850158e+01
-6.6991862327657817e-02
1.4310393059096310e-01
9.8970766645985764e-01
4.5574758183717723e-01
-4.8759934463374621e-01
1
1
-1.0531703374327499e+01
-7.4357717589985128e-01
2.0088418678745718e-01
-1.4372889169265126e-02
-1.4372889169265123e-02
1.0355940318697385e-01
0
2
7.8666666666666663e-01
2
-1.0066883820110961e+01
1.2500230682034021e+00
2.6842681383308326e-01
9.6330008077204032e-01
4.5573023983538385e-01
-4.8761789935750582e-01
1
1
-1.0250379144480560e+01
5.9151560293787220e-01
1.9563548388018256e-01
-2.6238561455633649e-02
-2.6238561455633653e-02
1.0878493730062920e-01
0
2
7.8666666666666663e-01
2
-9.5299850156413317e+00
2.5073199047857559e+00
3.9271846297959878e-01
9.1965874585899610e-01
4.5571136839023585e-01
-4.8763809208272446e-01
1
1
-9.7984344178761464e+00
1.8786714864945790e+00
1.8728140641238333e-01
-3.6645831813036156e-02
-3.6645831813036170e-02
1.1711380365082816e-01
0
2
7.8666666666666663e-01
2
-8.8279554492690195e+00
3.6803677627375175e+00
5.1352773708126953e-01
8.5807299412590221e-01
4.5569078076965408e-01
-4.8766012304855660e-01
1
1
-9.1789702324551747e+00
3.0938438337616367e+00
1.7615679416281382e-01
-4.4705963395093799e-02
-4.4705963395093799e-02
1.2821091326618747e-01
0
2
7.8666666666666663e-01
2
-7.9693379748814879e+00
4.7440773733195334e+00
6.2810129053007824e-01
7.7813158837978702e-01
4.5566826419717121e-01
-4.8768422047945159e-01
1
1
-8.3986467120752533e+00
4.2122225680285252e+00
1.6287021529308515e-01
-4.9581211032036582e-02
-4.9581211032036582e-02
1.4146741407194377e-01
0
2
7.8666666666666663e-01
2
-6.9668382888035110e+00
5.6733211170912163e+00
7.3339466399497411e-01
6.7980310886586781e-01
4.5564356877879097e-01
-4.8771065246859285e-01
1
1
-7.4680881318424994e+00
5.2086992452053753e+00
1.4831121223144794e-01
-5.0571777143842804e-02
-5.0571777143842797e-02
1.5599343023493237e-01
0
2
7.8666666666666663e-01
2
-5.6513308757530858e+00
5.9686962969540911e+00
9.7570718592534755e-01
2.1907872405516565e-01
4.4942015119109585e-01
-4.9446430391086810e-01
1
1
-6.3090845822782988e+00
5.8210087070226537e+00
1.0341923699937709e-01
-2.1094130240994685e-02
-2.1094130240994682e-02
1.9262947193877286e-01
0
2
7.8666666666666663e-01
2
-4.2904576202341831e+00
5.8589715637109823e+00
9.9676531111166800e-01
-8.0367372511857701e-02
4.5509651414372021e-01
-4.8829691134932363e-01
1
1
-4.9708942479936340e+00
5.9138339303325367e+00
1.0184504459060661e-01
8.1061854887483336e-03
8.1061854887483336e-03
2.0172932824312076e-01
0
2
7.8666666666666663e-01
2
-3.0054872299420143e+00
5.4053377965555889e+00
9.4296388930301767e-01
-3.3289503371261947e-01
4.5423103502649914e-01
-4.8922729863506154e-01
1
1
-3.6479724250880987e+00
5.6321546801332856e+00
1.1197827713354186e-01
3.1644105173623670e-02
3.1644105173623670e-02
1.9044254939983901e-01
0
2
7.8666666666666663e-01
2
-1.9968439953794948e+00
4.5004806180644348e+00
7.4436533524172754e-01
-6.6777260178182729e-01
0.0000000000000000e+00
-3.6899337136018279e-01
1
1
-2.5011656126607544e+00
4.9529092073100118e+00
1.1077818205751450e-01
3.8082428100612430e-02
3.8082428100612423e-02
1.1906474787127821e-01
0
2
7.8666666666666663e-01
2
-1.1701207600029672e+01
-5.1771004929521434e+00
-2.8069060086275244e-01
9.5979830515963449e-01
5.0678816481934141e-01
-4.3849134144922153e-01
1
1
-1.1487831588289763e+01
-5.9067221254549915e+00
2.4108224686164581e-01
3.3806297647003339e-02
3.3806297647003325e-02
1.3537097353860805e-01
0
2
8.0000000000000004e-01
2
-1.1957800487742487e+01
-3.6524728095923455e+00
-1.6596470191711041e-01
9.8613169390176514e-01
5.1535634736147640e-01
-4.3120109679439572e-01
1
1
-1.1829504043886079e+01
-4.4147866512722445e+00
2.5595248738605048e-01
2.1237468115212009e-02
2.1237468115212009e-02
1.3333760174542097e-01
0
2
8.0000000000000004e-01
2
-1.2027692809222298e+01
-2.1080288855839497e+00
-4.5207768903911129e-02
9.9897760617079434e-01
5.1534152332951744e-01
-4.3121350048893664e-01
1
1
-1.1992746648482392e+01
-2.8802508475881474e+00
2.5924660829826102e-01
5.8599773127155199e-03
5.8599773127155216e-03
1.3002108558862274e-01
0
2
8.0000000000000004e-01
2
-1.1905383044749112e+01
-5.6689790940784390e-01
7.9114875439051116e-02
9.9686550571492016e-01
5.1532561057333259e-01
-4.3122681594455559e-01
1
1
-1.1966537926985705e+01
-1.3374633974958967e+00
2.5868365649347358e-01
-1.0232812203768118e-02
-1.0232812203768120e-02
1.3055999808747937e-01
0
2
8.0000000000000004e-01
2
-1.1588157905767330e+01
9.4613013135449930e-01
2.0520079375512432e-01
9.7871989570165940e-01
5.1530849885558250e-01
-4.3124113558332949e-01
1
1
-1.1746770475258220e+01
1.8961611097332770e-01
2.5401555773689161e-01
-2.6056069109809833e-02
-2.6056069109809843e-02
1.3520224710233955e-01
0
2
8.0000000000000004e-01
2
-1.1076503007976511e+01
2.4048706522186456e+00
3.3098180001672561e-01
9.4363713791779524e-01
5.1529006304371205e-01
-4.3125656433116799e-01
1
1
-1.1332330456871921e+01
1.6755003917865725e+00
2.4524818662516079e-01
-4.0518140587779909e-02
-4.0518140587779909e-02
1.4394176919591728e-01
0
2
8.0000000000000004e-01
2
-1.0374514718480439e+01
3.7820934100220702e+00
4.5412312327041371e-01
8.9093893669045832e-01
5.1527016464949837e-01
-4.3127321833854715e-01
1
1
-1.0725508863228475e+01
3.0934820311203577e+00
2.3268806768827879e-01
-5.2484175880573442e-02
-5.2484175880573428e-02
1.5647183086527322e-01
0
2
8.0000000000000004e-01
2
-9.4903012633015571e+00
5.0499644829050041e+00
5.7203026439227245e-01
8.2023251375406170e-01
5.1524864459066944e-01
-4.3129123104974515e-01
1
1
-9.9324079908909972e+00
4.4160289464635376e+00
2.1697501871846933e-01
-6.0859241721738573e-02
-6.0859241721738601e-02
1.7215237428905458e-01
0
2
8.0000000000000004e-01
2
-8.3319172817821094e+00
6.0563860208385183e+00
7.5488582295324302e-01
6.5585622990424142e-01
5.1150516024955506e-01
-4.3444766444546473e-01
1
1
-8.9111092725418324e+00
5.5531752518717612e+00
1.8281746041222585e-01
-6.3288789616588709e-02
-6.3288789616588695e-02
2.0067614550628188e-01
0
2
8.0000000000000004e-01
2
-6.8528148619460376e+00
6.4568387908656906e+00
9.6524900459632046e-01
2.6133189458199046e-01
5.1078440650819468e-01
-4.3506070152252613e-01
1
1
-7.5923660718640740e+00
6.2566124058521044e+00
1.3617677029842334e-01
-3.2154656465218187e-02
-3.2154656465218187e-02
2.4623684763883805e-01
0
2
8.0000000000000004e-01
2
-5.3606642336345240e+00
6.1088716991261283e+00
9.7387028719827062e-01
-2.2710496188405468e-01
5.1072873801441077e-01
-4.3510812233940116e-01
1
1
-6.1067395477902808e+00
6.2828552449959094e+00
1.3401652880001766e-01
2.8186760401967301e-02
2.8186760401967312e-02
2.4831373800212511e-01
0
2
8.0000000000000004e-01
2
-4.1157562283791229e+00
5.2013838056282102e+00
8.0808710236460235e-01
-5.8906301444920195e-01
0.0000000000000000e+00
-3.2455695479234170e-01
1
1
-4.7382102310068230e+00
5.6551277523771688e+00
1.3339244812783910e-01
4.7139515489298456e-02
4.7139515489298442e-02
1.6369646056893131e-01
0
2
2.9333333333333333e-01
2
-1.0839221638515159e+01
-1.6639176610067565e+00
1.9279575562386717e-01
9.8123890903970068e-01
0.0000000000000000e+00
-1.3769480640224068e+00
1
1
-1.0874225819257580e+01
-1.8420723305033784e+00
1.0799273647973251e-02
-1.0408403825365405e-03
-1.0408403825365401e-03
5.7063963799718542e-03
0
2
9.2000000000000004e-01
2
-4.1864606989984319e+00
3.5042834701618402e+00
8.4223364941839374e-01
-5.3911267819202147e-01
3.7957336394624330e-01
-5.8545262478874671e-01
1
1
-4.6659948883061233e+00
3.8112326893729613e+00
9.0851948606943317e-02
3.1962476748609386e-02
3.1962476748609386e-02
1.2032647616157352e-01
0
2
9.2000000000000004e-01
2
-3.2640641037718816e+00
2.8364451324570346e+00
8.0998551274450814e-01
-5.8644988630233030e-01
3.7959386545122881e-01
-5.8542100504723227e-01
1
1
-3.7252624013851570e+00
3.1703643013094371e+00
9.4612766690196914e-02
3.3441316171928796e-02
3.3441316171928796e-02
1.1658847101969708e-01
0
2
9.2000000000000004e-01
2
-2.3575207340487148e+00
2.1470833909165741e+00
7.9599771071105385e-01
-6.0529963203587134e-01
3.7962561848465787e-01
-5.8537203866604470e-01
1
1
-2.8107924189102982e+00
2.4917642616868045e+00
9.6210347881430583e-02
3.3925799204760153e-02
3.3925799204760132e-02
1.1502622528070253e-01
0
2
9.2000000000000004e-01
2
-1.4527410764748949e+00
1.4553927605776267e+00
7.9444243413430127e-01
-6.0733945931971711e-01
3.7962878898823860e-01
-5.8536714987942340e-01
1
1
-1.9051309052618048e+00
1.8012380757471003e+00
9.6386127615815012e-02
3.3974184796105089e-02
3.3974184796105089e-02
1.1485397391255923e-01
0
2
9.2000000000000004e-01
2
-5.6555329790968667e-01
7.4154837289066333e-01
7.7911186863165838e-01
-6.2688491460337892e-01
3.7957226866678417e-01
-5.8545431414881588e-01
1
1
-1.0091471871922908e+00
1.0984705667341450e+00
9.8055538728818392e-02
3.4380597837632004e-02
3.4380597837632004e-02
1.1312166730793771e-01
0
2
9.2000000000000004e-01
2
1.5163510000000000e-02
0.0000000000000000e+00
6.1655488379290990e-01
-7.8731193009576028e-01
0.0000000000000000e+00
-5.3085675788533127e-01
1
1
-2.7519489395484331e-01
3.7077418644533167e-01
5.9961132139054005e-02
1.7968461660327627e-02
1.7968461660327627e-02
5.1087593095473088e-02
0
2
9.0666666666666662e-01
2
-2.3863467316624862e+00
3.0675299656255008e+00
7.9845739029163543e-01
-6.0205132330115430e-01
3.6926763211437885e-01
-6.0179177078100909e-01
1
1
-2.8286134364483142e+00
3.4010070654756195e+00
9.0770541267481242e-02
3.2026138473881742e-02
3.2026138473881742e-02
1.0909621841497223e-01
0
2
9.0666666666666662e-01
2
-1.5130778414386952e+00
2.3860294394429244e+00
7.8834870649669775e-01
-6.1522867046731777e-01
3.6923968755927211e-01
-6.0183731518987926e-01
1
1
-1.9497122865505907e+00
2.7267797025342126e+00
9.1825297475082418e-02
3.2307883539090934e-02
3.2307883539090948e-02
1.0801121327211126e-01
0
2
9.0666666666666662e-01
2
-6.5193498642089232e-01
1.6896901962472399e+00
7.7758760658741788e-01
-6.2877461310206451e-01
3.6915148326376668e-01
-6.0198111695907686e-01
1
1
-1.0825064139297937e+00
2.0378598178450824e+00
9.2903390692482130e-02
3.2552953513584788e-02
3.2552953513584788e-02
1.0683765722159201e-01
0
2
9.0666666666666662e-01
2
1.3227236267884146e-01
9.0946142227566240e-01
7.0890275806044145e-01
-7.0530623108994250e-01
3.6874232287529618e-01
-6.0264908158474351e-01
1
1
-2.5983131187102543e-01
1.2995758092614511e+00
9.9480310815876605e-02
3.3215989519196472e-02
3.3215989519196472e-02
9.9818204226839874e-02
0
2
9.0666666666666662e-01
2
7.3557220000000006e-02
3.4248510000000003e-02
-6.6936237765064924e-02
-9.9775725508455149e-01
0.0000000000000000e+00
-5.7000830374534739e-01
1
1
1.0291479133942073e-01
4.7185496613783118e-01
6.4067922773115280e-02
-2.1442274511761211e-03
-2.1442274511761211e-03
3.2249735089674637e-02
0
2
2.6666666666666666e-01
2
-1.0725172680898321e+01
-2.8403106220846590e+00
-4.5768913094853016e-02
9.9895205420185995e-01
0.0000000000000000e+00
-1.2740000602897141e+00
1
1
-1.0716191340449161e+01
-3.0363373110423293e+00
1.2840531632756344e-02
2.9384842667564060e-04
2.9384842667564060e-04
6.4404606641393887e-03
0
2
8.9333333333333331e-01
2
-2.4841818118893091e+00
3.4005626188379328e+00
7.3380083947274033e-01
-6.7936465023513060e-01
4.4044630440466898e-01
-5.0453873718520548e-01
1
1
-2.9689816137615272e+00
3.8493980931467835e+00
1.3852634932634247e-01
4.7250229683198218e-02
4.7250229683198218e-02
1.4581762490166342e-01
0
2
9.0666666666666662e-01
2
-1.5012373257338119e+00
2.4882515996091255e+00
7.3295080332621443e-01
-6.8028164748393516e-01
4.4702613131048852e-01
-4.9711237589346763e-01
1
1
-1.9927095688115606e+00
2.9444071092235289e+00
1.4281788447692498e-01
4.8681756036853721e-02
4.8681756036853721e-02
1.5008517654489806e-01
0
2
9.0666666666666662e-01
2
-4.8890607632580874e-01
1.6087107438459944e+00
7.5488134014972341e-01
-6.5586138954336803e-01
4.4701561934984252e-01
-4.9712406592286679e-01
1
1
-9.9507170102981024e-01
2.0484811717275599e+00
1.3962561037737189e-01
4.8336253464052611e-02
4.8336253464052591e-02
1.5326367539046357e-01
0
2
9.0666666666666662e-01
2
5.5042454146769260e-01
7.6211178607534857e-01
7.7533106243460281e-01
-6.3155502026666699e-01
4.4683304468240892e-01
-4.9732718935361847e-01
1
1
3.0759232570941930e-02
1.1854112649606714e+00
1.3645900271655068e-01
4.7766759004928501e-02
4.7766759004928480e-02
1.5619108226545708e-01
0
2
9.0666666666666662e-01
2
4.8060090000000000e-02
0.0000000000000000e+00
-5.5036186137532794e-01
-8.3492623718714476e-01
0.0000000000000000e+00
-5.4777150310636791e-01
1
1
2.9924231573384630e-01
3.8105589303767429e-01
5.9000549028153493e-02
-1.5975137062006296e-02
-1.5975137062006296e-02
4.5295872575755083e-02
0
2
9.7333333333333338e-01
2
-2.8462588397226436e+00
3.4699644593749546e+00
6.9187688893939236e-01
-7.2201549190550451e-01
4.9478773264279768e-01
-4.4912637796267108e-01
1
1
-3.3597571354420559e+00
4.0058310716343026e+00
1.8196646771601621e-01
5.9751666282680548e-02
5.9751666282680548e-02
1.7686947336410519e-01
0
2
9.7333333333333338e-01
2
-1.8130260861888956e+00
2.4042283318477033e+00
6.9607349601966362e-01
-7.1797053431109770e-01
4.9479102395654678e-01
-4.4912339040681160e-01
1
1
-2.3296424629557695e+00
2.9370963956113290e+00
1.8127217752822522e-01
5.9778109663340857e-02
5.9778109663340843e-02
1.7756853750046742e-01
0
2
9.7333333333333338e-01
2
-8.9773521319413430e-01
1.2377590645040593e+00
6.1731238523814813e-01
-7.8671813188179940e-01
4.9423430496574189e-01
-4.4962929523401995e-01
1
1
-1.3553806496915151e+00
1.8209936981758812e+00
1.9320993262805503e-01
5.7959783835841279e-02
5.7959783835841300e-02
1.6482373036235570e-01
0
2
9.8666666666666669e-01
2
-2.4398630000000001e-02
1.8946200000000000e-02
5.8245462214907440e-01
-8.1286321920553073e-01
0.0000000000000000e+00
-3.3346514583118086e-01
1
1
-4.6106692159706714e-01
6.2835263225202964e-01
1.5579356080428686e-01
4.4414594055839904e-02
4.4414594055839911e-02
1.2563449011912908e-01
0
2
9.0666666666666662e-01
2
-2.8400334830520739e+00
3.1808665260708175e+00
6.3329559904272192e-01
-7.7390999750172507e-01
4.8587349160984994e-01
-4.5736642574578623e-01
1
1
-3.3015857989441324e+00
3.7449000550877178e+00
1.8442275740426556e-01
5.6530154379661315e-02
5.6530154379661302e-02
1.6159986980073501e-01
0
2
9.0666666666666662e-01
2
-1.9074804949704627e+00
2.0608002873293656e+00
6.3984600482738330e-01
-7.6850314905433936e-01
4.8582157844537088e-01
-4.5741529829394029e-01
1
1
-2.3737569890112682e+00
2.6208334067000916e+00
1.8342165964881918e-01
5.6703719710825363e-02
5.6703719710825329e-02
1.6252702991507034e-01
0
2
9.0666666666666662e-01
2
-1.0116293531142873e+00
9.1266656282250991e-01
6.1516278906185284e-01
-7.8840011602843019e-01
4.8542768287528310e-01
-4.5778646348711838e-01
1
1
-1.4595549240423749e+00
1.4867334250759376e+00
1.8669078601745043e-01
5.5837073689078087e-02
5.5837073689078108e-02
1.5869715276617846e-01
0
2
9.0666666666666662e-01
2
-3.2799920000000000e-04
0.0000000000000000e+00
7.4238261826596053e-01
-6.6997615487163198e-01
0.0000000000000000e+00
-3.6704322375943399e-01
1
1
-5.0597867615714365e-01
4.5633328141125495e-01
1.1218671649802064e-01
3.8512325467243924e-02
3.8512325467243924e-02
1.2010507151967462e-01
0
2
9.4666666666666666e-01
2
-1.3772538133324674e+00
2.9786199939449078e+00
3.7707394583110282e-01
-9.2618315649517324e-01
5.4771766377847386e-01
-4.0572403798191303e-01
1
1
-1.6870489043559811e+00
3.7395503060046713e+00
2.7230326511287112e-01
5.1188656611292176e-02
5.1188656611292176e-02
1.6741204027631063e-01
0
2
9.4666666666666666e-01
2
-9.5060637277759141e-01
1.3894065589908184e+00
2.5928338989818422e-01
-9.6580128583622538e-01
5.4849565787510535e-01
-4.0514855319569937e-01
1
1
-1.1639300930550294e+00
2.1840132764678630e+00
2.8409518600051092e-01
3.6808294652258558e-02
3.6808294652258565e-02
1.5687017537890510e-01
0
2
9.5999999999999996e-01
2
-2.5540719999999999e-02
1.5629980000000002e-02
5.5854603782501322e-01
-8.2947352195834367e-01
0.0000000000000000e+00
-3.0189534988567002e-01
1
1
-4.8807354638879569e-01
7.0251826949540919e-01
1.9320278888036013e-01
5.3026831662891391e-02
5.3026831662891405e-02
1.5016174194915577e-01
0
2
1.1599999999999999e+00
2
-2.6650082281770588e+00
3.4925364504567367e+00
6.4718931015291903e-01
-7.6232932307749302e-01
7.4720434832237814e-01
-2.9740488357857547e-01
1
1
-3.3903822282780909e+00
4.3469601280424737e+00
4.3130807363087065e-01
1.3458280492589877e-01
1.3458280492589877e-01
3.8703774863465779e-01
0
2
1.1599999999999999e+00
2
-1.4597134451218761e+00
1.6010656656985547e+00
5.3739316169781526e-01
-8.4333183846006055e-01
7.4761823618250611e-01
-2.9724023768726537e-01
1
1
-2.0623608366494675e+00
2.5468010580776457e+00
4.6730406399739555e-01
1.2376197714184897e-01
1.2376197714184897e-01
3.5194859776516518e-01
0
2
1.1599999999999999e+00
2
-1.1753480000000000e-02
1.6192660000000000e-04
6.7079186784123390e-01
-7.4164564991515225e-01
0.0000000000000000e+00
-2.3163343048119869e-01
1
1
-7.3573346256093808e-01
8.0061379614927730e-01
3.0136094303526234e-01
9.6722783887101552e-02
9.6722783887101565e-02
2.8190390053765357e-01
0
2
2.5000000000000000e+01
2
0.0000000000000000e+00
0.0000000000000000e+00
0.0000000000000000e+00
0.0000000000000000e+00
0.0000000000000000e+00
-1.0000000000000000e+00
1
1
0.0000000000000000e+00
0.0000000000000000e+00
2.0000000000000000e+00
0.0000000000000000e+00
0.0000000000000000e+00
2.0000000000000000e+00
0
