2
1
1
9
2.2024482777724505e-01
1.0940578528585113e-01
1.4765467849057182e-01
1.0193918364559622e-01
6.7577100816807040e-02
2.8548173063798428e-02
9.9455663581797679e-02
1.3145259983036750e-01
9.3721987507965135e-02
2
1
-3.4208248965121200e+01
-3.2228118459795660e+00
1.6386091688538208e+01
5.4343131426524174e+01
-3.4792723647523478e+00
2.0223702314638436e+00
-3.4792723647523478e+00
4.9672242361224175e+00
-1.2684806033887492e+00
2.0223702314638436e+00
-1.2684806033887492e+00
6.2777008804338150e+00
1
2
1
-1.3190573671451560e+01
1.0354525960860629e+01
2.1735896916691765e+01
2.7713831245222472e+01
-9.9920524572380582e+00
-2.2276217874302152e+01
-9.9920524572380582e+00
9.1626444364683923e+00
1.0423103216759385e+01
-2.2276217874302152e+01
1.0423103216759385e+01
3.0459962097904580e+01
1
2
1
-4.2477565144418861e+01
6.7600076932317164e+00
1.7371456771174525e+01
1.7890443919053354e+01
9.0905180271191757e+00
-2.7885744099834557e+00
9.0905180271191757e+00
1.9319094576740792e+01
2.0224219370654977e+00
-2.7885744099834557e+00
2.0224219370654977e+00
5.7624411312979067e+00
1
2
1
-1.8165563892769846e+01
-4.0873835001734218e+00
1.7193110700495101e+01
1.8358885122855462e+01
5.7236359656711755e-01
-9.4452785210383876e+00
5.7236359656711755e-01
4.8438496494384315e+00
-2.9506527989887337e+00
-9.4452785210383876e+00
-2.9506527989887337e+00
1.4459853381828811e+01
1
2
1
-1.1382511071441318e+01
-3.6782058581475945e+00
4.9953730896745450e+00
3.0059391837141329e+00
-2.5031582505513866e-01
-2.6360471794265625e+00
-2.5031582505513866e-01
4.8695155839831283e+00
4.7570026127871923e-01
-2.6360471794265625e+00
4.7570026127871923e-01
1.5941131307321655e+01
1
2
1
-3.3898984612605076e+01
1.4834287754162977e+01
2.6070737570764827e+01
2.9213401492867963e+01
3.6327934741552723e+00
1.2624192614028171e+01
3.6327934741552723e+00
3.9471208439141701e+00
3.8449090914954376e-01
1.2624192614028171e+01
3.8449090914954376e-01
1.0691981727723414e+01
1
2
1
-2.7586692632058224e+01
1.2345906297245056e+01
2.0165649943764969e+01
3.5389937511007595e+01
-5.1662391626724480e-01
1.1629296489726375e+01
-5.1662391626724480e-01
3.8615288844432611e+00
3.6644202968636941e-01
1.1629296489726375e+01
3.6644202968636941e-01
8.4757175573729810e+00
1
2
1
-3.6175009541928400e+00
4.2368124831398051e+00
1.0652335480455902e+01
7.1197224897355422e+00
-4.4769814173890872e+00
-5.8690189120841669e+00
-4.4769814173890872e+00
6.8301491683788615e+00
5.6528930728711337e+00
-5.8690189120841669e+00
5.6528930728711337e+00
1.1957524287197884e+01
1
2
1
-2.7365778880691832e-01
6.7435609645305705e-01
3.7696795401242289e+00
2.4678078540455903e+00
-3.6443976387125648e-01
-1.2696309281070954e+00
-3.6443976387125648e-01
2.5333357663978129e+00
1.3644254245249794e+00
-1.2696309281070954e+00
1.3644254245249794e+00
7.7063985966364932e+00
1
