2
6
1
2
6
2
2.6514064317283457e+00
-6.4826305086669684e+00
4.4452714502181143e+00
2.8534995758243618e+00
2.8889520004970070e+01
0.0000000000000000e+00
2
-1.4098370642810574e+00
-1.4259378033257452e+01
5.8698610882327884e+00
-5.0653504561519003e-01
3.2222150568754941e+01
0.0000000000000000e+00
2
-1.3404872090516545e+01
-8.9826038105798087e+00
3.5671248480644141e-01
-6.1112704891035721e+00
3.7586307614688288e+01
0.0000000000000000e+00
2
-1.6378642167198457e+01
3.7246360642821372e+00
-3.4918642396816928e+00
-3.6044256133706836e+00
2.7446479746230921e+01
0.0000000000000000e+00
2
-1.1406490221939173e+01
1.3244957192707332e+01
-4.1056150326696743e+00
-6.2891337373735057e-01
2.6888704257485365e+01
0.0000000000000000e+00
2
-5.9975698503969808e+00
1.8606284648063422e+01
-3.7759560883539001e+00
-6.0342976111078295e-01
2.0913112383094862e+01
0.0000000000000000e+00
1
2
6
2
3.9662149922478425e+00
-1.7433493884409089e+01
1.0294159710896135e+01
2.3440616562020637e+00
3.7545864812862149e+01
0.0000000000000000e+00
2
-1.4594050871711087e+01
-1.3520301591335892e+01
2.1948759117893433e+00
-8.1082039641498280e+00
3.0746904247615166e+01
0.0000000000000000e+00
2
4.1753721901740279e+00
-1.8647251632232498e+00
-6.6323596714077588e+00
7.8989461107348147e-01
2.3753118021665795e+01
0.0000000000000000e+00
2
-2.1242520036488177e+01
-8.4354534666686831e-01
-2.5850266843698879e+00
-4.7091426359481456e+00
2.7116029289053802e+01
0.0000000000000000e+00
2
1.0287870471177463e+01
-6.8681830996227653e+00
-1.9746399245378361e+00
5.6507250086388909e+00
2.4343238966370269e+01
0.0000000000000000e+00
2
-1.5317629519276062e+01
1.0799944549070112e+01
-2.2609933469082817e+00
3.0592212459843282e-01
1.9694685817128018e+01
0.0000000000000000e+00
1
2
4
2
2.5357137937384677e+00
3.2076415582826110e+00
-2.4892723757319946e+00
-3.1488938309992762e+00
1.3981408795262263e+01
0.0000000000000000e+00
2
1.5483801034846900e+01
-9.4251323560707760e+00
2.9903659368249267e+00
2.3812167119258429e+00
4.2820318649465989e+01
0.0000000000000000e+00
2
4.4732400981424805e+00
-2.0509788953458415e+01
2.8630486441088894e+00
-1.5946015600259782e+00
2.8719402870108510e+01
0.0000000000000000e+00
2
8.4811332877876247e+00
2.0575725855867346e+00
-2.2554524644454599e+00
-1.7205034748760342e+00
1.9439677774369773e+01
0.0000000000000000e+00
1
2
1
2
1.8026628367192430e+01
-6.4238946262628041e+00
1.1362742669051067e+00
1.8428145050685412e+00
2.6543012900800871e+01
0.0000000000000000e+00
1
2
1
2
1.7115494920166370e+01
-1.1627060090982969e+01
-2.2986285732187889e-03
-1.3999353116220597e-03
5.3827546097489824e+02
0.0000000000000000e+00
1
2
1
2
5.2310450466964176e-01
6.9606821422828735e-01
-5.2310450466964176e-01
-6.9606821422828735e-01
3.9043043499336214e+01
0.0000000000000000e+00
