2
-1.0000000000000000e-300
99
2
9.2000000000000004e-01
2
-3.7197464050952020e+00
1.4489288742158536e+01
-9.9113063471204799e-01
-1.3289117704081335e-01
1.6250889594840534e+00
-1.3674465076224207e-01
1
1
-1.3037332272797446e+00
1.4813228719091335e+01
1.3130880398486160e+00
-1.6994882305808953e-01
-1.6994882305808953e-01
2.5578156688434639e+00
0
2
9.2000000000000004e-01
2
-8.0870558976917284e+00
1.2324028684823062e+01
-8.9593152745425830e-01
-4.4419218601128013e-01
1.6248672875727466e+00
-1.3676330610002088e-01
1
1
-5.9034011513934654e+00
1.3406658713490799e+01
1.5444648778926868e+00
-5.1335566441787961e-01
-5.1335566441787994e-01
2.3253828737139877e+00
0
2
9.2000000000000004e-01
2
-1.1510109289166293e+01
8.8544514811480575e+00
-7.0231796007883951e-01
-7.1186338784256753e-01
1.6246456192435998e+00
-1.3678196622700040e-01
1
1
-9.7985825934290105e+00
1.0589240082985560e+01
1.9431000929300191e+00
-6.4473990831862782e-01
-6.4473990831862771e-01
1.9256918627004693e+00
0
2
9.2000000000000004e-01
2
-1.3593641245609456e+01
4.4490708446027174e+00
-4.2754538260656938e-01
-9.0399388593717944e-01
1.6244138760511779e+00
-1.3680147990512548e-01
1
1
-1.2551875267387874e+01
6.6517611628753874e+00
2.3427941192339214e+00
-4.9828513202757668e-01
-4.9828513202757668e-01
1.5248942083267139e+00
0
2
9.2000000000000004e-01
2
-1.4078882737816485e+01
-3.9922117918462285e-01
-9.9587496310020451e-02
-9.9502880891896872e-01
1.6241714076783631e+00
-1.3682190264626870e-01
1
1
-1.3836261991712970e+01
2.0249248327090474e+00
2.5649068597592835e+00
-1.2771474024109511e-01
-1.2771474024109503e-01
1.3016269318553990e+00
0
2
9.2000000000000004e-01
2
-1.2885018340142766e+01
-5.1224250459690133e+00
2.4505853588569887e-01
-9.6950828464204364e-01
1.6239173134135947e+00
-1.3684331116286616e-01
1
1
-1.3481950538979625e+01
-2.7608231125768179e+00
2.4995070689536245e+00
3.0611599092829495e-01
3.0611599092829489e-01
1.3658170138762467e+00
0
2
9.2000000000000004e-01
2
-1.0133101526719539e+01
-9.1415220373483823e+00
5.6496472086371119e-01
-8.2511506117594824e-01
1.6236511247499550e+00
-1.3686574587040357e-01
1
1
-1.1509059933431153e+01
-7.1319735416586978e+00
2.1649214789916753e+00
6.0042409610658598e-01
6.0042409610658598e-01
1.6991355182350327e+00
0
2
9.2000000000000004e-01
2
-6.1467472002123964e+00
-1.1939201080354149e+01
8.1853377030993635e-01
-5.7445841177773727e-01
1.6233719654587235e+00
-1.3688928166221470e-01
1
1
-8.1399243634659673e+00
-1.0540361558851266e+01
1.7124794306076860e+00
6.0543582033068166e-01
6.0543582033068166e-01
2.1502489626287007e+00
0
2
9.2000000000000004e-01
2
-1.4267494382742152e+00
-1.3084497063658052e+01
9.7180039139605046e-01
-2.3580500266636242e-01
1.6189873982789191e+00
-1.3726000737155691e-01
1
1
-3.7867483192433058e+00
-1.2511849072006100e+01
1.3518384579582368e+00
2.9346333900966015e-01
2.9346333900966015e-01
2.4900524183849102e+00
0
2
9.2000000000000004e-01
2
1.4265328109481501e+00
-9.3478197358963087e+00
6.0688936088328560e-01
7.9478632577987729e-01
1.5671622282023034e+00
-1.4179911831918893e-01
1
1
-1.0831366303254431e-04
-1.1216158399777180e+01
1.9579479715583077e+00
-5.7879484686658955e-01
-5.7879484686658944e-01
1.6419152505638661e+00
0
2
9.2000000000000004e-01
2
2.3046406248989446e+00
-4.5461926273599742e+00
1.7989368904572423e-01
9.8368605796845587e-01
1.6270865654206887e+00
-1.3657676668528446e-01
1
1
1.8655867179235472e+00
-6.9470061816281419e+00
2.5450915611343632e+00
-2.2889199059963997e-01
-2.2889199059963997e-01
1.3353344481229064e+00
0
2
9.3333333333333335e-01
2
7.1283305726540791e-01
-2.7482921912393377e-01
-3.4920829262112024e-01
9.3704512610900537e-01
0.0000000000000000e+00
-1.0968922994262156e-01
1
1
1.5087368410821762e+00
-2.4105109232419539e+00
1.6282722594781507e+00
2.8370311398341685e-01
2.8370311398341685e-01
9.7272744613089501e-01
0
2
9.4666666666666666e-01
2
-3.5304428308381124e+00
1.7153182976975913e+01
-9.9510356924126508e-01
-9.8837677447898842e-02
1.8635701088410399e+00
-1.1924543174843198e-01
1
1
-7.4877493057953481e-01
1.7429469388954679e+01
1.7133665752950242e+00
-1.6688569856057298e-01
-1.6688569856057298e-01
3.3770058799173861e+00
0
2
9.5999999999999996e-01
2
-8.7025655466198639e+00
1.4835037689797065e+01
-9.1253517030800035e-01
-4.0899824321254580e-01
1.8892870777557897e+00
-1.1762226335988668e-01
1
1
-6.1165041887289879e+00
1.5994110333386489e+01
2.0356711596750086e+00
-6.5088430036639322e-01
-6.5088430036639355e-01
3.1961633321292942e+00
0
2
9.5999999999999996e-01
2
-1.2841672950952830e+01
1.0964410017667761e+01
-7.3039822004350652e-01
-6.8302155175168333e-01
1.8889729331881533e+00
-1.1764182446339352e-01
1
1
-1.0772119248786346e+01
1.2899723853732414e+01
2.5566768086229397e+00
-8.6972592814661542e-01
-8.6972592814661576e-01
2.6734179626683394e+00
0
2
9.5999999999999996e-01
2
-1.5469286745962568e+01
5.9446163799936285e+00
-4.6375742077847593e-01
-8.8596221966452704e-01
1.8886409699557680e+00
-1.1766250216812073e-01
1
1
-1.4155479848457698e+01
8.4545131988306945e+00
3.1106890880894951e+00
-7.1604731626354556e-01
-7.1604731626354534e-01
2.1175675979885229e+00
0
2
9.5999999999999996e-01
2
-1.6255227252127632e+01
3.3453198548720409e-01
-1.3873937787174589e-01
-9.9032892769410741e-01
1.8882899198515135e+00
-1.1768437668708033e-01
1
1
-1.5862256999045101e+01
3.1395741827404162e+00
3.4506757480756227e+00
-2.3936100027653154e-01
-2.3936100027653151e-01
1.7756375199480561e+00
0
2
9.5999999999999996e-01
2
-1.5071955223863327e+01
-5.2042388715676422e+00
2.0892007649753574e-01
-9.7793271835861173e-01
1.8879181744224920e+00
-1.1770754963477124e-01
1
1
-1.5663591237995480e+01
-2.4348534430402191e+00
3.4068283783375457e+00
3.5578883957750590e-01
3.5578883957750601e-01
1.8174272958775788e+00
0
2
9.5999999999999996e-01
2
-1.2030539951803526e+01
-9.9806933670382971e+00
5.3710842734962061e-01
-8.4351321108208921e-01
1.8875240809183638e+00
-1.1773212562888276e-01
1
1
-1.3551247587833426e+01
-7.5924661193029692e+00
2.9792189938333005e+00
7.8863435346125899e-01
7.8863435346125932e-01
2.2428558333873183e+00
0
2
9.5999999999999996e-01
2
-7.4899742164141507e+00
-1.3362080566545755e+01
8.0203339274632757e-01
-5.9727919511717054e-01
1.8871058555477940e+00
-1.1775821773268513e-01
1
1
-9.7602570841088383e+00
-1.1671386966792026e+01
2.3606237243785926e+00
8.3348770165339481e-01
8.3348770165339503e-01
2.8591372121287115e+00
0
2
9.5999999999999996e-01
2
-2.0334987427454108e+00
-1.4866174913494284e+01
9.6404424529327304e-01
-2.6574177902039309e-01
1.8866614958489514e+00
-1.1778595297097941e-01
1
1
-4.7617364795797812e+00
-1.4114127740020020e+01
1.8619140454433916e+00
4.4553477845290157e-01
4.4553477845290174e-01
3.3553889703186832e+00
0
2
9.5999999999999996e-01
2
9.6641903411055141e-01
-1.0652174602856277e+01
5.7994681098079381e-01
8.1465434168928796e-01
1.7242487989444897e+00
-1.2888060142959473e-01
1
1
-5.3353985431742967e-01
-1.2759174758175281e+01
2.4165829983577281e+00
-6.8627509587070268e-01
-6.8627509587070246e-01
1.9411232652511643e+00
0
2
9.5999999999999996e-01
2
1.9523683903050260e+00
-5.0506461511181584e+00
1.7334955067061616e-01
9.8486036232670848e-01
1.8958790728141550e+00
-1.1721328929084376e-01
1
1
1.4593937122077887e+00
-7.8514103769872179e+00
3.4594996249074792e+00
-2.9981646430246006e-01
-2.9981646430246006e-01
1.8089078099098945e+00
0
2
9.5999999999999996e-01
2
1.3359360093043866e+00
3.6079123748353581e-01
-1.1318091418806496e-01
9.9357439613928955e-01
0.0000000000000000e+00
-9.1803186915928398e-02
1
1
1.6441521998047062e+00
-2.3449274568173113e+00
2.4596364394041195e+00
1.3918905836227394e-01
1.3918905836227394e-01
1.2536013580331671e+00
0
2
9.5999999999999996e-01
2
-5.8924303681365950e+00
1.9194080793840822e+01
-9.7888650671137301e-01
-2.0440451799900378e-01
2.0790205916594284e+00
-1.0688793709582710e-01
1
1
-2.8397425616108301e+00
1.9831522596763044e+01
2.2000418093479666e+00
-4.2254916551644334e-01
-4.2254916551644334e-01
4.1353819666164551e+00
0
2
9.7333333333333338e-01
2
-1.1380782440667353e+01
1.6056325577283026e+01
-8.6813723328258152e-01
-4.9632423292487426e-01
2.1073289114972145e+00
-1.0545208249638535e-01
1
1
-8.6366064044019737e+00
1.7625203185561922e+01
2.7041901850710879e+00
-9.3487887799928160e-01
-9.3487887799928182e-01
3.8049367293959460e+00
0
2
9.7333333333333338e-01
2
-1.5593420738889272e+01
1.1343871812731026e+01
-6.6646374435586420e-01
-7.4553744202364602e-01
2.1069604730428981e+00
-1.0547052261558860e-01
1
1
-1.3487101589778312e+01
1.3700098695007025e+01
3.3745095125289812e+00
-1.0776943307955276e+00
-1.0776943307955276e+00
3.1323415322354839e+00
0
2
9.7333333333333338e-01
2
-1.8059291336034132e+01
5.5250943753874786e+00
-3.9018752625424225e-01
-9.2073540952631727e-01
2.1065687916926761e+00
-1.0549013310107079e-01
1
1
-1.6826356037461700e+01
8.4344830940592530e+00
4.0061961095964458e+00
-7.7892627278641835e-01
-7.7892627278641813e-01
2.4982359288851925e+00
0
2
9.7333333333333338e-01
2
-1.8471572225056601e+01
-7.7989653562290073e-01
-6.5250259018192203e-02
-9.9786893112174757e-01
2.1061519919664087e+00
-1.0551100921009239e-01
1
1
-1.8265431780545367e+01
2.3725989198822890e+00
4.3253448346884911e+00
-1.4111461428608579e-01
-1.4111461428608582e-01
2.1765135614758742e+00
0
2
9.7333333333333338e-01
2
-1.6741238085621298e+01
-6.8554202781058615e+00
2.7391173109274491e-01
-9.6175483548031915e-01
2.1057077189700237e+00
-1.0553327046306266e-01
1
1
-1.7606405155338948e+01
-3.8176584068643811e+00
4.1702060196805419e+00
5.7070019792940596e-01
5.7070019792940596e-01
2.3289096537732012e+00
0
2
9.7333333333333338e-01
2
-1.3031889260880819e+01
-1.1967054666515612e+01
5.8732182295188795e-01
-8.0935349278573643e-01
2.1052335532713782e+00
-1.0555703991935016e-01
1
1
-1.4886563673251057e+01
-9.4112374723107362e+00
3.5838458883678106e+00
1.0293232522025930e+00
1.0293232522025930e+00
2.9123431578712458e+00
0
2
9.7333333333333338e-01
2
-7.7673002494522176e+00
-1.5453166405573940e+01
8.3377236379688102e-01
-5.5210836379153094e-01
2.1047267575746171e+00
-1.0558245692581023e-01
1
1
-1.0399594755166518e+01
-1.3710110536044777e+01
2.8241001674563226e+00
9.9632287259981522e-01
9.9632287259981556e-01
3.6689615826439166e+00
0
2
9.7333333333333338e-01
2
-1.6048329042801441e+00
-1.6821493997248712e+01
9.7622426899406878e-01
-2.1676295030977075e-01
2.1041843016673711e+00
-1.0560967594242181e-01
1
1
-4.6860665768661809e+00
-1.6137330201411327e+01
2.2648807151324348e+00
4.5776126400551731e-01
4.5776126400551748e-01
4.2248345237899541e+00
0
2
9.7333333333333338e-01
2
1.3586571764004276e+00
-1.2024428993705699e+01
5.2556951706450228e-01
8.5075065837916675e-01
1.8795420868602033e+00
-1.1823210758395257e-01
1
1
-1.2308786393985827e-01
-1.4422961495477207e+01
2.9752395970881551e+00
-7.7174425592533291e-01
-7.7174425592533291e-01
2.2027622175756392e+00
0
2
9.7333333333333338e-01
2
2.1192051544111745e+00
-5.7251291871622767e+00
1.1986484480066328e-01
9.9279021901956344e-01
2.1150153999852850e+00
-1.0506884357615946e-01
1
1
1.7389311654058011e+00
-8.8747790904339876e+00
4.3397304607506069e+00
-2.6008375028827163e-01
-2.6008375028827163e-01
2.2169671726077689e+00
0
2
9.7333333333333338e-01
2
1.4645752737754802e+00
3.4719710228618922e-01
-1.0718440191228260e-01
9.9423915834506649e-01
0.0000000000000000e+00
-8.1866414200493398e-02
1
1
1.7918902140933275e+00
-2.6889660424380439e+00
3.0950209597534264e+00
1.6586621696532350e-01
1.6586621696532355e-01
1.5743324036266382e+00
0
2
9.2000000000000004e-01
2
-4.7067802132520766e+00
2.0716504594808679e+01
-9.9070170161993198e-01
-1.3605196950934265e-01
2.0240658842174502e+00
-1.0979001422581576e-01
1
1
-1.6989119397244563e+00
2.1129571819755359e+01
2.0386913482829119e+00
-2.6979498054850581e-01
-2.6979498054850581e-01
3.9662307572666204e+00
0
2
9.3333333333333335e-01
2
-1.0317949784808137e+01
1.8177444874392862e+01
-9.1106685356801176e-01
-4.1225864251666439e-01
2.0529666400005051e+00
-1.0824443899495981e-01
1
1
-7.5123649990301065e+00
1.9446974734600772e+01
2.4091874293517943e+00
-7.7342932335648273e-01
-7.7342932335648273e-01
3.7684422823592674e+00
0
2
9.3333333333333335e-01
2
-1.4946855821720542e+01
1.4115890526936393e+01
-7.5166971319927511e-01
-6.5953972000094097e-01
2.0527216300941276e+00
-1.0825735889577598e-01
1
1
-1.2632402803264339e+01
1.6146667700664629e+01
2.9542457898096588e+00
-1.0206220768665888e+00
-1.0206220768665888e+00
3.2219094798630414e+00
0
2
9.2000000000000004e-01
2
-1.8132852565821796e+01
8.9491253297165283e+00
-5.2486780061413196e-01
-8.5118375917218003e-01
2.0233645757232686e+00
-1.0982806800538510e-01
1
1
-1.6539854193771170e+01
1.1532507928326460e+01
3.4494653776945641e+00
-8.9363131171373844e-01
-8.9363131171373822e-01
2.5512962177295915e+00
0
2
9.3333333333333335e-01
2
-1.9653037190529218e+01
2.9831664797754680e+00
-2.4691982185647487e-01
-9.6903591345954088e-01
2.0521973668454585e+00
-1.0828501479066402e-01
1
1
-1.8892944878175506e+01
5.9661459047459982e+00
3.9898792185357355e+00
-4.9234656641531027e-01
-4.9234656641531044e-01
2.1831216850542545e+00
0
2
9.3333333333333335e-01
2
-1.9277899296677443e+01
-3.1611299797972716e+00
6.0941175244484495e-02
-9.9814135930729819e-01
2.0519125880916738e+00
-1.0830004334097584e-01
1
1
-1.9465468243603333e+01
-8.8981750010901806e-02
4.1065521658571003e+00
1.2512884106097738e-01
1.2512884106097738e-01
2.0647356300560151e+00
0
2
9.2000000000000004e-01
2
-1.7057609714473955e+01
-8.8079575173459173e+00
3.6592263403003028e-01
-9.3064527393874641e-01
2.0225491909320508e+00
-1.0987234486980051e-01
1
1
-1.8167754505575701e+01
-5.9845437485715944e+00
3.7296671747070143e+00
6.8062589696828679e-01
6.8062589696828679e-01
2.2662589660377161e+00
0
2
9.3333333333333335e-01
2
-1.3122206541605053e+01
-1.3539037844702598e+01
6.3949713302996947e-01
-7.6879348127208358e-01
2.0513009204710397e+00
-1.0833233681345661e-01
1
1
-1.5089908128039504e+01
-1.1173497681024259e+01
3.2709779349827270e+00
1.0107502969177600e+00
1.0107502969177600e+00
2.8966311327811480e+00
0
2
9.3333333333333335e-01
2
-7.8754759153784004e+00
-1.6753072565326057e+01
8.5272457373135646e-01
-5.2236079615020525e-01
2.0509672907505494e+00
-1.0834995917506821e-01
1
1
-1.0498841228491727e+01
-1.5146055205014328e+01
2.6159847893108643e+00
9.1544794879457492e-01
9.1544794879457458e-01
3.5496182048108800e+00
0
2
9.2000000000000004e-01
2
-2.1635777735190409e+00
-1.7340117437512518e+01
9.9476004335020096e-01
-1.0223725423692882e-01
1.9139952996847200e+00
-1.1610384950204811e-01
1
1
-5.0195268444487207e+00
-1.7046595001419288e+01
1.8085663722191583e+00
1.8203130281874991e-01
1.8203130281874993e-01
3.5610075088809556e+00
0
2
9.3333333333333335e-01
2
2.2814584710409225e-01
-1.1678909112243058e+01
3.8917028807489784e-01
9.2116583028231191e-01
2.0485664792604732e+00
-1.0847693959262859e-01
1
1
-9.6771596320747433e-01
-1.4509513274877788e+01
3.7902454448959024e+00
-7.3504589005271037e-01
-7.3504589005271037e-01
2.3609313934432929e+00
0
2
9.3333333333333335e-01
2
1.5412351329797460e+00
-5.6424291439615377e+00
2.1255500314157821e-01
9.7714910358628682e-01
2.0592148957024454e+00
-1.0791599394798336e-01
1
1
8.8469049004191913e-01
-8.6606691281022989e+00
4.0499254791168333e+00
-4.3030099055138232e-01
-4.3030099055138238e-01
2.1653649996579127e+00
0
2
9.3333333333333335e-01
2
1.4375582291533189e+00
3.0198151506092158e-01
-1.7438421498132409e-02
9.9984793916657821e-01
0.0000000000000000e+00
-8.4099837353010215e-02
1
1
1.4893966810665324e+00
-2.6702238144503081e+00
2.9493116629015392e+00
2.5715669656168751e-02
2.5715669656168755e-02
1.4753285947815800e+00
0
2
9.0666666666666662e-01
2
-6.3988525818108828e+00
1.6127859487564223e+01
-9.6060006258389996e-01
-2.7793438031990120e-01
1.7966438207241682e+00
-1.2368741074825380e-01
1
1
-3.8100683318679631e+00
1.6876883118017048e+01
1.6989332369325434e+00
-4.2106165440991145e-01
-4.2106165440991128e-01
3.0323839555313867e+00
0
2
9.2000000000000004e-01
2
-1.0925761012572957e+01
1.3061309847989573e+01
-8.2792427400583679e-01
-5.6083990274579076e-01
1.8225935925512595e+00
-1.2192637082146021e-01
1
1
-8.6623067971919205e+00
1.4594584667776898e+01
2.1334908232073966e+00
-7.5360892519123812e-01
-7.5360892519123812e-01
2.7354866670455773e+00
0
2
9.0666666666666662e-01
2
-1.4211689735408125e+01
8.7908376551586009e+00
-6.0982153309022569e-01
-7.9253876736692608e-01
1.7961149530551810e+00
-1.2372383061798109e-01
1
1
-1.2568725373990542e+01
1.0926073751574087e+01
2.5662022879668944e+00
-7.6177788614566411e-01
-7.6177788614566411e-01
2.1623298534135800e+00
0
2
9.2000000000000004e-01
2
-1.5983607328004313e+01
3.6200613958436878e+00
-3.2417371283209345e-01
-9.4599757077312596e-01
1.8219836283825563e+00
-1.2196718936464718e-01
1
1
-1.5097648531706220e+01
6.2054495255011446e+00
3.0733688396031682e+00
-4.9738603847563051e-01
-4.9738603847563045e-01
1.7923502118475145e+00
0
2
9.0666666666666662e-01
2
-1.5973349909049059e+01
-1.7664189505380179e+00
1.9042862309628559e-03
-9.9999818684533148e-01
1.7954967043071337e+00
-1.2376643281446500e-01
1
1
-1.5978478618526687e+01
9.2682122265283495e-01
3.1501792504388058e+00
2.9994214858331150e-03
2.9994214858331146e-03
1.5750981928704917e+00
0
2
9.2000000000000004e-01
2
-1.4148240754773155e+01
-6.9164814082147732e+00
3.3403068668264829e-01
-9.4256219972706223e-01
1.8212988876377101e+00
-1.2201304449839773e-01
1
1
-1.5060795331911107e+01
-4.3414501793763955e+00
3.0605443330032114e+00
5.1026486302274121e-01
5.1026486302274154e-01
1.8015181213598670e+00
0
2
9.0666666666666662e-01
2
-1.0737026713939763e+01
-1.1082463467086654e+01
6.3353625401454483e-01
-7.7371300548020905e-01
1.7948007548725997e+00
-1.2381442431363156e-01
1
1
-1.2442633734356459e+01
-8.9994724376507129e+00
2.5160413399640378e+00
7.7147292712020687e-01
7.7147292712020665e-01
2.2055736997091513e+00
0
2
9.2000000000000004e-01
2
-6.0301501443098759e+00
-1.3852689665347899e+01
8.6181614502736226e-01
-5.0722079232832751e-01
1.8205261825229346e+00
-1.2206483178081004e-01
1
1
-8.3835884291248188e+00
-1.2467576566217277e+01
2.0359178871882455e+00
7.0785184143922364e-01
7.0785184143922375e-01
2.8220198805660912e+00
0
2
9.0666666666666662e-01
2
-7.2732008446834484e-01
-1.4772659076286541e+01
9.8528261484031787e-01
-1.7093322934241251e-01
1.7940132032408274e+00
-1.2386877745424887e-01
1
1
-3.3787351143891104e+00
-1.4312674370817220e+01
1.6184360660760180e+00
2.6483502506071938e-01
2.6483502506071921e-01
3.0990362298593399e+00
0
2
9.2000000000000004e-01
2
1.5136792174402054e+00
-1.0072675261294282e+01
4.3038937180753495e-01
9.0264333412213005e-01
1.7356371142847353e+00
-1.2803495638188234e-01
1
1
3.9317956648593028e-01
-1.2422667168790412e+01
2.6710073464405637e+00
-5.7178453906146109e-01
-5.7178453906146109e-01
1.7444525558073203e+00
0
2
9.0666666666666662e-01
2
2.1105105891586504e+00
-4.6984768146779157e+00
1.1037639448771748e-01
9.9388985885755554e-01
1.8024124768358254e+00
-1.2329154678974381e-01
1
1
1.8120949032994278e+00
-7.3855760379860991e+00
3.1551616566926350e+00
-1.7412441349835706e-01
-1.7412441349835706e-01
1.6065868969508343e+00
0
2
9.2000000000000004e-01
2
1.2701863907345727e+00
4.9096769701382176e-01
-1.5984737674332036e-01
9.8714174065747973e-01
0.0000000000000000e+00
-9.5110540100531465e-02
1
1
1.6903484899466115e+00
-2.1037545588320468e+00
2.2768562264401151e+00
1.8195950945159600e-01
1.8195950945159600e-01
1.1826250340796192e+00
0
2
9.7333333333333338e-01
2
-3.4565779663689562e+00
1.5980589897428073e+01
-9.9304496505548323e-01
-1.1773570986728675e-01
1.7588916944072328e+00
-1.2634218634883812e-01
1
1
-8.3659015455544050e-01
1.6291216440759140e+01
1.5324762273428896e+00
-1.7672262363492577e-01
-1.7672262363492577e-01
3.0020955923821537e+00
0
2
9.8666666666666669e-01
2
-8.2861233144447315e+00
1.3685152769183601e+01
-9.0317578695305778e-01
-4.2927089100208610e-01
1.7824309205515307e+00
-1.2467368000632578e-01
1
1
-5.8713506404068436e+00
1.4832871333305837e+01
1.8382909925673694e+00
-6.0181911073797223e-01
-6.0181911073797223e-01
2.8184652277310116e+00
0
2
9.8666666666666669e-01
2
-1.2091429789609725e+01
9.9299709730798025e+00
-7.1177912933772380e-01
-7.0240335352219951e-01
1.7820633388083218e+00
-1.2469939613415973e-01
1
1
-1.0188776552027228e+01
1.1807561871131702e+01
2.3171314136978616e+00
-7.7573775924795141e-01
-7.7573775924795108e-01
2.3377043259268362e+00
0
2
9.7333333333333338e-01
2
-1.4393558057222007e+01
5.1855009090034656e+00
-4.3654664712747393e-01
-8.9968162417699782e-01
1.7578329698636219e+00
-1.2641828093568122e-01
1
1
-1.3242493923415866e+01
7.5577359410416340e+00
2.7317007247353162e+00
-5.9294109708384624e-01
-5.9294109708384601e-01
1.7974137747795060e+00
0
2
9.8666666666666669e-01
2
-1.4946669637016026e+01
-1.2956405014772335e-01
-1.0350592729626200e-01
-9.9462883681026504e-01
1.7812557349521421e+00
-1.2475593361567072e-01
1
1
-1.4670113847119016e+01
2.5279684294278710e+00
3.0838037013559125e+00
-1.5959366633228866e-01
-1.5959366633228864e-01
1.5668139934989544e+00
0
2
9.8666666666666669e-01
2
-1.3599294377858438e+01
-5.2992821076754426e+00
2.5220337571028478e-01
-9.6767425163653953e-01
1.7808052137327013e+00
-1.2478749529064313e-01
1
1
-1.4272982007437232e+01
-2.7144230789115831e+00
3.0002902957748181e+00
3.7813750231895787e-01
3.7813750231895782e-01
1.6479751966970317e+00
0
2
9.7333333333333338e-01
2
-1.0538611174138410e+01
-9.5889278440720922e+00
5.8081723340760416e-01
-8.1403399276488242e-01
1.7565383323558694e+00
-1.2651145615716666e-01
1
1
-1.2068952775998424e+01
-7.4441049758737670e+00
2.5064167498947452e+00
7.1274492174285553e-01
7.1274492174285542e-01
2.0160288540392806e+00
0
2
9.8666666666666669e-01
2
-6.0645468463702459e+00
-1.2503065530035514e+01
8.3793012451003956e-01
-5.4577752467336871e-01
1.7798080440117330e+00
-1.2485740974702399e-01
1
1
-8.3015790102543274e+00
-1.1045996687053803e+01
2.0087014713970306e+00
7.0779357441794222e-01
7.0779357441794188e-01
2.6343598450724501e+00
0
2
9.8666666666666669e-01
2
-8.2441728840820983e-01
-1.3519205449944534e+01
9.8171263799464492e-01
-1.9036884304317025e-01
1.7792475975678945e+00
-1.2489673866975248e-01
1
1
-3.4444820673892278e+00
-1.3011135489990025e+01
1.6027658732202810e+00
2.8906124064326855e-01
2.8906124064326844e-01
3.0373717824546977e+00
0
2
9.7333333333333338e-01
2
1.5659001873688432e+00
-9.6161959032927484e+00
5.2226824623902668e-01
8.5278126091654449e-01
1.5256001061971995e+00
-1.4566217013195315e-01
1
1
3.7074144948031668e-01
-1.1567700676618642e+01
1.9641285346847699e+00
-5.0646510067492179e-01
-5.0646510067492190e-01
1.4473253818276082e+00
0
2
9.8666666666666669e-01
2
1.8716202334892851e+00
-4.2565467158347561e+00
5.6948484488726477e-02
9.9837711818452524e-01
1.7894538011862413e+00
-1.2418438636130731e-01
1
1
1.7187602104290640e+00
-6.9363713095637518e+00
3.1239422891974589e+00
-8.8951772171449534e-02
-8.8951772171449534e-02
1.5695819990426332e+00
0
2
9.8666666666666669e-01
2
8.8869023225522281e-01
8.1074434000417817e-01
-1.9042598892780260e-01
9.8170155482247690e-01
0.0000000000000000e+00
-9.6866505594866370e-02
1
1
1.3801552328722539e+00
-1.7229011879152889e+00
2.1831485551287835e+00
2.0782866879239473e-01
2.0782866879239473e-01
1.1520447631023782e+00
0
2
9.4666666666666666e-01
2
-4.2003143426060170e+00
1.5432426595726815e+01
-9.8660799911829467e-01
-1.6310933779460679e-01
1.7518980165220230e+00
-1.2684655164082645e-01
1
1
-1.6076594474958632e+00
1.5861052983764704e+01
1.5394220582235365e+00
-2.4131145174635452e-01
-2.4131145174635443e-01
2.9591608649476582e+00
0
2
9.5999999999999996e-01
2
-8.8872127582425424e+00
1.2898541980616645e+01
-8.7967306406359680e-01
-4.7557891076136166e-01
1.7760001251622886e+00
-1.2512511630702497e-01
1
1
-6.5437635504242797e+00
1.4165484288171729e+01
1.8896239356033542e+00
-6.4471340408332156e-01
-6.4471340408332123e-01
2.7335908731937670e+00
0
2
9.5999999999999996e-01
2
-1.2455541404320069e+01
8.9434192846880194e+00
-6.6986845623025382e-01
-7.4247979861252555e-01
1.7756365014103532e+00
-1.2515074005615195e-01
1
1
-1.0671377081281307e+01
1.0920980632652332e+01
2.3896489504367868e+00
-7.6615939501947794e-01
-7.6615939501947761e-01
2.2316729096008583e+00
0
2
9.5999999999999996e-01
2
-1.4458367440417772e+01
4.0086176641054925e+00
-3.7606482333556734e-01
-9.2659335668328024e-01
1.7752489392062039e+00
-1.2517806225057546e-01
1
1
-1.3456954422368920e+01
6.4760184743967564e+00
2.8617751391834778e+00
-5.3654635819713969e-01
-5.3654635819713981e-01
1.7575295802721351e+00
0
2
9.5999999999999996e-01
2
-1.4614850476714558e+01
-1.3135883273026794e+00
-2.9389212430350017e-02
-9.9956804380328390e-01
1.7748353149151521e+00
-1.2520723492187544e-01
1
1
-1.4536608958566166e+01
1.3475146684014065e+00
3.0767722951399588e+00
-4.5211953071056764e-02
-4.5211953071056757e-02
1.5403801244204303e+00
0
2
9.5999999999999996e-01
2
-1.2865909298531154e+01
-6.3412562243163100e+00
3.2855198406574349e-01
-9.4448588860102278e-01
1.7743931584693966e+00
-1.2523843498918391e-01
1
1
-1.3740379887622856e+01
-3.8274222758094947e+00
2.9105159008670296e+00
4.7734910221516835e-01
4.7734910221516841e-01
1.7043363059456846e+00
0
2
9.4666666666666666e-01
2
-9.4658174565913402e+00
-1.0339803774279252e+01
6.4779512167107678e-01
-7.6181459708983967e-01
1.7495715997206072e+00
-1.2701522033034224e-01
1
1
-1.1165863377561248e+01
-8.3405299992977806e+00
2.3635060048770757e+00
7.3805246902728561e-01
7.3805246902728561e-01
2.1231371478714722e+00
0
2
9.5999999999999996e-01
2
-4.7653896242992611e+00
-1.2832018642865291e+01
8.8349603938724075e-01
-4.6843862819696985e-01
1.7734196958227140e+00
-1.2530718066663304e-01
1
1
-7.1156035404453011e+00
-1.1585911208572272e+01
1.8737793781220924e+00
6.3594154283358462e-01
6.3594154283358439e-01
2.7360106428705002e+00
0
2
9.5999999999999996e-01
2
5.2816361608596496e-01
-1.3347842602403679e+01
9.9528589752646235e-01
-9.6984443004762666e-02
1.7728752624550883e+00
-1.2534566132672387e-01
1
1
-2.1186130041066482e+00
-1.3089930622634485e+01
1.5500976874937191e+00
1.4823239327782314e-01
1.4823239327782314e-01
3.0568623905664567e+00
0
2
9.5999999999999996e-01
2
3.1275797467165818e+00
-9.6772797166203581e+00
5.7793355423262449e-01
8.1608382344710517e-01
1.4992589324460204e+00
-1.4822137618327857e-01
1
1
1.8278716814012734e+00
-1.1512561159512018e+01
1.8296298864105520e+00
-5.1796784855150979e-01
-5.1796784855150979e-01
1.4650359948133440e+00
0
2
9.5999999999999996e-01
2
2.8604067540936411e+00
-4.3354070460782896e+00
-4.9952417434938730e-02
9.9875159874335395e-01
1.7828499356140546e+00
-1.2464437852178722e-01
1
1
2.9939932504051114e+00
-7.0063433813493239e+00
3.1020888673354774e+00
7.7478358560009966e-02
7.7478358560009966e-02
1.5568570370926031e+00
0
2
9.5999999999999996e-01
2
1.3086676113043949e+00
5.7116171558453888e-01
-3.0153711236139447e-01
9.5345444037392357e-01
0.0000000000000000e+00
-9.7161018900181417e-02
1
1
2.0845371826990178e+00
-1.8821226652468754e+00
2.1095313172435652e+00
3.1769005492714791e-01
3.1769005492714791e-01
1.2054734497844570e+00
0
2
1.0133333333333334e+00
2
6.5685898122134558e+00
1.4949984608951947e+01
-9.8756162216922339e-01
1.5723244709185227e-01
1.7963099106317879e+00
-1.2371040259086666e-01
1
1
9.2295399061067283e+00
1.4526327304475974e+01
1.6154943519999472e+00
2.4479680415589924e-01
2.4479680415589924e-01
3.1140643530723486e+00
0
2
1.0266666666666666e+00
2
1.1122799505357128e+00
1.5137168696024135e+01
-9.9941206858075415e-01
3.4285815946804112e-02
0.0000000000000000e+00
-9.1583148127281050e-02
1
1
3.8404348813745841e+00
1.5043576652488042e+01
1.2451627159319512e+00
4.2616223972071710e-02
4.2616223972071710e-02
2.4859394571772162e+00
0
2
7.8666666666666663e-01
2
6.6955111219259491e+00
1.7589346647201893e+01
-9.9543804945857695e-01
9.5410113143753542e-02
1.5544007252548486e+00
-1.4296327749447507e-01
1
1
9.0164755609629754e+00
1.7366888323600946e+01
1.1912374824810281e+00
1.1211699837208204e-01
1.1211699837208203e-01
2.3502366086750826e+00
0
2
7.8666666666666663e-01
2
2.0328929696790428e+00
1.7705755800933442e+01
-9.9968848311164960e-01
2.4958700565716158e-02
0.0000000000000000e+00
-1.0720248264699757e-01
1
1
4.3642020458024957e+00
1.7647551224067669e+01
9.0825498693445905e-01
2.2647694441353759e-02
2.2647694441353759e-02
1.8148136743707801e+00
0
2
1.2533333333333334e+00
2
2.1294524491493472e-01
2.0468964399685269e+01
-9.9779778916010731e-01
-6.6329269159264445e-02
0.0000000000000000e+00
-6.1176501954666070e-02
1
1
4.2904821965189610e+00
2.0740021370253874e+01
2.7995244271920439e+00
-1.8446989125836033e-01
-1.8446989125836041e-01
5.5622605796394966e+00
0
2
1.0133333333333334e+00
2
1.3089563338031638e+00
2.1542639044702039e+01
-9.9999240024115488e-01
-3.8986484752479462e-03
0.0000000000000000e+00
-7.4512731489431799e-02
1
1
4.6640621669015818e+00
2.1555719522351019e+01
1.8788523674926441e+00
-7.3248179163458403e-03
-7.3248179163458386e-03
3.7576190636636055e+00
0
2
9.3333333333333335e-01
2
4.2936734332779487e+00
1.8398903787992452e+01
-9.9759349018552801e-01
-6.9334178724902953e-02
1.8562478412350965e+00
-1.1971581449725034e-01
1
1
7.0713445771585564e+00
1.8591955917365318e+01
1.6915759718413894e+00
-1.1644202219828620e-01
-1.1644202219828616e-01
3.3588732809079738e+00
0
2
9.3333333333333335e-01
2
-1.2212840819250437e+00
1.7625906748469877e+01
-9.9031946940046722e-01
-1.3880687492475677e-01
0.0000000000000000e+00
-8.9784868393860712e-02
1
1
1.5361946756764526e+00
1.8012405268231163e+01
1.3189515264666387e+00
-1.7787995734709042e-01
-1.7787995734709047e-01
2.5631060957269938e+00
0
2
1.0266666666666666e+00
2
1.7833976572580752e+00
1.6601842984090204e+01
-9.9999832192461280e-01
1.8319792461447579e-03
0.0000000000000000e+00
-8.9455640658888155e-02
1
1
4.5780741990588378e+00
1.6596723186074531e+01
1.3035659873385794e+00
2.3880938125666823e-03
2.3880938125666823e-03
2.6071188498402273e+00
0
2
2.6666666666666666e-01
2
-2.8341649999999999e-02
2.4035549999999999e-02
-7.5897784562787596e-01
-6.5111644876017993e-01
0.0000000000000000e+00
-4.1382304165987643e-01
1
1
4.3017429112761141e-01
4.1738994500208909e-01
8.6738763839286748e-02
-3.0102700133329292e-02
-3.0102700133329285e-02
9.6003474956950510e-02
0
2
7.7333333333333332e-01
2
5.3679339207551315e+00
1.6468311420833135e+01
-9.9959264839948447e-01
-2.8540099258837139e-02
1.4373762105815457e+00
-1.5460268549478337e-01
1
1
7.5231199603775654e+00
1.6529845710416566e+01
1.0102557810193673e+00
-2.8797598462660039e-02
-2.8797598462660050e-02
2.0180448982836858e+00
0
2
7.8666666666666663e-01
2
9.8499544761429059e-01
1.6289679371802592e+01
-9.9917049810583058e-01
-4.0722422753886080e-02
0.0000000000000000e+00
-1.1398408901115820e-01
1
1
3.1764646841847108e+00
1.6378995396317862e+01
8.0422609220491859e-01
-3.2668693692340392e-02
-3.2668693692340378e-02
1.6044578260159137e+00
0
2
2.5333333333333335e-01
2
1.5223620000000000e-02
2.0049879999999999e-02
-9.1997255641978548e-01
-3.9198277441036194e-01
0.0000000000000000e+00
-3.5562906573636172e-01
1
1
6.6194561565219745e-01
2.9560579779226942e-01
9.5153941551106708e-02
-2.9743658110170840e-02
-2.9743658110170833e-02
1.5228826541108087e-01
0
2
2.5000000000000000e+01
2
0.0000000000000000e+00
0.0000000000000000e+00
0.0000000000000000e+00
0.0000000000000000e+00
0.0000000000000000e+00
-1.0000000000000000e+00
1
1
0.0000000000000000e+00
0.0000000000000000e+00
2.0000000000000000e+00
0.0000000000000000e+00
0.0000000000000000e+00
2.0000000000000000e+00
0
