2
1
1
9
1.7860797703722089e-01
1.5452236248611140e-01
7.3944903567270515e-02
1.2054000782861647e-01
1.2458305041272079e-01
7.5870845666124134e-02
1.1277688903993607e-01
4.3452113518121706e-02
1.1570185044387794e-01
2
1
-7.8193406756451651e+00
1.5928443837098255e+01
2.7756614041672275e+01
7.2132782873134900e+01
1.4989407621761039e+01
-5.7484947575234076e+00
1.4989407621761039e+01
1.1762789096057046e+01
-2.6442410567107237e+00
-5.7484947575234076e+00
-2.6442410567107237e+00
1.2544838135984877e+01
1
2
1
-2.2656294805817176e+01
-3.2917259884956849e+00
2.8498494629547722e+01
1.0290526050635435e+01
-6.0037354329979509e-01
-3.3622035317214034e+00
-6.0037354329979509e-01
5.8819928321556858e+01
2.0392932713251000e+01
-3.3622035317214034e+00
2.0392932713251000e+01
3.8486137627029507e+01
1
2
1
8.9660824503177174e+00
1.7801618144178363e+01
9.8950256544142032e+00
6.0044617413480426e+00
-2.1631632076901126e+00
-1.0006960874935332e+01
-2.1631632076901126e+00
7.5383256974412323e+00
1.8802228950883151e+00
-1.0006960874935332e+01
1.8802228950883151e+00
5.7729347638522597e+01
1
2
1
7.8579885796625302e+00
-2.0587483170448646e+01
2.8221184420837634e+01
3.9031343681647854e+01
1.0046921405404548e+01
-2.0393329094126309e+00
1.0046921405404548e+01
9.0958061359268889e+00
1.9686719785378912e+00
-2.0393329094126309e+00
1.9686719785378912e+00
7.9264106683787432e+00
1
2
1
-1.1978373544332754e+01
-2.0373548721277096e+01
2.9681272164656182e+01
4.2493045142434958e+01
-1.3076598537554585e+01
7.4332102501044703e+00
-1.3076598537554585e+01
1.1636951590140027e+01
-3.5224667559345577e+00
7.4332102501044703e+00
-3.5224667559345577e+00
1.1783617482352648e+01
1
2
1
1.5728072388105655e+01
-6.6648825918182711e-03
1.6202305757965075e+01
1.4130567938503329e+01
-1.5846302566308350e+00
1.6233472589609160e-01
-1.5846302566308350e+00
5.9206309796582790e+00
1.1799767895592410e+00
1.6233472589609160e-01
1.1799767895592410e+00
8.1399037462279047e+00
1
2
1
1.9109545045485582e+01
-7.9879987905791330e+00
2.2502255447130544e+01
9.4177822021799003e+00
2.7773906218808411e+00
-3.2505584783842987e+00
2.7773906218808411e+00
2.5957492209989208e+01
-2.1692222634310003e+01
-3.2505584783842987e+00
-2.1692222634310003e+01
2.8500321469364568e+01
1
2
1
8.6707234178382186e-01
2.9518297913913305e-01
7.3171465316500113e+00
3.0087547354629502e+00
2.6640003621073433e-01
2.8803800812824245e+00
2.6640003621073433e-01
2.1337157842525580e+00
7.6230485422036542e-01
2.8803800812824245e+00
7.6230485422036542e-01
1.3755726461101780e+01
1
2
1
6.7484392007708225e+00
1.0291515536023510e+00
1.5834420929124944e+01
1.5358811037455490e+01
1.1477687328034152e+00
7.4678713572144675e+00
1.1477687328034152e+00
3.1192915496292972e+00
-2.6318563497887976e-01
7.4678713572144675e+00
-2.6318563497887976e-01
1.2596029291051003e+01
1
