2
8
1
2
3
2
-1.1825953754238125e+01
-2.0739148260341256e+01
2.9797941582273557e+00
-1.2369681668582878e+01
4.4117036520944218e+01
0.0000000000000000e+00
2
-2.2657497064589119e+01
-1.1378091698050294e+01
-2.3630791865242959e+00
-7.0129307976103545e+00
2.5659706244918098e+01
0.0000000000000000e+00
2
-3.0307389678004450e+00
-9.4546415754461037e+00
-3.5840194859006602e+00
2.9286558931430697e+00
2.4057463599524997e+01
0.0000000000000000e+00
1
2
2
2
-1.5291130314360595e+01
-3.3054179013116617e+01
-1.3289446595075667e+00
-4.5137249309115060e+00
2.0429398387339862e+01
0.0000000000000000e+00
2
-2.8339110112243731e+01
-6.7528066783550180e+00
1.4003690299836600e+00
4.4412948016919040e+00
4.5290235151490762e+01
0.0000000000000000e+00
1
2
1
2
-7.1387122024191765e+00
-3.1068370645282528e+01
-2.1456567362253973e-01
1.4079882850386322e-01
1.3110926140758559e+03
0.0000000000000000e+00
1
2
2
2
-1.6309386736021519e+01
-3.5499804146410526e+01
3.8708307166390998e-01
-1.6209085186284320e+00
1.8154325775753453e+01
0.0000000000000000e+00
2
-7.7189436919747632e+00
-3.1592838689506653e+01
-1.6612860458511819e-01
2.3884446596312950e-01
1.3125476939741432e+03
0.0000000000000000e+00
1
2
1
2
-2.1634085131541106e+01
-2.9857359818854544e+01
2.1847755126931748e-01
4.1060145406601034e-01
1.3120283209563543e+03
0.0000000000000000e+00
1
2
1
2
-2.3494471654216959e+01
-2.4310239780810520e+01
2.2498259899712682e-03
6.1165150954470308e-03
1.3034334866785407e+03
0.0000000000000000e+00
1
2
3
2
-1.5580028957217538e+01
-3.6030611601805298e+01
-2.0939746250998748e-01
-2.6610003271054787e+00
2.6907605612587460e+01
0.0000000000000000e+00
2
-2.2782356443727423e+01
-2.4343263343111474e+01
7.1665858863493348e-01
2.2284043567378125e+00
2.4259107546802678e+01
0.0000000000000000e+00
2
-3.2986141310945591e+01
-3.6709638241690246e+00
-1.1958453256530438e-01
1.5365811379390497e+00
4.0903169721929622e+01
0.0000000000000000e+00
1
2
1
2
-8.2554122808540342e-01
-6.0705375794661098e-01
8.2554122808540342e-01
6.0705375794661098e-01
1.3033209727312233e+03
0.0000000000000000e+00
