2
-1.0000000000000000e-300
111
2
5.4666666666666663e-01
2
-2.1323240780559296e+01
-7.7173000452673222e+00
3.6242925960018013e-01
-9.3201128307851788e-01
1.3362432845983447e+00
-1.6630371488753184e-01
1
1
-2.2049681276983332e+01
-5.8492093179919875e+00
1.6301768278511988e+00
2.9468113022534503e-01
2.9468113022534503e-01
9.8697645721131311e-01
0
2
5.4666666666666663e-01
2
-1.9238896075457312e+01
-1.1141314689714550e+01
5.1997641248716275e-01
-8.5418061934053513e-01
1.3361790105901790e+00
-1.6631171456889490e-01
1
1
-2.0281068428008304e+01
-9.4293073674909351e+00
1.5087523532260985e+00
3.8743556188542561e-01
3.8743556188542561e-01
1.1081491649793720e+00
0
2
5.4666666666666663e-01
2
-1.6577041788447072e+01
-1.4138175536446353e+01
6.6408199215526997e-01
-7.4765975396238105e-01
1.3361072470239324e+00
-1.6632064732618118e-01
1
1
-1.7907968931952190e+01
-1.2639745113080451e+01
1.3597661488621291e+00
4.3305711679874515e-01
4.3305711679874526e-01
1.2568542795479809e+00
0
2
5.4666666666666663e-01
2
-1.3414185761734483e+01
-1.6600116163398919e+01
7.8911741503144972e-01
-6.1424238317954138e-01
1.3360310166206530e+00
-1.6633013714330488e-01
1
1
-1.4995613775090778e+01
-1.5369145849922635e+01
1.2011478758327332e+00
4.2271856602921348e-01
4.2271856602921348e-01
1.4151739832211316e+00
0
2
5.4666666666666663e-01
2
-9.8146968961870655e+00
-1.8343094708569808e+01
9.0003270928119217e-01
-4.3582235168008188e-01
1.3330955747234774e+00
-1.6669639179345233e-01
1
1
-1.1614441328960774e+01
-1.7471605435984365e+01
1.0332011490563562e+00
3.4058631998659389e-01
3.4058631998659389e-01
1.5716365099498488e+00
0
2
5.4666666666666663e-01
2
-6.1667288905299404e+00
-1.7298822052624740e+01
9.6138486873887430e-01
2.7520743841680145e-01
1.2648309483112132e+00
-1.7569322012473734e-01
1
1
-7.9907128933585030e+00
-1.7820958380597276e+01
8.4083110420836049e-01
-2.0680415078149991e-01
-2.0680415078149991e-01
1.5040620325416920e+00
0
2
5.6000000000000005e-01
2
-4.3824444494996122e+00
-1.3633397431422427e+01
4.3768486781371885e-01
8.9912844270820813e-01
0.0000000000000000e+00
-1.2264997041642625e-01
1
1
-5.2745866700147763e+00
-1.5466109742023583e+01
1.2540484065971014e+00
-2.7289488529718653e-01
-2.7289488529718642e-01
8.2628710522373394e-01
0
2
5.9999999999999998e-01
2
-2.3853687877649882e+01
-1.1012218861319822e+01
4.6530803375603180e-01
-8.8514882009868567e-01
1.4973065573547721e+00
-1.4841464570542784e-01
1
1
-2.4898751032849027e+01
-9.0242101624669182e+00
1.9535682305851838e+00
4.5114394462726753e-01
4.5114394462726753e-01
1.3325224336107189e+00
0
2
5.9999999999999998e-01
2
-2.1122654069942929e+01
-1.4578234098302755e+01
6.0802325985152872e-01
-7.9391921218693295e-01
1.4972200287062682e+00
-1.4842322301435026e-01
1
1
-2.2488170973796407e+01
-1.2795226479811287e+01
1.7855732617496056e+00
5.2869425980339291e-01
5.2869425980339269e-01
1.5001376101229802e+00
0
2
6.1333333333333329e-01
2
-1.7737456699248785e+01
-1.7679379085070657e+01
7.3736596013593281e-01
-6.7549347948948679e-01
1.5303108423349174e+00
-1.4521378015146266e-01
1
1
-1.9430055384595857e+01
-1.6128806591686704e+01
1.6662664167035670e+00
5.6990227458312459e-01
5.6990227458312492e-01
1.7662877479024006e+00
0
2
5.9999999999999998e-01
2
-1.3928497934342898e+01
-2.0056213566811994e+01
8.4837495589413214e-01
-5.2939581997936980e-01
1.4965704878654318e+00
-1.4848764159393479e-01
1
1
-1.5832977316795841e+01
-1.8867796325941327e+01
1.4009716328434347e+00
4.9147285368003801e-01
4.9147285368003785e-01
1.8818889693032810e+00
0
2
5.9999999999999998e-01
2
-9.7684712736577382e+00
-1.9553573859303825e+01
9.9277949272303712e-01
1.1995365283553952e-01
1.3967608756283716e+00
-1.5909825804810676e-01
1
1
-1.1848484604000319e+01
-1.9804893713057908e+01
9.6690862929083787e-01
-1.1351342618754541e-01
-1.1351342618754541e-01
1.8926711121809501e+00
0
2
6.1333333333333329e-01
2
-7.3963653269759400e+00
-1.5655724821372331e+01
5.1986733886486935e-01
8.5424700759297900e-01
0.0000000000000000e+00
-1.0957928325083494e-01
1
1
-8.5824183003168386e+00
-1.7604649340338078e+01
1.5026935644922301e+00
-3.8580345462480531e-01
-3.8580345462480548e-01
1.1035282007900493e+00
0
2
6.4000000000000001e-01
2
-2.2645753043403438e+01
-9.1252201542277049e+00
3.9440958877333204e-01
-9.1893475083035747e-01
1.6929310720192592e+00
-1.3126477852235566e-01
1
1
-2.3647315415308505e+01
-6.7916803649692223e+00
2.5827369240577078e+00
5.0751341467809596e-01
5.0751341467809596e-01
1.6181079127884381e+00
0
2
6.5333333333333332e-01
2
-1.9657519571042787e+01
-1.3360945961393417e+01
5.7646549814848691e-01
-8.1712149001505074e-01
1.7279053600249388e+00
-1.2860786670574070e-01
1
1
-2.1151636307223114e+01
-1.1243083057810562e+01
2.4327160399339749e+00
6.8712648640142737e-01
6.8712648640142737e-01
1.9434923270094864e+00
0
2
6.4000000000000001e-01
2
-1.5913950418286172e+01
-1.6791656111668768e+01
7.3724192090597629e-01
-6.7562885525920668e-01
1.6926009615931072e+00
-1.3129037928293663e-01
1
1
-1.7785734994664480e+01
-1.5076301036531092e+01
2.0386789605592983e+00
6.9721097005800325e-01
6.9721097005800325e-01
2.1605277617772152e+00
0
2
6.5333333333333332e-01
2
-1.1414413033012160e+01
-1.9360377855958610e+01
8.6844614136564369e-01
-4.9578352085070820e-01
1.7270452635471543e+00
-1.2867191550371013e-01
1
1
-1.3664181725649165e+01
-1.8076016983813687e+01
1.8154866231875169e+00
6.2745018392401175e-01
6.2745018392401175e-01
2.5563661526463615e+00
0
2
6.4000000000000001e-01
2
-6.7899605857432528e+00
-1.8423418875826339e+01
9.8008571812673861e-01
1.9857488543115198e-01
1.5728054399526514e+00
-1.4129034436001961e-01
1
1
-9.1021868093777059e+00
-1.8891898365892473e+01
1.2562697882677238e+00
-2.3522052788878522e-01
-2.3522052788878522e-01
2.3695656860500938e+00
0
2
6.5333333333333332e-01
2
-4.6287610828028480e+00
-1.3746675089888519e+01
4.1949054929947255e-01
9.0775970336230882e-01
0.0000000000000000e+00
-9.7050399264097989e-02
1
1
-5.7093608342730509e+00
-1.6085046982857428e+01
2.0201508241209183e+00
-4.2174063895726294e-01
-4.2174063895726288e-01
1.3024152432560967e+00
0
2
5.8666666666666667e-01
2
-2.3690509440498033e+01
-7.9981152076568263e+00
3.4329020337158322e-01
-9.3922938426621694e-01
1.6109243870491965e+00
-1.3794702222447369e-01
1
1
-2.4520031281167576e+01
-5.7285739274353515e+00
2.3863920953115616e+00
4.0880879190372160e-01
4.0880879190372149e-01
1.4173266844262034e+00
0
2
5.8666666666666667e-01
2
-2.1195181061500104e+01
-1.2136435466233717e+01
5.1637158191585686e-01
-8.5636463576546396e-01
1.6108092611265765e+00
-1.3795688141673784e-01
1
1
-2.2442845250999071e+01
-1.0067275336945272e+01
2.1974243735491390e+00
5.6059100779970950e-01
5.6059100779970950e-01
1.6057507543701259e+00
0
2
5.9999999999999998e-01
2
-1.7857216819945194e+01
-1.5780112388457175e+01
6.7549664375699137e-01
-7.3736306137006913e-01
1.6471654707217844e+00
-1.3491189936421205e-01
1
1
-1.9526198940722651e+01
-1.3958273927345445e+01
2.0463287339346707e+00
6.6026133578987067e-01
6.6026133578987067e-01
1.9304602562539377e+00
0
2
5.8666666666666667e-01
2
-1.3939621907805973e+01
-1.8608059685954565e+01
8.1081936977733826e-01
-5.8529646299450666e-01
1.6105497961545754e+00
-1.3797910673287506e-01
1
1
-1.5898419363875583e+01
-1.7194086037205871e+01
1.7014638148351007e+00
6.0143010448247713e-01
6.0143010448247747e-01
2.1004862006179628e+00
0
2
5.9999999999999998e-01
2
-9.3914110978005834e+00
-2.0502564572790774e+01
9.2311892377362359e-01
-3.8451456743669266e-01
1.6423347316987540e+00
-1.3530872722417919e-01
1
1
-1.1665516502803278e+01
-1.9555312129372670e+01
1.5126758610096727e+00
4.6776814199689010e-01
4.6776814199689004e-01
2.4408214080528619e+00
0
2
5.8666666666666667e-01
2
-5.2621640233942006e+00
-1.8551979581882538e+01
9.0419260266710677e-01
4.2712496682128470e-01
1.5222594029289400e+00
-1.4598183581237881e-01
1
1
-7.3267875605973920e+00
-1.9527272077336654e+01
1.3387260415499440e+00
-4.3725025578835697e-01
-4.3725025578835691e-01
2.0578036792798033e+00
0
2
5.9999999999999998e-01
2
-3.2269657336440933e+00
-1.4062889517451346e+01
4.1291205080500853e-01
9.1077090330115518e-01
0.0000000000000000e+00
-1.0144270779033240e-01
1
1
-4.2445648785191468e+00
-1.6307434549666944e+01
1.8545503750499945e+00
-3.8121682728117318e-01
-3.8121682728117329e-01
1.1865209891588231e+00
0
2
5.9999999999999998e-01
2
-2.2839283738400752e+01
-8.0590888330271451e+00
3.4920634448707244e-01
-9.3704585211716074e-01
1.5909008264902067e+00
-1.3968326530603523e-01
1
1
-2.3672612731490915e+01
-5.8229683021385288e+00
2.3223696054900791e+00
4.0463739561751483e-01
4.0463739561751472e-01
1.3873774892295438e+00
0
2
6.1333333333333329e-01
2
-2.0268646636410232e+01
-1.2204838525346284e+01
5.2697998894835996e-01
-8.4987769193454332e-01
1.6260181638145803e+00
-1.3666650666490515e-01
1
1
-2.1553965187405492e+01
-1.0131963679186715e+01
2.2248176765298742e+00
5.7854636985336150e-01
5.7854636985336161e-01
1.6505139605986816e+00
0
2
6.1333333333333329e-01
2
-1.6907507520365197e+01
-1.5739552985774349e+01
6.8908995395767203e-01
-7.2467581397105651e-01
1.6258830924955918e+00
-1.3667786032581855e-01
1
1
-1.8588077078387713e+01
-1.3972195755560318e+01
1.9698332160085508e+00
6.4496351693708576e-01
6.4496351693708553e-01
1.9048546098436161e+00
0
2
5.9999999999999998e-01
2
-1.2976701068781376e+01
-1.8444498309680885e+01
8.2379569601201652e-01
-5.6688680636620670e-01
1.5905264175785334e+00
-1.3971614665824933e-01
1
1
-1.4942104294573287e+01
-1.7092025647727617e+01
1.6332022789297653e+00
5.7721083591788858e-01
5.7721083591788858e-01
2.0747988880648416e+00
0
2
6.1333333333333329e-01
2
-8.4381167260298948e+00
-2.0163956242541563e+01
9.3513915910216006e-01
-3.5428061351660950e-01
1.6177928523882434e+00
-1.3736135741616723e-01
1
1
-1.0707408897405635e+01
-1.9304227276111224e+01
1.4392420872245957e+00
4.2364910182070054e-01
4.2364910182070065e-01
2.3969815160013215e+00
0
2
6.1333333333333329e-01
2
-4.5281435552536875e+00
-1.7698507681527204e+01
8.4588017022940776e-01
5.3337298170479930e-01
1.5407908071722103e+00
-1.4422608259849587e-01
1
1
-6.4831301406417907e+00
-1.8931231962034381e+01
1.4898886632740522e+00
-5.2331604143672927e-01
-5.2331604143672927e-01
1.9898405226647804e+00
0
2
6.1333333333333329e-01
2
-2.7098855288026082e+00
-1.3178653595663315e+01
3.7321542528150708e-01
9.2774470967607447e-01
0.0000000000000000e+00
-1.0262994026484742e-01
1
1
-3.6190145420281477e+00
-1.5438580638595258e+01
1.8427975254844962e+00
-3.4291536340545414e-01
-3.4291536340545414e-01
1.1283220173630384e+00
0
2
6.5333333333333332e-01
2
-2.4035857821310252e+01
-8.4940946225328062e+00
3.3437255020521922e-01
-9.4244097834785279e-01
1.8285853624667177e+00
-1.2152685173113811e-01
1
1
-2.4953000947684149e+01
-5.9090939555392614e+00
3.0847086724811357e+00
5.1481606491300225e-01
5.1481606491300202e-01
1.8163349320546631e+00
0
2
6.6666666666666663e-01
2
-2.1074444556026734e+01
-1.3243201241641364e+01
5.2912774329982648e-01
-8.4854218001843196e-01
1.8655944005853260e+00
-1.1911604266849242e-01
1
1
-2.2555151188668493e+01
-1.0868647932087086e+01
2.9248645387227143e+00
7.6349335486372649e-01
7.6349335486372671e-01
2.1765726952527635e+00
0
2
6.6666666666666663e-01
2
-1.7132341363988147e+01
-1.7215285825163054e+01
7.0442298729138098e-01
-7.0978042729810953e-01
1.8654053332343228e+00
-1.1912811562349479e-01
1
1
-1.9103392960007440e+01
-1.5229243533402208e+01
2.5566421843255607e+00
8.5004281510545487e-01
8.5004281510545499e-01
2.5437610989157409e+00
0
2
6.5333333333333332e-01
2
-1.2491445779855017e+01
-2.0137341959239585e+01
8.4623195493513625e-01
-5.3281467551734851e-01
1.8280628445774281e+00
-1.2156158792975784e-01
1
1
-1.4811893571921582e+01
-1.8676313892201321e+01
2.0962708415047255e+00
7.3618112151892356e-01
7.3618112151892356e-01
2.8019722188221698e+00
0
2
6.6666666666666663e-01
2
-7.1927889080519973e+00
-2.1868543102564328e+01
9.5055105382325111e-01
-3.1056834042688081e-01
1.8581000464558848e+00
-1.1959647848138531e-01
1
1
-9.8421173439535075e+00
-2.1002942530901954e+01
1.8495450801180897e+00
4.9797512708983116e-01
4.9797512708983116e-01
3.2109881014184802e+00
0
2
6.6666666666666663e-01
2
-2.9574351313725535e+00
-1.8701168252147795e+01
8.0082881927137162e-01
5.9889331455979755e-01
1.7629043289313482e+00
-1.2605461259314668e-01
1
1
-5.0751120197122752e+00
-2.0284855677356063e+01
2.0630479963240043e+00
-7.2825500975447721e-01
-7.2825500975447721e-01
2.4922372472791983e+00
0
2
6.6666666666666663e-01
2
-1.0893216590677459e+00
-1.3425491246247532e+01
3.3379070637939301e-01
9.4264721096216364e-01
0.0000000000000000e+00
-8.9338980561918094e-02
1
1
-2.0233783952201496e+00
-1.6063329749197663e+01
2.4683190237322674e+00
-4.1123348109470753e-01
-4.1123348109470748e-01
1.4525857362454819e+00
0
2
6.8000000000000005e-01
2
-2.6830957436865283e+01
-7.4626569217227114e+00
2.6707593815006159e-01
-9.6367548648975421e-01
1.9633658102682230e+00
-1.1318431901993015e-01
1
1
-2.7617509085428996e+01
-4.6245856681713411e+00
3.6324304424676601e+00
4.8473553268762526e-01
4.8473553268762531e-01
2.0177268280385028e+00
0
2
6.8000000000000005e-01
2
-2.4105465763018923e+01
-1.2683695361610955e+01
4.6276239873393304e-01
-8.8648235307760992e-01
1.9632045021397624e+00
-1.1319361889197728e-01
1
1
-2.5468211599942101e+01
-1.0073176141666833e+01
3.3628936143483554e+00
7.7249570711000803e-01
7.7249570711000803e-01
2.2863352720028671e+00
0
2
6.8000000000000005e-01
2
-2.0326960823351470e+01
-1.7200821069390216e+01
6.4160967795439816e-01
-7.6703130389525409e-01
1.9630340529952783e+00
-1.1320344743034204e-01
1
1
-2.2216213293185199e+01
-1.4942258215500585e+01
2.9904404546469858e+00
9.2656628911753425e-01
9.2656628911753414e-01
2.6578075207202310e+00
0
2
6.9333333333333336e-01
2
-1.5553433762508540e+01
-2.0841668266696452e+01
7.9512052817562673e-01
-6.0645143719321204e-01
2.0011754577617742e+00
-1.1104584626016147e-01
1
1
-1.7940197292930005e+01
-1.9021244668043334e+01
2.6762364493532624e+00
9.4348753242690675e-01
9.4348753242690708e-01
3.1936327616256035e+00
0
2
6.8000000000000005e-01
2
-9.8407418710018781e+00
-2.1631151397813344e+01
9.9058528746878305e-01
-1.3689699869021366e-01
1.9223288035783892e+00
-1.1560052671975705e-01
1
1
-1.2697087816755209e+01
-2.1236409832254900e+01
1.8393139942477821e+00
2.4483752497005026e-01
2.4483752497005026e-01
3.5771197506109091e+00
0
2
6.8000000000000005e-01
2
-4.9716999544844391e+00
-1.8502390365346510e+01
8.4128356664506154e-01
5.4059408107466755e-01
1.9292115483069110e+00
-1.1518810491117260e-01
1
1
-7.4062209127431586e+00
-2.0066770881579927e+01
2.3498512885079301e+00
-8.2700899199118072e-01
-8.2700899199118094e-01
3.1054381085601910e+00
0
2
6.9333333333333336e-01
2
-2.6944231578155597e+00
-1.3004263930513391e+01
3.8266597130066243e-01
9.2388676492767252e-01
0.0000000000000000e+00
-8.4018326595259069e-02
1
1
-3.8330615561499997e+00
-1.5753327147929951e+01
2.7390956618091806e+00
-5.2244136874851732e-01
-5.2244136874851732e-01
1.6941339296708984e+00
0
2
1.0533333333333332e+00
2
-3.9106537894315714e+01
-3.7263462049226021e+01
2.0485479053042488e-01
9.7879237573488276e-01
2.5760069715482441e+00
-8.6266157148115613e-02
1
1
-3.9898098947157862e+01
-4.1045526024613011e+01
6.3482094140987844e+00
-6.5008119599630465e-01
-6.5008119599630465e-01
3.3781912690236884e+00
0
2
1.0533333333333332e+00
2
-3.7286187192444430e+01
-2.9747152099070181e+01
2.3538201511433604e-01
9.7190293083245427e-01
2.5778671620076192e+00
-8.6203907438410304e-02
1
1
-3.8196362543380076e+01
-3.3505307074148099e+01
6.3137464259897031e+00
-7.4276951451646411e-01
-7.4276951451646400e-01
3.4267066184913748e+00
0
2
1.0533333333333332e+00
2
-3.5690671323033357e+01
-2.2179980120525354e+01
2.0631098383740321e-01
9.7848647305317549e-01
2.5778492896731788e+00
-8.6204505093622305e-02
1
1
-3.6488429257738893e+01
-2.5963566109797767e+01
6.3553489701364869e+00
-6.5543413656386751e-01
-6.5543413656386762e-01
3.3849690138313839e+00
0
2
1.0666666666666667e+00
2
-3.4423817501850273e+01
-1.4452168324959580e+01
1.6177495599286026e-01
9.8682767675694427e-01
2.6103212606014541e+00
-8.5132135103944698e-02
1
1
-3.5057244412441818e+01
-1.8316074222742465e+01
6.5710421119673583e+00
-5.3146830123584443e-01
-5.3146830123584443e-01
3.4162099235576751e+00
0
2
1.0533333333333332e+00
2
-3.3076834802465868e+01
-6.8435006322783432e+00
1.7432206074463061e-01
9.8468869148464644e-01
2.5756592780639487e+00
-8.6277802392116298e-02
1
1
-3.3750326152158067e+01
-1.0647834478618961e+01
6.3840208807891896e+00
-5.5637160699239718e-01
-5.5637160699239707e-01
3.3397543607464439e+00
0
2
1.0533333333333332e+00
2
-2.8574842503384460e+01
-9.2379388304930754e-01
6.0534022211733174e-01
7.9596684320827049e-01
2.4790424373996616e+00
-8.9640346155315284e-02
1
1
-3.0825838652925164e+01
-3.8836472576638252e+00
4.9050190875485260e+00
-1.4467692355288706e+00
-1.4467692355288713e+00
4.1029318280573008e+00
0
2
1.0666666666666667e+00
2
-2.2776121773407368e+01
-3.9811185907166529e+00
8.8458059159950009e-01
-4.6638736793086316e-01
0.0000000000000000e+00
-7.6273770784180767e-02
1
1
-2.5675482138395914e+01
-2.4524562368829801e+00
2.1830902289886134e+00
7.3974284672931900e-01
7.3974284672931900e-01
3.1961116507656797e+00
0
2
1.0266666666666666e+00
2
-2.2077264178668767e+00
-6.4160976713461020e+00
2.8850734353712532e-01
9.5747768262511013e-01
2.5126085237790967e+00
-8.8442835451337326e-02
1
1
-3.2950854336832442e+00
-1.0024747551384264e+01
5.9122804246232592e+00
-8.5206362056351026e-01
-8.5206362056351026e-01
3.3412561520681905e+00
0
2
1.0400000000000000e+00
2
7.1054269999999997e-15
5.0354730000000000e-02
3.2310053510344533e-01
9.4636464653740482e-01
0.0000000000000000e+00
-7.3174948781839250e-02
1
1
-1.1038632089334348e+00
-3.1828714706730512e+00
3.6929230139823197e+00
-5.9568731835447053e-01
-5.9568731835447064e-01
2.1515239773912391e+00
0
2
1.0400000000000000e+00
2
-4.2324157790179996e+01
-3.7264464775592138e+01
2.3320544139756705e-01
9.7242748938034751e-01
2.5925241408752764e+00
-8.5716548871632395e-02
1
1
-4.3231043895089996e+01
-4.1046027387796073e+01
6.3890959072130418e+00
-7.4469486454365841e-01
-7.4469486454365863e-01
3.4624346029798359e+00
0
2
1.0400000000000000e+00
2
-4.0472953849391786e+01
-2.9695269348707299e+01
2.3756887733576959e-01
9.7137069572919588e-01
2.5974276899519939e+00
-8.5554729042843752e-02
1
1
-4.1398555819785891e+01
-3.3479867062149722e+01
6.4065164850046372e+00
-7.6067353848720054e-01
-7.6067353848720054e-01
3.4823160100754480e+00
0
2
1.0533333333333332e+00
2
-3.9004317844036663e+01
-2.1938510504109036e+01
1.8603121252473073e-01
9.8254383513743471e-01
2.6315225734138279e+00
-8.4446253460762566e-02
1
1
-3.9738635846714224e+01
-2.5816889926408166e+01
6.6496732105270793e+00
-6.1842748823350835e-01
-6.1842748823350835e-01
3.5004727622172060e+00
0
2
1.0400000000000000e+00
2
-3.6990025740525816e+01
-1.4409985208263347e+01
2.5846344087838546e-01
9.6602104000342837e-01
2.5977782346641818e+00
-8.5543184270673214e-02
1
1
-3.7997171792281236e+01
-1.8174247856186192e+01
6.3740727376316428e+00
-8.2324042554628829e-01
-8.2324042554628851e-01
3.5174290997900748e+00
0
2
1.0533333333333332e+00
2
-3.5251418866205903e+01
-6.7114048104559654e+00
2.2028712274777337e-01
9.7543507398058404e-01
2.6308193486047164e+00
-8.4468826162495805e-02
1
1
-3.6120722303365859e+01
-1.0560695009359655e+01
6.5990522194110124e+00
-7.2661835836478350e-01
-7.2661835836478350e-01
3.5456696077755909e+00
0
2
1.0400000000000000e+00
2
-3.0585017277251627e+01
-1.0093073780810549e+00
6.3332307922205855e-01
7.7388750947711393e-01
2.4560406013132314e+00
-9.0479865073647914e-02
1
1
-3.2918218071728766e+01
-3.8603560942685102e+00
4.7122652660101112e+00
-1.4444784581341834e+00
-1.4444784581341841e+00
4.1293003100365322e+00
0
2
1.0533333333333332e+00
2
-2.5943814188048169e+01
-7.0362014636140167e+00
6.1013442139571727e-01
-7.9229791608214728e-01
0.0000000000000000e+00
-6.5730200733408448e-02
1
1
-2.8264415732649898e+01
-4.0227544208475354e+00
3.9300771126635277e+00
1.1671620197427122e+00
1.1671620197427122e+00
3.3132543773051104e+00
0
2
1.1733333333333333e+00
2
-3.7766470719960226e+00
-7.6419036238530706e+00
4.1164086421643342e-01
9.1134614659148483e-01
2.9311296728440888e+00
-7.5814531264527418e-02
1
1
-5.5865061994859815e+00
-1.1648814222612701e+01
7.6840276743585090e+00
-1.5747395703781979e+00
-1.5747395703781979e+00
4.9089418536481748e+00
0
2
1.1866666666666668e+00
2
0.0000000000000000e+00
2.5391000000000000e-02
4.4187038445493282e-01
8.9707890586149108e-01
0.0000000000000000e+00
-5.8500354419058383e-02
1
1
-1.8883235359980113e+00
-3.8082563119265354e+00
5.5010705549440857e+00
-1.2082465632414801e+00
-1.2082465632414796e+00
3.6432466709639395e+00
0
2
1.0400000000000000e+00
2
-4.3299048331231397e+01
-3.5280130350310777e+01
1.4341980007973384e-01
9.8966194275878316e-01
2.7511581806475829e+00
-8.0774062278714379e-02
1
1
-4.3890904165615694e+01
-3.9364205175155391e+01
7.3199526439045064e+00
-5.2488473075348252e-01
-5.2488473075348252e-01
3.7740741667269879e+00
0
2
1.0400000000000000e+00
2
-4.1061705894506183e+01
-2.7323368367824749e+01
2.7068986805834627e-01
9.6266660653133440e-01
2.7551116618852820e+00
-8.0658154548320135e-02
1
1
-4.2180377112868790e+01
-3.1301749359067763e+01
7.1455461120379731e+00
-9.6641386329776879e-01
-9.6641386329776857e-01
3.9803883810510072e+00
0
2
1.0400000000000000e+00
2
-3.8899492874244416e+01
-1.9344195929563277e+01
2.6154926195252337e-01
9.6519012819863126e-01
2.7556478960793922e+00
-8.0642458907173767e-02
1
1
-3.9980599384375296e+01
-2.3333782148694013e+01
7.1663774308314947e+00
-9.3659245153504633e-01
-9.3659245153504622e-01
3.9638884200011257e+00
0
2
1.0533333333333332e+00
2
-3.6776305340784312e+01
-1.1245512660693249e+01
2.5359453564988654e-01
9.6731060755504927e-01
2.7907903299506733e+00
-7.9626985889029472e-02
1
1
-3.7837899107514360e+01
-1.5294854295128264e+01
7.3659203244015483e+00
-9.3346296984990795e-01
-9.3346296984990795e-01
4.0500414903748494e+00
0
2
1.0400000000000000e+00
2
-3.4195736539368255e+01
-3.3918370986723172e+00
3.1216152134454667e-01
9.5002904407805244e-01
2.7555913898900721e+00
-8.0644112562380757e-02
1
1
-3.5486020940076287e+01
-7.3186748796827832e+00
7.0583588529157844e+00
-1.1002280759058649e+00
-1.1002280759058651e+00
4.0714505372333338e+00
0
2
1.0400000000000000e+00
2
-2.9310042101628873e+01
2.1770071124103194e+00
6.5949452523390018e-01
7.5170936616920814e-01
2.4694136952876109e+00
-8.9989871946644456e-02
1
1
-3.1752889320498564e+01
-6.0741499313099889e-01
4.6629146353222772e+00
-1.4770176827290198e+00
-1.4770176827290198e+00
4.2751973838468764e+00
0
2
1.0533333333333332e+00
2
-2.4648877787213575e+01
-4.4581405757107406e+00
5.7483225058188758e-01
-8.1827127756689733e-01
0.0000000000000000e+00
-6.1661873708693235e-02
1
1
-2.6979459944421222e+01
-1.1405667316502106e+00
4.5805504476081413e+00
1.2904822093820709e+00
1.2904822093820709e+00
3.6501129935484755e+00
0
2
8.9333333333333331e-01
2
-2.4592742327013415e+00
-6.9872086334237036e+00
3.0560075390327157e-01
9.5215974458793007e-01
2.3663628905708243e+00
-9.3908767377862676e-02
1
1
-3.5440176577520948e+00
-1.0366941861656112e+01
5.2162809876858365e+00
-7.9609292375457597e-01
-7.9609292375457597e-01
2.9914059055439983e+00
0
2
9.0666666666666662e-01
2
1.8710124282435431e-01
-4.3457813546953955e-01
3.7447775276248141e-01
9.2723589915725435e-01
0.0000000000000000e+00
-7.0752951768511305e-02
1
1
-1.1360864949384937e+00
-3.7108933844466216e+00
3.8753978811296155e+00
-7.2355934486576423e-01
-7.2355934486576423e-01
2.3760289454242374e+00
0
2
1.0533333333333332e+00
2
-4.5915119137135498e+01
-3.6316151144506023e+01
1.9265662005772588e-01
9.8126623642512689e-01
2.8913114299139964e+00
-7.6858625440024739e-02
1
1
-4.6750664568567750e+01
-4.0571870572253012e+01
8.0171699138784245e+00
-7.7214234907770940e-01
-7.7214234907770940e-01
4.2359824709696898e+00
0
2
1.0533333333333332e+00
2
-4.3857977396687595e+01
-2.7874907296384279e+01
2.3677168969387258e-01
9.7156531790688605e-01
2.8960975628851973e+00
-7.6731607757314774e-02
1
1
-4.4886548266911547e+01
-3.2095529220445151e+01
7.9661023165702201e+00
-9.4268150578372745e-01
-9.4268150578372745e-01
4.3276501608232536e+00
0
2
1.0666666666666667e+00
2
-4.2292179668641147e+01
-1.9215455225556788e+01
1.7793404993663064e-01
9.8404241467182130e-01
2.9332922855482888e+00
-7.5758635890826195e-02
1
1
-4.3075078532664371e+01
-2.3545181260970534e+01
8.2746096617039679e+00
-7.3607216622981075e-01
-7.3607216622981075e-01
4.3369491240706530e+00
0
2
1.0533333333333332e+00
2
-4.0028851813561687e+01
-1.0833172322281214e+01
2.6067781857445849e-01
9.6542585158222360e-01
2.8941573260262854e+00
-7.6783048462446976e-02
1
1
-4.1160515741101420e+01
-1.5024313773919001e+01
7.9067645949234384e+00
-1.0299214588129983e+00
-1.0299214588129983e+00
4.3705210327872628e+00
0
2
1.0666666666666667e+00
2
-3.7012152814467740e+01
-2.5725751796268410e+00
3.4303282891466413e-01
9.3932341517009066e-01
2.9313997036752104e+00
-7.5807547481025361e-02
1
1
-3.8520502314014713e+01
-6.7028737509540282e+00
7.9028242865230185e+00
-1.3528129322986666e+00
-1.3528129322986662e+00
4.6924656073786384e+00
0
2
1.0533333333333332e+00
2
-3.0670421653648653e+01
2.4101150348760170e+00
7.8632427531668980e-01
6.1781399631902367e-01
2.6883443043753474e+00
-8.2661369624623657e-02
1
1
-3.3841287234058200e+01
-8.1230072375412021e-02
4.8788619113880651e+00
-1.7154024998992077e+00
-1.7154024998992075e+00
5.7143550484945207e+00
0
2
1.0666666666666667e+00
2
-2.5349553121837118e+01
-3.4590326472138764e+00
6.7165480331080996e-01
-7.4086424207780277e-01
0.0000000000000000e+00
-6.3115147395132062e-02
1
1
-2.8009987387742886e+01
-5.2445880616892970e-01
4.0559962508709431e+00
1.3030605023466522e+00
1.3030605023466522e+00
3.7999965477465896e+00
0
2
8.6666666666666670e-01
2
-1.5433130287025345e+00
-7.1170648925467885e+00
2.3557576653732257e-01
9.7185598635824277e-01
2.3823230061524114e+00
-9.3279635737189101e-02
1
1
-2.3851393811733139e+00
-1.0589977204999068e+01
5.3919639155206971e+00
-6.3484930770593551e-01
-6.3484930770593573e-01
2.9268110842942034e+00
0
2
8.8000000000000000e-01
2
0.0000000000000000e+00
-3.1197480000000000e-02
2.1281240361870388e-01
9.7709307686935842e-01
0.0000000000000000e+00
-6.8946610201825215e-02
1
1
-7.7165651435126725e-01
-3.5741311862733944e+00
4.2894708077079802e+00
-4.5630377228555546e-01
-4.5630377228555535e-01
2.2938109190620786e+00
0
2
1.0400000000000000e+00
2
-4.0155721041832969e+01
-3.6921015413629320e+01
4.1507123407143259e-01
9.0978891543391438e-01
2.6441718014442372e+00
-8.4042278228988479e-02
1
1
-4.1802000520916479e+01
-4.0529472706814659e+01
6.2434531267094275e+00
-1.2899695240352242e+00
-1.2899695240352245e+00
4.0045070080919505e+00
0
2
1.0400000000000000e+00
2
-3.9228222993200802e+01
-2.8688186024243951e+01
1.1195028764003170e-01
9.9371380844653368e-01
2.7616366400488745e+00
-8.0467581795369530e-02
1
1
-3.9691972017516889e+01
-3.2804600718936634e+01
7.4057638822310450e+00
-4.1453045625815982e-01
-4.1453045625815982e-01
3.7729324980553551e+00
0
2
1.0400000000000000e+00
2
-3.7426576174911411e+01
-2.0608076547685179e+01
2.1762876663635550e-01
9.7603161830564622e-01
2.7595108344903601e+00
-8.0529570474856801e-02
1
1
-3.8327399584056110e+01
-2.4648131285964567e+01
7.2647841534377928e+00
-7.9028043166381745e-01
-7.9028043166381745e-01
3.8967089580793699e+00
0
2
1.0533333333333332e+00
2
-3.5212254564415353e+01
-1.2514096651527185e+01
2.6387962195263565e-01
9.6455562054146682e-01
2.7971360502826941e+00
-7.9446340194915879e-02
1
1
-3.6319415369663382e+01
-1.6561086599606181e+01
7.3791106421599313e+00
-9.7296483491075070e-01
-9.7296483491075081e-01
4.0888255974772907e+00
0
2
1.0400000000000000e+00
2
-3.3240287528686508e+01
-4.4667580244171239e+00
2.3800425224580621e-01
9.7126411233655430e-01
2.7618092493745801e+00
-8.0462552680835978e-02
1
1
-3.4226271046550934e+01
-8.4904273379721538e+00
7.2422932574060903e+00
-8.6148208736630882e-01
-8.6148208736630871e-01
3.9378005605571560e+00
0
2
1.0400000000000000e+00
2
-2.9372752021177771e+01
2.5308864538053819e+00
4.8372598733730082e-01
8.7521949771160457e-01
2.6651007724420062e+00
-8.3382296279401913e-02
1
1
-3.1306519774932141e+01
-9.6793578530587099e-01
6.1285404680877402e+00
-1.4691986069696785e+00
-1.4691986069696783e+00
4.2822896256522647e+00
0
2
1.0533333333333332e+00
2
-2.4505941724581074e+01
-3.5868477712499116e+00
6.2255731657047175e-01
-7.8257420580068537e-01
0.0000000000000000e+00
-6.3959480504697172e-02
1
1
-2.6939346872879423e+01
-5.2798065872226485e-01
4.1116485704421493e+00
1.2423444920788458e+00
1.2423444920788458e+00
3.5382983704486506e+00
0
2
8.6666666666666670e-01
2
-1.0951440861079089e+00
-6.4660149152197066e+00
2.3388076246677411e-01
9.7226528733055184e-01
2.3013741783972717e+00
-9.6560665496378664e-02
1
1
-1.9025148074552587e+00
-9.8223342554415112e+00
5.0338218942084358e+00
-5.8842428343514497e-01
-5.8842428343514497e-01
2.7292312703592456e+00
0
2
8.6666666666666670e-01
2
7.1054269999999997e-15
2.3439350000000001e-02
1.6640460940424939e-01
9.8605755712788845e-01
0.0000000000000000e+00
-7.5973842855528981e-02
1
1
-5.4757204305395091e-01
-3.2212877826098532e+00
3.5644612939972897e+00
-2.9654216447185616e-01
-2.9654216447185616e-01
1.8572962190245228e+00
0
2
9.8666666666666669e-01
2
-4.4595856202098105e+01
-3.5470912223976065e+01
1.9795538415064681e-01
9.8021103130181608e-01
2.7128062295691597e+00
-8.1915995252456728e-02
1
1
-4.5401378101049048e+01
-3.9459596111988034e+01
7.0503504833438946e+00
-6.9768805278084423e-01
-6.9768805278084445e-01
3.7365242809529922e+00
0
2
9.8666666666666669e-01
2
-4.2787995006961665e+01
-2.7372487686916898e+01
2.1787336806274110e-01
9.7597704659945628e-01
2.7659204231206278e+00
-8.0342955771483024e-02
1
1
-4.3691925604529885e+01
-3.1421699955446481e+01
7.2981733918764551e+00
-7.9480382217126966e-01
-7.9480382217126966e-01
3.9152301256770965e+00
0
2
9.8666666666666669e-01
2
-4.0599628177030574e+01
-1.9366153419956937e+01
2.6365800783458626e-01
9.6461622156414994e-01
2.7666734493218055e+00
-8.0321088228426665e-02
1
1
-4.1693811591996123e+01
-2.3369320553436918e+01
7.2196966018532898e+00
-9.5114814608075926e-01
-9.5114814608075926e-01
3.9998134804639074e+00
0
2
9.8666666666666669e-01
2
-3.8356735565725280e+01
-1.1374926557962505e+01
2.7022748801322721e-01
9.6279650223817337e-01
2.7666721691854770e+00
-8.0321125392910447e-02
1
1
-3.9478181871377927e+01
-1.5370539988959720e+01
7.2065730159920021e+00
-9.7300767182103653e-01
-9.7300767182103642e-01
4.0129266838211617e+00
0
2
9.8666666666666669e-01
2
-3.5845183736932405e+01
-3.4651163383105352e+00
3.0263397001677639e-01
9.5310685664928718e-01
2.7663250853317933e+00
-8.0331203082579447e-02
1
1
-3.7100959651328843e+01
-7.4200214481365201e+00
7.1353545418611315e+00
-1.0784562524429815e+00
-1.0784562524429815e+00
4.0813303228773883e+00
0
2
9.8666666666666669e-01
2
-3.1028541129662084e+01
2.4836886981990123e+00
6.2927267434657730e-01
7.7718459925599825e-01
2.5514337444001338e+00
-8.7096998975557879e-02
1
1
-3.3436862433297243e+01
-4.9071382005576147e-01
5.1016903249804004e+00
-1.5554945118194510e+00
-1.5554945118194508e+00
4.4400299050618228e+00
0
2
1.0000000000000000e+00
2
-2.5870144074058047e+01
-3.3240932885457171e+00
6.6407067701719313e-01
-7.4766980407525263e-01
0.0000000000000000e+00
-6.4367929597020146e-02
1
1
-2.8449342601860067e+01
-4.2020229517335239e-01
3.9251556382731132e+00
1.2500635389086543e+00
1.2500635389086543e+00
3.6280132882558087e+00
0
2
8.6666666666666670e-01
2
-1.7244747665947244e-01
-6.2054116437001490e+00
1.2597776694282056e-01
9.9203306509213718e-01
2.4260211534638723e+00
-9.1599457780874402e-02
1
1
-6.3088456786360914e-01
-9.8154514449738404e+00
5.7055305751994716e+00
-3.5937350386367417e-01
-3.5937350386367412e-01
2.9212202712715118e+00
0
2
8.8000000000000000e-01
2
1.1713170000000001e-01
2.3884910000000001e-01
4.4890681013339109e-02
9.9899190525156834e-01
0.0000000000000000e+00
-7.7510202099455236e-02
1
1
-2.7657888329736216e-02
-2.9832812718500743e+00
3.4691371580123764e+00
-7.7865925170181982e-02
-7.7865925170181996e-02
1.7398170515767581e+00
0
2
9.8666666666666669e-01
2
-4.8430210579548792e+01
-3.4015602035593915e+01
1.8373775746713727e-01
9.8297529800140315e-01
2.8478803015977370e+00
-7.8030745216907380e-02
1
1
-4.9215105289774399e+01
-3.8214696017796953e+01
7.7914254630720139e+00
-7.1568400759638162e-01
-7.1568400759638162e-01
4.0963762297107067e+00
0
2
9.8666666666666669e-01
2
-4.6298738435363177e+01
-2.5723478320276616e+01
2.4895468294658987e-01
9.6851513454306071e-01
2.8538957625511516e+00
-7.7866271479927376e-02
1
1
-4.7364474507455981e+01
-2.9869540177935264e+01
7.7120822458385021e+00
-9.5948846630667373e-01
-9.5948846630667339e-01
4.2259927195450251e+00
0
2
9.8666666666666669e-01
2
-4.4091882896225954e+01
-1.7452683575046780e+01
2.5780555223239920e-01
9.6619682116955230e-01
2.8533850674504344e+00
-7.7880207882626548e-02
1
1
-4.5195310665794565e+01
-2.1588080947661698e+01
7.6914802865023777e+00
-9.9086724591163033e-01
-9.9086724591163033e-01
4.2423225039942540e+00
0
2
9.8666666666666669e-01
2
-4.1106343859031213e+01
-9.4301977416630223e+00
3.4877763386106575e-01
9.3720550687577397e-01
2.8533357143575886e+00
-7.7881554947786508e-02
1
1
-4.2599113377628584e+01
-1.3441440658354901e+01
7.4717109073987986e+00
-1.3002475296018798e+00
-1.3002475296018798e+00
4.4616790646595996e+00
0
2
9.8666666666666669e-01
2
-3.8677373764097602e+01
-1.2314037206589603e+00
2.8405584016068541e-01
9.5880773863721347e-01
2.8503434319575858e+00
-7.7963314781897122e-02
1
1
-3.9891858811564404e+01
-5.3308007311609913e+00
7.6186295430944009e+00
-1.0811014950181721e+00
-1.0811014950181728e+00
4.2897445507793366e+00
0
2
9.8666666666666669e-01
2
-3.3442362302395765e+01
4.4101199168910199e+00
6.8020363308565057e-01
7.3302320395542842e-01
2.5654138491605938e+00
-8.6622367886153614e-02
1
1
-3.6059868033246687e+01
1.5893580981160298e+00
4.9432984684952590e+00
-1.6032763020298255e+00
-1.6032763020298260e+00
4.7032723798645701e+00
0
2
1.0000000000000000e+00
2
-2.8404060733992708e+01
-1.7865144146199705e+00
6.3085929400158780e-01
-7.7589725555115752e-01
0.0000000000000000e+00
-6.2606345157853002e-02
1
1
-3.0923211518194236e+01
1.3118027511355246e+00
4.2636085037178333e+00
1.3027078866026949e+00
1.3027078866026955e+00
3.7205945944320984e+00
0
2
8.0000000000000004e-01
2
-1.1792703510631866e+00
-6.2316274417375270e+00
2.1832015935622606e-01
9.7587719925135663e-01
2.3133499768111143e+00
-9.6060788229089783e-02
1
1
-1.9368467544393733e+00
-9.6179456861254593e+00
5.1047460923439418e+00
-5.5706840196181262e-01
-5.5706840196181273e-01
2.7393114166686701e+00
0
2
8.0000000000000004e-01
2
-3.8176359999999999e-02
0.0000000000000000e+00
1.8011848736609856e-01
9.8364492094909362e-01
0.0000000000000000e+00
-7.8923598220983326e-02
1
1
-6.0872335553159329e-01
-3.1158137208687635e+00
3.2950398029055434e+00
-2.9670844967877941e-01
-2.9670844967877952e-01
1.7290168054778277e+00
0
2
2.5000000000000000e+01
2
0.0000000000000000e+00
0.0000000000000000e+00
0.0000000000000000e+00
0.0000000000000000e+00
0.0000000000000000e+00
-1.0000000000000000e+00
1
1
0.0000000000000000e+00
0.0000000000000000e+00
2.0000000000000000e+00
0.0000000000000000e+00
0.0000000000000000e+00
2.0000000000000000e+00
0
