2
1
1
12
8.1065764735334334e-02
9.0321516590862100e-02
1.0092548167034825e-01
9.0439920769856019e-02
1.1259604538899713e-01
9.0254678435247648e-02
7.6833643238414392e-02
5.7199221628934177e-02
7.5293943536328234e-02
8.9608385008415226e-02
5.2784663846392382e-02
8.2676735150870193e-02
2
1
-4.4686707840933053e+01
-4.1731175859117002e+01
1.9978148617742651e+01
1.1435168893819514e+01
-1.6774254998036386e-01
1.1048166048743710e+01
-1.6774254998036386e-01
8.4331495084787313e+00
3.2176105566889611e+01
1.1048166048743710e+01
3.2176105566889611e+01
2.2190711272384272e+02
1
2
1
-4.0834749494984557e+01
-2.5560400955238670e+01
4.7950089822773727e+01
1.2223914957270999e+01
7.8969895397392982e+00
-3.8051222375092753e+00
7.8969895397392982e+00
4.9409772347899256e+01
-5.3125296493282086e+00
-3.8051222375092753e+00
-5.3125296493282086e+00
2.5194385379728612e+01
1
2
1
-4.8855266902650962e+00
-1.7590190647429619e+01
3.5054751161554130e+01
7.6198305700021791e+00
9.2216467123915056e+00
-4.4780505109113733e-01
9.2216467123915056e+00
3.7364388284427491e+01
2.5411172630466359e+00
-4.4780505109113733e-01
2.5411172630466359e+00
3.2539841372673649e+01
1
2
1
-8.2181671622010164e+00
-3.2758877811612081e+01
3.0431859162456288e+01
7.6126833652807511e+00
6.4927987169334447e+00
4.2934180099565058e+00
6.4927987169334447e+00
2.1785955083625012e+01
1.3879507485044062e+01
4.2934180099565058e+00
1.3879507485044062e+01
1.8508248878622293e+01
1
2
1
-1.5940747729173689e+01
-3.9884609508101342e+01
1.9920976296914837e+01
1.1072837099481340e+01
-4.7022207355395584e-01
3.0632549322113340e+00
-4.7022207355395584e-01
3.7181381331832437e+00
4.8499990186406444e-01
3.0632549322113340e+00
4.8499990186406444e-01
7.9655815438796846e+00
1
2
1
-2.5783415505782617e+01
-4.3132161044998050e+00
3.1291012605185021e+01
7.5899957590188638e+00
-6.3320997370947154e+00
9.9171985059483241e+00
-6.3320997370947154e+00
2.0081837441848489e+01
-2.8326061044298505e+01
9.9171985059483241e+00
-2.8326061044298505e+01
5.9050375645945842e+01
1
2
1
-2.2727128450481501e+01
-1.9738936444158981e+01
4.3183487245528859e+01
5.9113613881100964e+00
-4.0920207053464130e+00
-2.2688694109929908e+00
-4.0920207053464130e+00
3.2042782633990349e+01
6.4980093135962447e-01
-2.2688694109929908e+00
6.4980093135962447e-01
1.5329643124007941e+01
1
2
1
-2.0505407935629378e+01
-3.3029089323327604e+01
3.4167927705239784e+01
4.9371406742987531e+00
-1.4501208175936822e-01
-5.6095012156160129e+00
-1.4501208175936822e-01
1.4402274204415827e+01
1.9144478295832705e+01
-5.6095012156160129e+00
1.9144478295832705e+01
4.6493486833529012e+01
1
2
1
-3.1594528712064456e+01
1.1642929225065477e+00
1.8917546373693668e+01
1.0390763704853880e+01
4.4775787410297085e-01
-6.1069030324019273e+00
4.4775787410297085e-01
5.2177521387473877e+00
-1.9678114861065639e+00
-6.1069030324019273e+00
-1.9678114861065639e+00
1.8274360987895861e+01
1
2
1
-3.6093110466260306e+01
-7.8168387056502473e+00
3.3700565389171587e+01
1.0629524164564492e+01
6.5204909926120225e+00
-6.4516746155374083e+00
6.5204909926120225e+00
2.9598427579428549e+01
-2.7978689413348445e+01
-6.4516746155374083e+00
-2.7978689413348445e+01
4.6876424392037073e+01
1
2
1
-9.2426419184846328e-02
8.9440053895328189e-03
5.8285308349253171e+00
2.1623757831024415e+00
1.2483302050905631e-01
-2.8245558849549718e-01
1.2483302050905631e-01
2.3098304860016086e+00
-1.4137881600230351e+00
-2.8245558849549718e-01
-1.4137881600230351e+00
1.4637496898675842e+01
1
2
1
-1.0544917362743140e+00
-4.7936685281790572e+00
2.1154742842628991e+01
2.8985328284299028e+00
1.7169066238100454e+00
-4.0174076913590255e+00
1.7169066238100454e+00
1.1963168628257270e+01
-1.4394361592516471e+01
-4.0174076913590255e+00
-1.4394361592516471e+01
3.7608458478377059e+01
1
