2
7
1
2
5
2
-1.9751662210116698e+00
1.1782337857451896e+01
-9.3839602300265346e-01
8.2229477165557405e+00
4.0904526705922301e+01
0.0000000000000000e+00
2
2.2022715417963799e+00
1.6440716817905521e+00
1.1237327221625004e+00
-1.1136253646115613e+00
7.8191453979882262e+00
0.0000000000000000e+00
2
-1.0998504257518624e+01
4.9828879264316086e+00
-2.8150889882569472e+00
-6.4963421528880916e-01
1.4278840328401039e+01
0.0000000000000000e+00
2
-9.4154550046362377e+00
6.6439753706263982e-02
1.2797898190786932e+00
-2.5215371229719561e+00
1.3975614901739483e+01
0.0000000000000000e+00
2
5.0656744624822780e-01
1.6835801130041217e-01
2.2930656640436878e-01
-1.6193415344554600e+00
8.0832114979547036e+00
0.0000000000000000e+00
1
2
6
2
-3.4172488615347412e+00
1.9265675341641558e+01
-6.8767428024505262e-01
7.4010454517032995e+00
3.0769908955492049e+01
0.0000000000000000e+00
2
3.7727868637667044e+00
8.6368366308323825e+00
3.1928439599243554e+00
-1.6720625279215839e-01
1.3235456136875271e+01
0.0000000000000000e+00
2
-1.0233807799410609e+01
1.3661528396384119e+01
-1.1816968561143955e+00
1.7921763599807252e+00
3.9129688423964289e+01
0.0000000000000000e+00
2
3.2862041772492954e+00
1.4693779669105181e+01
1.6696590095645800e+00
4.7124351941381759e+00
2.0696238508533927e+01
0.0000000000000000e+00
2
1.5002964673544026e+00
4.0279760803322082e+00
2.8206951897603298e-02
-3.0013510508337764e+00
1.2425174204538431e+01
0.0000000000000000e+00
2
-1.0720373946423869e+01
2.4691405572170049e+00
1.7539245729536790e+00
-4.3957561820885127e+00
1.9592060581778398e+01
0.0000000000000000e+00
1
2
6
2
-2.3963637142066787e+00
3.0938336760745585e+01
-1.1436715087140747e+00
4.3838396226694361e+00
2.7418884307902207e+01
0.0000000000000000e+00
2
-1.2520525249038712e+01
1.6618993796352548e+01
-1.6354733232085603e+00
8.6151603068947674e-02
1.1040840448862845e+01
0.0000000000000000e+00
2
-1.0831560382196521e+01
8.0909992860512627e+00
-1.1196232078988340e+00
-2.4384441962724754e-01
7.4673558985847066e+00
0.0000000000000000e+00
2
-1.0242250436232954e+01
1.4526921474052067e+01
-8.9186991088685663e-01
5.4250321884498220e-01
6.3177026700921415e+00
0.0000000000000000e+00
2
-9.2171683362957548e+00
2.5164013509067356e+01
-6.2984139327951827e-01
2.8252302091233004e+00
1.8492584793541603e+01
0.0000000000000000e+00
2
-1.3295909454607630e+01
9.6712645944911895e+00
-8.1800637638761275e-01
-5.7400042939781093e-01
2.4026074525823788e+01
0.0000000000000000e+00
1
2
4
2
-4.9344711352601758e+00
3.6091671441073146e+01
-6.7119818687575838e-01
6.1102600693704696e+00
2.3575069766225244e+01
0.0000000000000000e+00
2
-1.6378637490315004e+01
9.2389873177623620e+00
2.0397820216300815e+00
-2.4266305112273061e+00
4.5555783344669834e+01
0.0000000000000000e+00
2
-1.4271312785882108e+01
2.3596639914547783e+01
-1.3911935176885548e+00
7.7735332161056747e-01
2.4655826768463740e+01
0.0000000000000000e+00
2
-1.2000804732873252e+01
3.1990373965165944e+01
2.4539663818721064e-01
-2.7994598570988433e-01
7.5126528583306106e+02
0.0000000000000000e+00
1
2
1
2
-1.4217825704745305e+01
9.3317743203878223e+00
-7.4519363937956706e-01
-1.0872073606360246e-01
8.6074513823438065e+02
0.0000000000000000e+00
1
2
3
2
-5.7962846178635834e+00
4.1407483097319087e+01
1.2089458178390416e-01
4.2347804234481732e+00
1.8358930123481692e+01
0.0000000000000000e+00
2
-1.1281655283872356e+01
3.5252636513027703e+01
2.3106329979807172e+00
-4.2465190038849093e-01
1.2768246608283322e+01
0.0000000000000000e+00
2
-1.3147485446454230e+01
2.9529068625094266e+00
4.2956969780549555e-03
-2.6655945297935263e-04
8.6079101570252999e+02
0.0000000000000000e+00
1
2
1
2
2.3772788228839556e+00
2.4717836407374421e+00
-2.3772788228839556e+00
-2.4717836407374421e+00
4.2345708395319051e+01
0.0000000000000000e+00
