2
-1.0000000000000000e-300
108
2
8.0000000000000004e-01
2
-9.0699791710238031e+00
2.4292672856113424e+00
3.4399680180086351e-01
9.3897081975468089e-01
4.8790305974893272e-01
-4.5546388320781261e-01
1
1
-9.3217348092375367e+00
1.7420771816514338e+00
2.1884997483909913e-01
-3.7567337624780525e-02
-3.7567337624780532e-02
1.3006946921261647e-01
0
2
8.1333333333333335e-01
2
-8.3482774268435058e+00
3.7305163191421289e+00
4.8501916338428191e-01
8.7450352266300868e-01
4.9599534661993766e-01
-4.4803287719653268e-01
1
1
-8.7091282989336545e+00
3.0798918023767357e+00
2.1211764952635126e-01
-5.0981487066943082e-02
-5.0981487066943082e-02
1.4847202990956118e-01
0
2
8.0000000000000004e-01
2
-7.4443313677622713e+00
4.8815565471894926e+00
6.1763451488420984e-01
7.8646526053205101e-01
4.8785381283875756e-01
-4.5550986048287734e-01
1
1
-7.8963043973028881e+00
4.3060364331658105e+00
1.8820725135434310e-01
-5.6484246833764608e-02
-5.6484246833764608e-02
1.6064175929067220e-01
0
2
8.1333333333333335e-01
2
-6.3469785192652646e+00
5.8862403457797123e+00
7.3756345425602887e-01
6.7527783241116013e-01
4.9593601841525303e-01
-4.4808647480843578e-01
1
1
-6.8956549435137680e+00
5.3838984464846025e+00
1.7496434519456955e-01
-5.9850808096966045e-02
-5.9850808096966066e-02
1.8553907593674224e-01
0
2
8.0000000000000004e-01
2
-5.1173493628579392e+00
6.6796418769659383e+00
8.4026788366661120e-01
5.4217145229017216e-01
4.8779251645387534e-01
-4.5556710020424257e-01
1
1
-5.7321639410616019e+00
6.2829411113728248e+00
1.5042657110128838e-01
-5.2961650497367792e-02
-5.2961650497367778e-02
1.9833478279363176e-01
0
2
8.1333333333333335e-01
2
-3.7470681975954547e+00
7.2586727087511598e+00
9.2113686723170285e-01
3.8923883648290308e-01
4.9586592901609983e-01
-4.4814981070217297e-01
1
1
-4.4322087802266967e+00
6.9691572928585490e+00
1.3833494622751558e-01
-4.3073057610102099e-02
-4.3073057610102120e-02
2.2206658400760163e-01
0
2
8.0000000000000004e-01
2
-2.3196334423073961e+00
7.5800214605731675e+00
9.7558399876190482e-01
2.1962664082422170e-01
4.8771975114378974e-01
-4.5563506850208851e-01
1
1
-3.0333508199514254e+00
7.4193470846621636e+00
1.2182503200573398e-01
-2.4901597465108141e-02
-2.4901597465108151e-02
2.2683227832814601e-01
0
2
8.1333333333333335e-01
2
-8.3333628317881969e-01
7.6358824340779670e+00
9.9929446931386101e-01
3.7557470611437278e-02
4.9578217591494089e-01
-4.4822551720848447e-01
1
1
-1.5764848627431078e+00
7.6079519473255672e+00
1.2026266416254945e-01
-4.5072170448205674e-03
-4.5072170448205648e-03
2.4001713076102218e-01
0
2
8.0000000000000004e-01
2
6.1266532973668197e-01
7.4141887374227533e+00
9.8845047337038716e-01
-1.5154425655186471e-01
4.8763246174084007e-01
-4.5571663016217673e-01
1
1
-1.1033547672106886e-01
7.5250355857503601e+00
1.1884559996764914e-01
1.7402692516772712e-02
1.7402692516772712e-02
2.2968691999258400e-01
0
2
8.1333333333333335e-01
2
1.9845024894059318e+00
6.8522230630331613e+00
9.2536729921403083e-01
-3.7907171029414760e-01
4.9415951224068261e-01
-4.4969734815908580e-01
1
1
1.2985839095713070e+00
7.1332059002279573e+00
1.3645250498458952e-01
4.1851080603485982e-02
4.1851080603485975e-02
2.2147280337781897e-01
0
2
8.0000000000000004e-01
2
2.8739145723416564e+00
5.7238569122356298e+00
6.1904241030724316e-01
-7.8535755821218067e-01
4.7891822817884777e-01
-4.6400869531997718e-01
1
1
2.4292085308737938e+00
6.2880399876343951e+00
1.8118082823291171e-01
5.4481292111013900e-02
5.4481292111013921e-02
1.5500609974727370e-01
0
2
8.1333333333333335e-01
2
2.8855845499356549e+00
4.2527616131107528e+00
7.9325998946743279e-03
-9.9996853643447758e-01
4.9038052882819200e-01
-4.5316281776774897e-01
1
1
2.8797495611386559e+00
4.9883092626731909e+00
2.3497388651137113e-01
9.3197691323433532e-04
9.3197691323433543e-04
1.1749803310455739e-01
0
2
8.1333333333333335e-01
2
2.3467303315288417e+00
2.8681850251311221e+00
-3.6268464954508628e-01
-9.3191192984335058e-01
0.0000000000000000e+00
-3.3653318203335847e-01
1
1
2.6161574407322483e+00
3.5604733191209377e+00
1.7209767713005522e-01
-3.1131158720627970e-02
-3.1131158720627980e-02
1.0422243366926885e-01
0
2
8.3999999999999997e-01
2
-1.0185809235758494e+01
4.4174206605638391e+00
5.0757622231235833e-01
8.6160685845872609e-01
5.3573737188732395e-01
-4.1479693947683022e-01
1
1
-1.0593700562819674e+01
3.7250281696376817e+00
2.4433191657001985e-01
-6.1326917478613928e-02
-6.1326917478613928e-02
1.7635787562107830e-01
0
2
8.5333333333333339e-01
2
-9.1647120096461201e+00
5.6912896280752037e+00
6.2544250322760286e-01
7.8027025776739056e-01
5.4419989092681886e-01
-4.0834668644229022e-01
1
1
-9.6752606227023072e+00
5.0543551443195209e+00
2.3278856506750673e-01
-7.0613246450380543e-02
-7.0613246450380543e-02
2.0129664523688173e-01
0
2
8.5333333333333339e-01
2
-7.9662640454403153e+00
6.7998102232365207e+00
7.3411280505583609e-01
6.7902753217601719e-01
5.4417066693841942e-01
-4.0836861617785408e-01
1
1
-8.5654880275432177e+00
6.2455499256558618e+00
2.1138813471815016e-01
-7.2120258149929839e-02
-7.2120258149929839e-02
2.2265045536177486e-01
0
2
8.5333333333333339e-01
2
-6.6128395248058967e+00
7.7125120882447353e+00
8.2909280511191941e-01
5.5911100911326073e-01
5.4413873102811428e-01
-4.0839258363827191e-01
1
1
-7.2895517851231055e+00
7.2561611557406280e+00
1.8988480232913230e-01
-6.7059035510206644e-02
-6.7059035510206672e-02
2.4410284413483069e-01
0
2
8.3999999999999997e-01
2
-5.1567848425373350e+00
8.3921484712105539e+00
9.0614874800250411e-01
4.2295915463965816e-01
5.3562018578747284e-01
-4.1488769116404656e-01
1
1
-5.8848121836716158e+00
8.0523302797276450e+00
1.6524397258539192e-01
-5.3721561727969096e-02
-5.3721561727969117e-02
2.5526179808023608e-01
0
2
8.5333333333333339e-01
2
-3.5859739225518794e+00
8.8355698488825105e+00
9.6239008355559952e-01
2.7167135858210401e-01
5.4406591354377976e-01
-4.0844724267832777e-01
1
1
-4.3713793825446068e+00
8.6138591600465322e+00
1.5529784281385622e-01
-3.7812453941517853e-02
-3.7812453941517853e-02
2.7857365762947223e-01
0
2
8.5333333333333339e-01
2
-1.9632255876843452e+00
9.0097622366685997e+00
9.9428794364629713e-01
1.0673090049099149e-01
5.4402360511265946e-01
-4.0847900740667892e-01
1
1
-2.7745997551181123e+00
8.9226660427755551e+00
1.4624856549479320e-01
-1.5345274756975450e-02
-1.5345274756975455e-02
2.8755545890085304e-01
0
2
8.5333333333333339e-01
2
-3.3495628599652111e-01
8.9005106936625129e+00
9.9775658652407284e-01
-6.6946202639359256e-02
5.4397679877690908e-01
-4.0851415487181103e-01
1
1
-1.1490909368404332e+00
8.9551364651655554e+00
1.4522442222965290e-01
9.6571313574956279e-03
9.6571313574956297e-03
2.8850495870147963e-01
0
2
8.3999999999999997e-01
2
1.2231778014419405e+00
8.5099014712363310e+00
9.6998472940693237e-01
-2.4316583789126320e-01
5.3544969668101039e-01
-4.1501979289496022e-01
1
1
4.4411075772270969e-01
8.7052060824494220e+00
1.4836221319473777e-01
3.3040122283747891e-02
3.3040122283747891e-02
2.7187590421510183e-01
0
2
8.5333333333333339e-01
2
2.5800324451747758e+00
7.6377497180832714e+00
8.4121004375473729e-01
-5.4070848179601638e-01
5.3765986818881384e-01
-4.1331376092995448e-01
1
1
1.9016051233083582e+00
8.0738255946598017e+00
1.8253135874900561e-01
6.4242096845089428e-02
6.4242096845089428e-02
2.4118314576540606e-01
0
2
8.5333333333333339e-01
2
3.3770348406266573e+00
6.2301028354533079e+00
4.9270175177760589e-01
-8.7019824396241940e-01
5.3920544059795272e-01
-4.1212904301519754e-01
1
1
2.9785336429007163e+00
6.9339262767682897e+00
2.4961902193659974e-01
6.0904260434282834e-02
6.0904260434282848e-02
1.7653502756446970e-01
0
2
8.5333333333333339e-01
2
3.3559100323176199e+00
4.6150005045568525e+00
-1.3078429259859185e-02
-9.9991447368667230e-01
5.3841349215318157e-01
-4.1273524059274275e-01
1
1
3.3664724364721383e+00
5.4225516700050802e+00
2.8324454500810903e-01
-1.8521968657899427e-03
-1.8521968657899427e-03
1.4165861135050886e-01
0
2
8.5333333333333339e-01
2
2.6521513171179558e+00
3.1487635008664787e+00
-4.3271355388274563e-01
-9.0153146383593508e-01
0.0000000000000000e+00
-3.0743033410249149e-01
1
1
3.0040306747177876e+00
3.8818820027116656e+00
2.0007538196632640e-01
-4.3056128505067223e-02
-4.3056128505067223e-02
1.3103655979011544e-01
0
2
8.8000000000000000e-01
2
-1.1158407257265186e+01
3.6769866586005864e+00
4.1456201322129177e-01
9.1002106414846773e-01
5.8904365149369453e-01
-3.7725934514142029e-01
1
1
-1.1524699940322856e+01
2.8729234627572997e+00
3.0991375298648249e-01
-6.3954740749753491e-02
-6.3954740749753491e-02
1.9865895184861673e-01
0
2
8.9333333333333331e-01
2
-1.0180387435817774e+01
5.1806706839342453e+00
5.4523334922739086e-01
8.3828431626166189e-01
5.9792125263631890e-01
-3.7165800888062306e-01
1
1
-1.0669397346541480e+01
4.4288286712674161e+00
2.9741865370691989e-01
-7.9835962764457979e-02
-7.9835962764457979e-02
2.2659918210145821e-01
0
2
8.8000000000000000e-01
2
-9.0019489556948145e+00
6.4972487605791267e+00
6.6693552721655902e-01
7.4511542900168859e-01
5.8898170914218517e-01
-3.7729902095919915e-01
1
1
-9.5911681957562944e+00
5.8389597222566856e+00
2.6358813676484055e-01
-8.4226326332373633e-02
-8.4226326332373633e-02
2.4487761323651872e-01
0
2
8.9333333333333331e-01
2
-7.6104996240506289e+00
7.6289282652094759e+00
7.7580640120745314e-01
6.3097101981433346e-01
5.9785075652832764e-01
-3.7170183326797018e-01
1
1
-8.3062242898727217e+00
7.0630885128943017e+00
2.4415646237234750e-01
-8.5484066101644912e-02
-8.5484066101644912e-02
2.7973781522478436e-01
0
2
8.8000000000000000e-01
2
-6.0774535634163076e+00
8.5070428144332197e+00
8.6773352531132975e-01
4.9702970640674160e-01
5.8890815975034394e-01
-3.7734614225149987e-01
1
1
-6.8439765937334682e+00
8.0679855398213469e+00
2.1130600987268872e-01
-7.3080363814193222e-02
-7.3080363814193250e-02
2.9703275821701541e-01
0
2
8.9333333333333331e-01
2
-4.3944158980069261e+00
9.1261614982321486e+00
9.3851445353318919e-01
3.4523994628272581e-01
5.9776655865494466e-01
-3.7175418899687568e-01
1
1
-5.2359347307116169e+00
8.8166021563326851e+00
1.9539080680425711e-01
-5.6566859752692537e-02
-5.6566859752692530e-02
3.2835591665025798e-01
0
2
8.8000000000000000e-01
2
-2.6563299888497411e+00
9.4414973726133802e+00
9.8393756556580048e-01
1.7851293249634906e-01
5.8881984995247849e-01
-3.7740273572665217e-01
1
1
-3.5253729434283336e+00
9.2838294354227635e+00
1.7479354317626924e-01
-2.9753560551431701e-02
-2.9753560551431690e-02
3.3339278033519626e-01
0
2
8.9333333333333331e-01
2
-8.6333587480863183e-01
9.4428109809573559e+00
9.9999973162386224e-01
7.3263374438746573e-04
5.9766486507935790e-01
-3.7181744353119295e-01
1
1
-1.7598329318291865e+00
9.4421541767853689e+00
1.7452293912510677e-01
-1.2786129142795569e-04
-1.2786129142795569e-04
3.4904559722364803e-01
0
2
8.8000000000000000e-01
2
8.6170577000878490e-01
9.0942103621861499e+00
9.8018617775329864e-01
-1.9807841109363425e-01
5.8663741099043509e-01
-3.7880676898365329e-01
1
1
-8.1505239992346601e-04
9.2685106715717538e+00
1.7473911544916559e-01
3.2645405082918987e-02
3.2645405082918987e-02
3.2968704189231718e-01
0
2
8.9333333333333331e-01
2
1.8494562642118408e+00
7.6064525313420317e+00
5.5311435497140271e-01
-8.3310534167328976e-01
5.9526599115543644e-01
-3.7331583783390615e-01
1
1
1.3555810171103129e+00
8.3503314467640912e+00
2.9328437099416343e-01
7.9776288026336989e-02
7.9776288026336989e-02
2.2608965969957776e-01
0
2
8.8000000000000000e-01
2
2.4844594043534536e+00
5.9582664489420125e+00
3.5951435029379358e-01
-9.3313955651490388e-01
5.8876012378244047e-01
-3.7744102096210952e-01
1
1
2.1669578342826474e+00
6.7823594901420226e+00
3.1683214065473853e-01
5.6816756796858450e-02
5.6816756796858464e-02
1.9125109365749990e-01
0
2
8.9333333333333331e-01
2
2.7388927054105041e+00
4.1872365722144229e+00
1.4220403175359100e-01
-9.8983736712301562e-01
5.9640433049964137e-01
-3.7260330091173938e-01
1
1
2.6116760548819791e+00
5.0727515105782182e+00
3.4406057199004547e-01
2.4462124069676280e-02
2.4462124069676280e-02
1.7730177722707499e-01
0
2
8.9333333333333331e-01
2
2.2428256538582683e+00
2.4891498719929896e+00
-2.8041244676534383e-01
-9.5987960687737972e-01
0.0000000000000000e+00
-2.8263562948588261e-01
1
1
2.4908591796343860e+00
3.3381932221037065e+00
2.5090190200140672e-01
-3.5148537391642927e-02
-3.5148537391642941e-02
1.4085301908236147e-01
0
2
8.1333333333333335e-01
2
-1.1360917290719412e+01
6.2726375284999856e+00
5.7966122384774244e-01
8.1485757379270729e-01
5.9303480396167108e-01
-3.7472037178543877e-01
1
1
-1.1876556211092504e+01
5.5477791762037238e+00
2.8592271399592450e-01
-8.1162077210240491e-02
-8.1162077210240491e-02
2.2956515842071465e-01
0
2
8.1333333333333335e-01
2
-1.0144031367495041e+01
7.5703943017867505e+00
6.8401261028447224e-01
7.2947018374421779e-01
5.9301339620931048e-01
-3.7473389917111849e-01
1
1
-1.0752474329107226e+01
6.9215159151433685e+00
2.6324524607794364e-01
-8.5730922278766164e-02
-8.5730922278766150e-02
2.5220541018388692e-01
0
2
8.2666666666666666e-01
2
-8.7358539705442073e+00
8.7045008568980524e+00
7.7882376871172632e-01
6.2724280568984070e-01
6.0269406829572325e-01
-3.6871479895366194e-01
1
1
-9.4399426690196240e+00
8.1374475793424015e+00
2.4729590623145839e-01
-8.6697296307348709e-02
-8.6697296307348695e-02
2.8512110458443196e-01
0
2
8.1333333333333335e-01
2
-7.2053747140032396e+00
9.6111877026893158e+00
8.6035657165714796e-01
5.0969262267209536e-01
5.9296316084120204e-01
-3.7476564632947618e-01
1
1
-7.9706143422737235e+00
9.1578442797936841e+00
2.1641593395905406e-01
-7.5331928768032505e-02
-7.5331928768032505e-02
2.9894739625967520e-01
0
2
8.1333333333333335e-01
2
-5.5594700936009582e+00
1.0285833395926229e+01
9.2528647239315476e-01
3.7926895998253224e-01
5.9293515017942666e-01
-3.7478335051476730e-01
1
1
-6.3824224038020994e+00
9.9485105493077732e+00
1.9648001572667437e-01
-6.0280207830955890e-02
-6.0280207830955883e-02
3.1883462571026133e-01
0
2
8.2666666666666666e-01
2
-3.8025895483416061e+00
1.0711940055486432e+01
9.7182524758868938e-01
2.3570254166890639e-01
6.0260509785360283e-01
-3.6876923712352833e-01
1
1
-4.6810298209712826e+00
1.0498886725706331e+01
1.8727663048427168e-01
-4.0640110471082694e-02
-4.0640110471082715e-02
3.4498319982172648e-01
0
2
8.1333333333333335e-01
2
-2.0300399646340641e+00
1.0858686020193042e+01
9.9659058325295835e-01
8.2505814168021996e-02
5.9287120625529288e-01
-3.7482377264672290e-01
1
1
-2.9163147564878349e+00
1.0785313037839737e+01
1.7290353311523432e-01
-1.4120786428420228e-02
-1.4120786428420228e-02
3.4229996812855790e-01
0
2
8.2666666666666666e-01
2
-2.2784089738889210e-01
1.0719109576804637e+01
9.9701433992760413e-01
-7.7216617244759617e-02
6.0253197808436543e-01
-3.6881398880891775e-01
1
1
-1.1289404310114781e+00
1.0788897798498841e+01
1.7843448300119893e-01
1.3655550496773363e-02
1.3655550496773359e-02
3.5369618691462956e-01
0
2
8.1333333333333335e-01
2
1.4987287237443345e+00
1.0292950256424744e+01
9.7086361477110916e-01
-2.3963272212612219e-01
5.9279511384314698e-01
-3.7487188580475045e-01
1
1
6.3544391317772120e-01
1.0506029916614690e+01
1.8154954400430523e-01
3.9943894938425213e-02
3.9943894938425213e-02
3.3352171751871523e-01
0
2
8.1333333333333335e-01
2
2.7017599128498593e+00
9.0122160608833131e+00
6.8465044367663463e-01
-7.2887157303148220e-01
5.8571552837247309e-01
-3.7940298909218062e-01
1
1
2.1002443182970971e+00
9.6525831586540285e+00
2.5665958098596048e-01
8.3643118493118548e-02
8.3643118493118548e-02
2.4618244171238252e-01
0
2
8.2666666666666666e-01
2
3.4570650404255541e+00
7.3735704149889898e+00
4.1860449329681559e-01
-9.0816863973147421e-01
6.0144690248235366e-01
-3.6947936934257031e-01
1
1
3.0794124766377067e+00
8.1928932379361505e+00
3.2250735051197171e-01
6.7189561332031911e-02
6.7189561332031911e-02
2.0770845971850610e-01
0
2
8.1333333333333335e-01
2
3.6717821242791779e+00
5.6164903079456936e+00
1.2129875111249140e-01
-9.9261604509424983e-01
5.9005027362701945e-01
-3.7661574302174233e-01
1
1
3.5644235823523660e+00
6.4950303614673413e+00
3.3770545821307285e-01
2.0481062666775310e-02
2.0481062666775320e-02
1.7260694102243482e-01
0
2
8.2666666666666666e-01
2
3.0888208834220641e+00
3.9249376613229576e+00
-3.2582445136584909e-01
-9.4543028663785866e-01
0.0000000000000000e+00
-2.7945635878536046e-01
1
1
3.3803015038506210e+00
4.7707139846343258e+00
2.5296588477105975e-01
-4.1146435153584821e-02
-4.1146435153584821e-02
1.4775343929427637e-01
0
2
8.6666666666666670e-01
2
-1.2443828161591961e+01
5.5955159844487792e+00
4.9043662602811333e-01
8.7147685904455352e-01
7.4784639830981980e-01
-2.9714955199952625e-01
1
1
-1.2993985058153477e+01
4.6179197390785429e+00
4.8077733489519492e-01
-1.1678858646299566e-01
-1.1678858646299566e-01
3.3897545097900494e-01
0
2
8.6666666666666670e-01
2
-1.1042171924751829e+01
7.3471558815901341e+00
6.2478862864092044e-01
7.8079393537667663e-01
7.4780289556437840e-01
-2.9716683840132463e-01
1
1
-1.1743000043171895e+01
6.4713359330194571e+00
4.3978422824830959e-01
-1.3328481290422697e-01
-1.3328481290422700e-01
3.7987318921969754e-01
0
2
8.8000000000000000e-01
2
-9.3414391516094142e+00
8.8621994554238945e+00
7.4669358013620535e-01
6.6516817225674318e-01
7.5922833604300410e-01
-2.9269484774556037e-01
1
1
-1.0191805538180621e+01
8.1046776685070139e+00
4.0623938555188410e-01
-1.3987996939819003e-01
-1.3987996939819003e-01
4.3865593645604961e-01
0
2
8.6666666666666670e-01
2
-7.4344431767702268e+00
1.0043229814190063e+01
8.5016356721013286e-01
5.2651866917379297e-01
7.4769767779201946e-01
-2.9720865641639166e-01
1
1
-8.3879411641898205e+00
9.4527146348069788e+00
3.4886327785781490e-01
-1.2226584737208390e-01
-1.2226584737208390e-01
4.7056350006385439e-01
0
2
8.8000000000000000e-01
2
-5.3161656311521837e+00
1.0879353729518447e+01
9.3016096098871082e-01
3.6715199393787545e-01
7.5910788005494889e-01
-2.9274129285304801e-01
1
1
-6.3753044039612057e+00
1.0461291771854256e+01
3.1949449890824033e-01
-9.6149677626644531e-02
-9.6149677626644545e-02
5.2513274926058717e-01
0
2
8.6666666666666670e-01
2
-3.1145525249487283e+00
1.1306750495036596e+01
9.8167337848604419e-01
1.9057118872430784e-01
7.4757149524920596e-01
-2.9725882224568179e-01
1
1
-4.2153590780504562e+00
1.1093052112277523e+01
2.8296653811064248e-01
-5.1081842934748427e-02
-5.1081842934748441e-02
5.3618368784941184e-01
0
2
8.8000000000000000e-01
2
-8.3766724669605153e-01
1.1310156570895471e+01
9.9999888108882928e-01
1.4959348546503459e-03
7.5896260862929987e-01
-2.9279732584396956e-01
1
1
-1.9761098858223898e+00
1.1308453532966034e+01
2.8143529791814553e-01
-4.2100745827375997e-04
-4.2100745827375986e-04
5.6286870643498454e-01
0
2
8.6666666666666670e-01
2
1.3620156412886502e+00
1.0875296545238662e+01
9.8101365120336070e-01
-1.9393869173697911e-01
7.4741837529867194e-01
-2.9731972020813796e-01
1
1
2.6217419729629932e-01
1.1092726558067067e+01
2.8320404462977922e-01
5.1928274009086992e-02
5.1928274009086971e-02
5.3561065383204454e-01
0
2
8.8000000000000000e-01
2
3.4597793040377129e+00
9.9914517645850829e+00
9.2154487290712084e-01
-3.8827187281413805e-01
7.5878513874620934e-01
-2.9286580729482214e-01
1
1
2.4108974726631818e+00
1.0433374154911872e+01
3.2371092361964926e-01
1.0065303721059317e-01
1.0065303721059317e-01
5.2019827600211066e-01
0
2
8.6666666666666670e-01
2
4.2793282199044844e+00
7.9446268117580319e+00
3.7171085451875624e-01
-9.2834855557217100e-01
7.3493407210094230e-01
-3.0237028144165329e-01
1
1
3.8695537619710985e+00
8.9680392881715569e+00
4.9133065853175378e-01
9.1064667716430084e-02
9.1064667716430112e-02
3.0035878236089181e-01
0
2
8.8000000000000000e-01
2
4.6067719953554640e+00
5.6898537114398726e+00
1.4371495837023399e-01
-9.8961912407786556e-01
7.5947504969623991e-01
-2.9259976652439379e-01
1
1
4.4430501076299738e+00
6.8172402615989522e+00
5.5780907539433633e-01
4.0080571777776401e-02
4.0080571777776387e-02
2.8763543865343094e-01
0
2
8.6666666666666670e-01
2
4.5315560917722744e+00
3.4501023078035007e+00
-3.3563334869051102e-02
-9.9943659256226347e-01
7.4700466919877440e-01
-2.9748438180523601e-01
1
1
4.5691640435638696e+00
4.5699780096216864e+00
5.4496520904254742e-01
-9.1454234492141032e-03
-9.1454234492141032e-03
2.7294329043976451e-01
0
2
8.8000000000000000e-01
2
3.5724244887954142e+00
1.4320473616266667e+00
-4.2925965191751059e-01
-9.0318112869770362e-01
0.0000000000000000e+00
-2.2377515795810285e-01
1
1
4.0519902902838441e+00
2.4410748347150837e+00
3.7824745903662754e-01
-8.0764071129998255e-02
-8.0764071129998255e-02
2.4670147770049675e-01
0
2
8.2666666666666666e-01
2
-1.1805037549285762e+01
5.2184588766000486e+00
5.0225873293071677e-01
8.6471739036221007e-01
6.2007957581733486e-01
-3.5837694207119836e-01
1
1
-1.2272198122385110e+01
4.4141684876735408e+00
3.2832772719195386e-01
-8.1589331958333663e-02
-8.1589331958333663e-02
2.3524885901781822e-01
0
2
8.2666666666666666e-01
2
-1.0652611591792940e+01
6.6786366815895946e+00
6.1952969717389950e-01
7.8497321885502336e-01
6.2005419204805845e-01
-3.5839161330111369e-01
1
1
-1.1228824570539352e+01
5.9485477790948220e+00
3.0358943350708800e-01
-9.1350956482827150e-02
-9.1350956482827136e-02
2.5994101215627491e-01
0
2
8.3999999999999997e-01
2
-9.2771559674930888e+00
7.9748991520576169e+00
7.2774670283887311e-01
6.8584600057676848e-01
6.3000657551788519e-01
-3.5273000450756997e-01
1
1
-9.9648837796430136e+00
7.3267679168236057e+00
2.8513989423709163e-01
-9.6790750046488586e-02
-9.6790750046488599e-02
2.9662599429035358e-01
0
2
8.2666666666666666e-01
2
-7.7471573592584972e+00
9.0325499412336789e+00
8.2258929683136695e-01
5.6863595448975723e-01
6.1999291510687926e-01
-3.5842703490234867e-01
1
1
-8.5121566633757926e+00
8.5037245466456479e+00
2.4853294992327107e-01
-8.7847146255377054e-02
-8.7847146255377012e-02
3.1488611929548982e-01
0
2
8.3999999999999997e-01
2
-6.0451917109870656e+00
9.8539485662831101e+00
9.0060134402446879e-01
4.3464608492579382e-01
6.2993674895263096e-01
-3.5276910355158930e-01
1
1
-6.8961745351227819e+00
9.4432492537583954e+00
2.3050605617581227e-01
-7.5892539629974762e-02
-7.5892539629974762e-02
3.5113087984810754e-01
0
2
8.2666666666666666e-01
2
-4.2630527010090811e+00
1.0385637308753003e+01
9.5826219132092472e-01
2.8589084050528701e-01
6.1992045813730778e-01
-3.5846892823950283e-01
1
1
-5.1541222059980729e+00
1.0119792937518056e+01
2.0310895892661665e-01
-5.1439100557280869e-02
-5.1439100557280869e-02
3.6017842732647432e-01
0
2
8.3999999999999997e-01
2
-2.3883340510996423e+00
1.0622010293788616e+01
9.9214488129960332e-01
1.2509410262276965e-01
6.2985379294394939e-01
-3.5281556563079675e-01
1
1
-3.3256933760543617e+00
1.0503823801270809e+01
1.9686104128470416e-01
-2.4056268578809853e-02
-2.4056268578809853e-02
3.8462271395791070e-01
0
2
8.2666666666666666e-01
2
-5.3064543781001605e-01
1.0539912811488724e+01
9.9902490200708660e-01
-4.4150256734598783e-02
6.1983393659071795e-01
-3.5851896629686730e-01
1
1
-1.4594897444548292e+00
1.0580961552638669e+01
1.8807594710001752e-01
8.2793660108530977e-03
8.2793660108530977e-03
3.7505421545075313e-01
0
2
8.3999999999999997e-01
2
1.3134190378074082e+00
1.0129134245439745e+01
9.7607636246012519e-01
-2.1742799876421257e-01
6.2975416901795189e-01
-3.5287137926972184e-01
1
1
3.9138679999869608e-01
1.0334523528464235e+01
2.0292691148843153e-01
4.1122376068793258e-02
4.1122376068793244e-02
3.7837291181987665e-01
0
2
8.2666666666666666e-01
2
2.7324811044841497e+00
9.0064640524568844e+00
7.8424855845044239e-01
-6.2044677335642817e-01
6.0315149297419834e-01
-3.6843516895966399e-01
1
1
2.0229500711457788e+00
9.5677991489483141e+00
2.4616429417213159e-01
8.6486417434582172e-02
8.6486417434582172e-02
2.8706119680782916e-01
0
2
8.3999999999999997e-01
2
3.5849248454197928e+00
7.3242390184491661e+00
4.5201390224730131e-01
-8.9201089240836473e-01
6.2862649186784125e-01
-3.5350438630407083e-01
1
1
3.1587029749519715e+00
8.1653515354530253e+00
3.4669850426899118e-01
7.7847405371048548e-02
7.7847405371048520e-02
2.3252135941659918e-01
0
2
8.2666666666666666e-01
2
3.8743612247888235e+00
5.4958848504918958e+00
1.5635727472146901e-01
-9.8770056324863709e-01
6.1704064166425998e-01
-3.6014195373395880e-01
1
1
3.7296430351043082e+00
6.4100619344705310e+00
3.6749626350796954e-01
2.8728157115016872e-02
2.8728157115016882e-02
1.9056981919865945e-01
0
2
8.3999999999999997e-01
2
3.3191449386804677e+00
3.7112490378859171e+00
-2.9706472597917244e-01
-9.5485734462217919e-01
0.0000000000000000e+00
-2.6752162482603886e-01
1
1
3.5967530817346454e+00
4.6035669441889064e+00
2.7865119784673587e-01
-4.1344601980885264e-02
-4.1344601980885264e-02
1.5861961639206537e-01
0
2
8.5333333333333339e-01
2
-1.2407133488842927e+01
7.1907673069898657e+00
5.9284770230761408e-01
8.0531459807244432e-01
7.0138120556291661e-01
-3.1683515392156891e-01
1
1
-1.3030851843082505e+01
6.3435185215096652e+00
3.9622544243045588e-01
-1.1475029081858103e-01
-1.1475029081858107e-01
3.2482614429316126e-01
0
2
8.5333333333333339e-01
2
-1.0928742427131292e+01
8.6879038591821924e+00
7.0263814449565254e-01
7.1154735464317931e-01
7.0135250189736054e-01
-3.1684812076815472e-01
1
1
-1.1667937957987110e+01
7.9393355830860290e+00
3.6201028267420621e-01
-1.2015589041949865e-01
-1.2015589041949860e-01
3.5898228792543546e-01
0
2
8.5333333333333339e-01
2
-9.2453284287257524e+00
9.9499394829958092e+00
8.0011973010835147e-01
5.9984032666313680e-01
7.0131753830457888e-01
-3.1686391696326338e-01
1
1
-1.0087035427928523e+01
9.3189216710890008e+00
3.2677133952029214e-01
-1.1533387202923019e-01
-1.1533387202923019e-01
3.9414934750518038e-01
0
2
8.5333333333333339e-01
2
-7.3897983218299697e+00
1.0941476309143491e+01
8.8197356155430151e-01
4.7129888257794605e-01
7.0127956504946432e-01
-3.1688107467746901e-01
1
1
-8.3175633752778602e+00
1.0445707896069649e+01
2.9365269438191693e-01
-9.9878308439656310e-02
-9.9878308439656310e-02
4.2718992539859590e-01
0
2
8.5333333333333339e-01
2
-5.4022303829935714e+00
1.1630815958112578e+01
9.4478968838886135e-01
3.2767734849097863e-01
7.0123822732294150e-01
-3.1689975469617709e-01
1
1
-6.3960143524117701e+00
1.1286146133628034e+01
2.6604905013518471e-01
-7.4378868202767665e-02
-7.4378868202767665e-02
4.5470859036365796e-01
0
2
8.5333333333333339e-01
2
-3.3297936891069599e+00
1.1991443497068468e+01
9.8519539857814897e-01
1.7143519656255632e-01
7.0119311589612510e-01
-3.1692014251768874e-01
1
1
-4.3660120360502654e+00
1.1811129727590522e+01
2.4728175669457297e-01
-4.0572753794866155e-02
-4.0572753794866169e-02
4.7338315252282775e-01
0
2
8.5333333333333339e-01
2
-1.2263978437957188e+00
1.2003657034787789e+01
9.9998314223657436e-01
5.8064828137872337e-03
7.0114376815285129e-01
-3.1694244792000659e-01
1
1
-2.2780957664513393e+00
1.1997550265928130e+01
2.4019592351560895e-01
-1.3946229703701574e-03
-1.3946229703701571e-03
4.8036755305874845e-01
0
2
8.5333333333333339e-01
2
8.4799178505773787e-01
1.1656313952320740e+01
9.8626939710213957e-01
-1.6514441056173237e-01
7.0108959240698188e-01
-3.1696693921712421e-01
1
1
-1.8920302936899047e-01
1.1829985493554265e+01
2.4670026202273532e-01
3.9114997862399317e-02
3.9114997862399317e-02
4.7375186633058358e-01
0
2
8.5333333333333339e-01
2
2.8284450654967457e+00
1.0948647208231137e+01
9.4168737897991672e-01
-3.3648904925708178e-01
7.0102998958611740e-01
-3.1699388831199710e-01
1
1
1.8382184252772418e+00
1.1302480580275938e+01
2.6729629082784578e-01
7.6083014752316949e-02
7.6083014752316949e-02
4.5303334489597602e-01
0
2
8.5333333333333339e-01
2
3.9061607958418056e+00
9.1858908332654750e+00
5.2161764322362447e-01
-8.5317936817402684e-01
6.8870096985518603e-01
-3.2266866455691084e-01
1
1
3.3673029306692754e+00
1.0067269020748306e+01
4.0042446709353929e-01
1.0313138262766043e-01
1.0313138262766047e-01
2.9479108312168323e-01
0
2
8.5333333333333339e-01
2
4.4746789690234978e+00
7.1611919535544946e+00
2.7033645492948094e-01
-9.6276591191013861e-01
7.0100075025643371e-01
-3.1700711039315016e-01
1
1
4.1904198824326517e+00
8.1735413934099839e+00
4.6263350082984711e-01
6.2488358836261193e-02
6.2488358836261207e-02
2.5763604754599945e-01
0
2
8.5333333333333339e-01
2
4.5835681647258202e+00
5.0651573510319148e+00
5.1880134310149935e-02
-9.9865331905719945e-01
6.9962036625529100e-01
-3.1763258038307812e-01
1
1
4.5291235668746594e+00
6.1131746522932051e+00
4.7764678673850319e-01
1.2390178474150779e-02
1.2390178474150779e-02
2.3978889978338819e-01
0
2
8.5333333333333339e-01
2
3.8063819247331394e+00
3.1458271223732446e+00
-3.7532324607675926e-01
-9.2689398582276095e-01
0.0000000000000000e+00
-2.4146287386681858e-01
1
1
4.1949750447294800e+00
4.1054922367025792e+00
3.3262633210304521e-01
-6.2241753747651708e-02
-6.2241753747651701e-02
2.0411809965028144e-01
0
2
2.5333333333333335e-01
2
-9.5734904474512685e+00
1.0548870776915251e+00
2.4915493262058183e-01
9.6846363873448205e-01
0.0000000000000000e+00
-1.0777012053104158e+00
1
1
-9.6312882237256332e+00
8.3022748884576258e-01
1.7405501416726671e-02
-2.1672204770477928e-03
-2.1672204770477941e-03
9.5390861942857390e-03
0
2
8.5333333333333339e-01
2
1.5567631913413127e+00
1.5201382900649907e+00
-5.0559224103543121e-01
-8.6277255740129477e-01
5.2081966195374507e-01
-4.2667786655481182e-01
1
1
1.9517467614350772e+00
2.1941616575980563e+00
2.3118082016697850e-01
-5.7810709546602682e-02
-5.7810709546602682e-02
1.6640677984069344e-01
0
2
8.5333333333333339e-01
2
6.5966104331812714e-01
2.4145593633025642e-01
-5.7433188764779419e-01
-8.1862255211478341e-01
5.2066419394850461e-01
-4.2680527066203577e-01
1
1
1.1082121173297199e+00
8.8079711319762355e-01
2.2121057544688277e-01
-6.2272871568624120e-02
-6.2272871568624141e-02
1.7613969509750368e-01
0
2
8.5333333333333339e-01
2
-5.2015380000000000e-02
-9.5351050000000007e-02
-9.0388661828826655e-01
-4.2777211372341883e-01
0.0000000000000000e+00
-6.3504044020032069e-01
1
1
3.0382283165906354e-01
7.3052443165128211e-02
3.0600248813230778e-02
-1.0001627711198500e-02
-1.0001627711198497e-02
4.7000428701457410e-02
0
2
1.0666666666666667e+00
2
1.3671142925103115e+00
1.5614429928238955e+00
-6.2921694681043849e-01
-7.7722971755237846e-01
6.8075991443100892e-01
-3.2643259027370830e-01
1
1
2.0096328048141334e+00
2.3551032468451871e+00
3.6320552090965080e-01
-1.1073236929223713e-01
-1.1073236929223708e-01
3.1607011626804155e-01
0
2
1.0666666666666667e+00
2
1.0235140000000000e-02
4.2556249999999997e-02
-6.6621525559302330e-01
-7.4575950092179366e-01
0.0000000000000000e+00
-2.4549542763645657e-01
1
1
6.8867471625515575e-01
8.0199962141194781e-01
2.6934795569662939e-01
-8.5995074332736857e-02
-8.5995074332736857e-02
2.4990797155978067e-01
0
2
8.6666666666666670e-01
2
1.0602708826049483e+00
1.2116803487076455e+00
-6.7931914367886881e-01
-7.3384296755600820e-01
5.8026470683041387e-01
-3.8296697973597094e-01
1
1
1.6515482682316083e+00
1.8504151103503177e+00
2.5310099109070239e-01
-8.2009872538926318e-02
-8.2009872538926318e-02
2.4042542284464019e-01
0
2
8.8000000000000000e-01
2
-2.0894570000000001e-02
1.6455490000000001e-03
-6.6628224415589077e-01
-7.4569965208694444e-01
0.0000000000000000e+00
-3.0813149021297231e-01
1
1
5.1968815630247411e-01
6.0666294885382277e-01
1.7096350719838704e-01
-5.4587981436238824e-02
-5.4587981436238824e-02
1.5864325234769366e-01
0
2
1.2133333333333334e+00
2
1.4577681533860678e+00
1.8287109241986819e+00
-6.1409406020727419e-01
-7.8923284600816290e-01
8.8534359567298726e-01
-2.5100110658540620e-01
1
1
2.2732945184040658e+00
2.8768242927608196e+00
6.2151156269216212e-01
-1.8560966285046218e-01
-1.8560966285046218e-01
5.2738727112133921e-01
0
2
1.2266666666666666e+00
2
-1.5019080000000001e-02
-1.5019080000000001e-02
-6.2412724135925024e-01
-7.8132271603562897e-01
0.0000000000000000e+00
-2.1188642432903454e-01
1
1
7.2137453669303386e-01
9.0684592209934090e-01
3.7418993390850436e-01
-1.1330376699405507e-01
-1.1330376699405507e-01
3.2285698835384385e-01
0
2
8.9333333333333331e-01
2
1.5844572114332511e+00
2.4849041665043922e-01
-8.5924670155708882e-01
-5.1156143899170414e-01
7.7120547325917643e-01
-2.8814917674675367e-01
1
1
2.5784408501143328e+00
8.4026888913855291e-01
3.6663292056038232e-01
-1.2772994170044091e-01
-1.2772994170044094e-01
5.0512980291359544e-01
0
2
8.9333333333333331e-01
2
-3.4750150000000000e-02
-2.0644230000000000e-02
-9.8646626825674377e-01
-1.6396433024171411e-01
0.0000000000000000e+00
-3.0461394005260922e-01
1
1
7.7485353071662555e-01
1.1392309332521960e-01
1.1544336837937237e-01
-1.8183567542074373e-02
-1.8183567542074380e-02
2.2181965589836239e-01
0
2
1.1466666666666667e+00
2
1.5608221503446340e+00
1.8262152850695255e+00
-6.8210217825051556e-01
-7.3125687581444465e-01
8.5926656562689474e-01
-2.5861849059621633e-01
1
1
2.4399835445125508e+00
2.7687321614777214e+00
5.5363879697244123e-01
-1.7993351333920976e-01
-1.7993351333920984e-01
5.2857711615331537e-01
0
2
1.1466666666666667e+00
2
-2.2295229999999999e-02
2.1407610000000001e-02
-6.5942669620204497e-01
-7.5176886895910766e-01
0.0000000000000000e+00
-2.0826841533964213e-01
1
1
7.6926346017231695e-01
9.2381144753476274e-01
3.7640722301708757e-01
-1.1922053348213121e-01
-1.1922053348213121e-01
3.4506805301385590e-01
0
2
1.0000000000000000e+00
2
1.9248394657423946e+00
1.5497110685698374e+00
-7.6257795404128936e-01
-6.4689633173345573e-01
8.2244813968176056e-01
-2.7019602999917930e-01
1
1
2.8656106952377671e+00
2.3477690954715409e+00
4.6878696066853626e-01
-1.6303198380406347e-01
-1.6303198380406356e-01
5.2267289363558245e-01
0
2
1.0000000000000000e+00
2
3.2011430000000000e-03
3.2011430000000000e-03
-7.7904625407930173e-01
-6.2696645365203385e-01
0.0000000000000000e+00
-2.0270366303049028e-01
1
1
9.6402030437119735e-01
7.7645610578491875e-01
3.5367311600364759e-01
-1.2400276744151653e-01
-1.2400276744151653e-01
4.0795871192585653e-01
0
2
2.5000000000000000e+01
2
0.0000000000000000e+00
0.0000000000000000e+00
0.0000000000000000e+00
0.0000000000000000e+00
0.0000000000000000e+00
-1.0000000000000000e+00
1
1
0.0000000000000000e+00
0.0000000000000000e+00
2.0000000000000000e+00
0.0000000000000000e+00
0.0000000000000000e+00
2.0000000000000000e+00
0
