2
1
1
10
1.2915130179809595e-01
1.9028491582799928e-01
6.5879804963275321e-02
9.8584583994664729e-02
1.5784261149678511e-01
1.3392089419548583e-01
2.3327584087332914e-02
8.8243245549821950e-02
6.2397271470321994e-02
5.0367786616216874e-02
2
1
7.1397054118534635e+00
1.8565169822217502e+01
2.0169463386218080e+01
4.4552451015417898e+00
-3.4446793712923487e+00
-2.3019298185537580e+00
-3.4446793712923487e+00
3.0791528206636073e+01
3.7288130731254192e+00
-2.3019298185537580e+00
3.7288130731254192e+00
1.3014607927707869e+01
1
2
1
-3.3943613402681960e-01
3.6692179693263782e+01
1.7280543400092807e+01
1.2754140308369951e+01
-1.6747296907045907e+01
9.4056678349661649e+00
-1.6747296907045907e+01
4.0404369684804493e+01
-1.6968584405375207e+01
9.4056678349661649e+00
-1.6968584405375207e+01
1.3875795295399845e+01
1
2
1
5.5091408962854782e-01
4.9574964144747102e-01
6.5196045959819688e+00
2.6750569045347925e+00
5.7180549918166579e-01
2.8621254956657580e+00
5.7180549918166579e-01
2.6922480809456060e+00
2.5938322773219209e+00
2.8621254956657580e+00
2.5938322773219209e+00
1.8818855615466539e+01
1
2
1
4.6310697465424226e+00
5.6237684922672848e+00
1.6448338086757502e+01
5.9986680436549644e+00
5.1518600111245467e+00
3.1223407530405898e+00
5.1518600111245467e+00
1.1399014409801140e+01
5.5882433223234784e+00
3.1223407530405898e+00
5.5882433223234784e+00
9.2214786235932564e+00
1
2
1
-1.0325673606917540e+01
3.4821524605224226e+01
1.7076488146896001e+01
8.9315734981950783e+00
9.7827785861527197e+00
-3.0022330966005675e+00
9.7827785861527197e+00
3.5658380634826145e+01
-7.5644678832045606e+00
-3.0022330966005675e+00
-7.5644678832045606e+00
6.4996179905964739e+00
1
2
1
-1.6150035160818067e+01
1.9070024444460273e+01
2.0221978759455649e+01
5.6241380795938767e+00
4.0810132346594017e+00
-2.6316529728863891e+00
4.0810132346594017e+00
3.3638333189714146e+01
-1.1031578810243481e+01
-2.6316529728863891e+00
-1.1031578810243481e+01
9.2315360420466313e+00
1
2
1
-5.2849228638387880e+00
4.0310315621151581e+01
6.1632403512770413e+00
2.2949343570136893e+00
2.3028658505760727e-01
-4.5420595180841761e-01
2.3028658505760727e-01
3.7323497477058383e+00
-3.8603813418893278e+00
-4.5420595180841761e-01
-3.8603813418893278e+00
1.4301576297209040e+01
1
2
1
-6.7148682388811247e+00
4.5936987683688351e+01
1.0010997660745183e+01
4.4219993504340227e+00
3.9513706794867043e-01
-6.7004133293443335e-01
3.9513706794867043e-01
5.8437810027023449e+00
-2.0216327167043913e+00
-6.7004133293443335e-01
-2.0216327167043913e+00
7.7121461837229717e+00
1
2
1
-1.4816919941595701e+01
6.1828294706547426e+00
1.7701344092611158e+01
5.5348365170651785e+00
-2.9681574593350213e+00
-4.3826229936036656e+00
-2.9681574593350213e+00
8.4648825642649896e+00
9.1399512171634267e+00
-4.3826229936036656e+00
9.1399512171634267e+00
2.5564680892613794e+01
1
2
1
-1.2676542798724787e+01
3.0734684732354802e+00
4.6008103663268285e+00
4.1477771995763622e+00
-1.4569126919616409e+00
-1.2596652405878566e+00
-1.4569126919616409e+00
3.8577246693645035e+00
1.8350945206039779e-02
-1.2596652405878566e+00
1.8350945206039779e-02
1.0731392639469401e+01
1
