0.000000000000000000e+00
3.913891000000000071e-03
7.827782000000000143e-03
1.174166999999999919e-02
1.565555999999999892e-02
1.956944999999999865e-02
2.348335000000000006e-02
2.739723999999999979e-02
3.131112999999999952e-02
3.522502000000000272e-02
3.913890999999999898e-02
4.305280000000000218e-02
4.696668999999999844e-02
5.088058000000000164e-02
5.479446999999999790e-02
5.870836000000000110e-02
6.262225000000000430e-02
6.653613999999999362e-02
7.045004000000000544e-02
7.436392999999999476e-02
7.827781999999999796e-02
8.219171000000000116e-02
8.610560000000000436e-02
9.001948999999999368e-02
9.393337999999999688e-02
9.784727000000000008e-02
1.017611999999999961e-01
1.056750999999999940e-01
1.095889000000000030e-01
1.135028000000000009e-01
1.174166999999999988e-01
1.213305999999999968e-01
1.252445000000000086e-01
1.291584000000000065e-01
1.330723000000000045e-01
1.369862000000000024e-01
1.409001000000000003e-01
1.448139999999999983e-01
1.487278999999999962e-01
1.526416999999999913e-01
1.565555999999999892e-01
1.604694999999999871e-01
1.643834000000000128e-01
1.682973000000000108e-01
1.722112000000000087e-01
1.761251000000000067e-01
1.800390000000000046e-01
1.839529000000000025e-01
1.878668000000000005e-01
1.917806999999999984e-01
1.956944999999999935e-01
1.996083999999999914e-01
2.035222999999999893e-01
2.074361999999999873e-01
2.113501000000000130e-01
2.152640000000000109e-01
2.191779000000000088e-01
2.230918000000000068e-01
2.270057000000000047e-01
2.309196000000000026e-01
2.348335000000000006e-01
2.387472999999999956e-01
2.426611999999999936e-01
2.465750999999999915e-01
2.504890000000000172e-01
2.544028999999999874e-01
2.583168000000000131e-01
2.622306999999999833e-01
2.661446000000000089e-01
2.700584999999999791e-01
2.739724000000000048e-01
2.778862999999999750e-01
2.818000999999999978e-01
2.857140000000000235e-01
2.896278999999999937e-01
2.935418000000000194e-01
2.974556999999999896e-01
3.013696000000000152e-01
3.052834999999999854e-01
3.091974000000000111e-01
3.131112999999999813e-01
3.170252000000000070e-01
3.209390999999999772e-01
3.248529000000000000e-01
3.287668000000000257e-01
3.326806999999999959e-01
3.365946000000000216e-01
3.405084999999999917e-01
3.444224000000000174e-01
3.483362999999999876e-01
3.522502000000000133e-01
3.561640999999999835e-01
3.600780000000000092e-01
3.639917999999999765e-01
3.679057000000000022e-01
3.718195999999999724e-01
3.757334999999999980e-01
3.796474000000000237e-01
3.835612999999999939e-01
3.874752000000000196e-01
3.913890999999999898e-01
3.953030000000000155e-01
3.992168999999999857e-01
4.031308000000000114e-01
4.070445999999999787e-01
4.109585000000000043e-01
4.148723999999999745e-01
4.187863000000000002e-01
4.227002000000000259e-01
4.266140999999999961e-01
4.305280000000000218e-01
4.344418999999999920e-01
4.383558000000000177e-01
4.422696999999999878e-01
4.461836000000000135e-01
4.500973999999999808e-01
4.540113000000000065e-01
4.579251999999999767e-01
4.618391000000000024e-01
4.657529999999999726e-01
4.696668999999999983e-01
4.735808000000000240e-01
4.774946999999999941e-01
4.814086000000000198e-01
4.853224999999999900e-01
4.892364000000000157e-01
4.931501999999999830e-01
4.970641000000000087e-01
5.009780000000000344e-01
5.048918999999999491e-01
5.088057999999999748e-01
5.127197000000000005e-01
5.166336000000000261e-01
5.205475000000000518e-01
5.244613999999999665e-01
5.283752999999999922e-01
5.322892000000000179e-01
5.362029999999999852e-01
5.401169000000000109e-01
5.440308000000000366e-01
5.479446999999999512e-01
5.518585999999999769e-01
5.557725000000000026e-01
5.596864000000000283e-01
5.636003000000000540e-01
5.675141999999999687e-01
5.714280999999999944e-01
5.753420000000000201e-01
5.792557999999999874e-01
5.831697000000000131e-01
5.870836000000000388e-01
5.909974999999999534e-01
5.949113999999999791e-01
5.988253000000000048e-01
6.027392000000000305e-01
6.066530999999999452e-01
6.105669999999999709e-01
6.144808999999999966e-01
6.183948000000000222e-01
6.223085999999999895e-01
6.262225000000000152e-01
6.301364000000000409e-01
6.340502999999999556e-01
6.379641999999999813e-01
6.418781000000000070e-01
6.457920000000000327e-01
6.497058999999999473e-01
6.536197999999999730e-01
6.575336999999999987e-01
6.614476000000000244e-01
6.653613999999999917e-01
6.692753000000000174e-01
6.731892000000000431e-01
6.771030999999999578e-01
6.810169999999999835e-01
6.849309000000000092e-01
6.888448000000000349e-01
6.927586999999999495e-01
6.966725999999999752e-01
7.005865000000000009e-01
7.045004000000000266e-01
7.084141999999999939e-01
7.123281000000000196e-01
7.162420000000000453e-01
7.201558999999999600e-01
7.240697999999999857e-01
7.279837000000000113e-01
7.318976000000000370e-01
7.358114999999999517e-01
7.397253999999999774e-01
7.436393000000000031e-01
7.475532000000000288e-01
7.514669999999999961e-01
7.553809000000000218e-01
7.592948000000000475e-01
7.632086999999999621e-01
7.671225999999999878e-01
7.710365000000000135e-01
7.749504000000000392e-01
7.788642999999999539e-01
7.827781999999999796e-01
7.866921000000000053e-01
7.906060000000000310e-01
7.945197999999999983e-01
7.984337000000000240e-01
8.023476000000000496e-01
8.062614999999999643e-01
8.101753999999999900e-01
8.140893000000000157e-01
8.180032000000000414e-01
8.219170999999999561e-01
8.258309999999999818e-01
8.297449000000000074e-01
8.336588000000000331e-01
8.375726000000000004e-01
8.414865000000000261e-01
8.454004000000000518e-01
8.493142999999999665e-01
8.532281999999999922e-01
8.571421000000000179e-01
8.610560000000000436e-01
8.649698999999999582e-01
8.688837999999999839e-01
8.727977000000000096e-01
8.767116000000000353e-01
8.806254000000000026e-01
8.845393000000000283e-01
8.884532000000000540e-01
8.923670999999999687e-01
8.962809999999999944e-01
9.001949000000000201e-01
9.041088000000000457e-01
9.080226999999999604e-01
9.119365999999999861e-01
9.158505000000000118e-01
9.197644000000000375e-01
9.236782000000000048e-01
9.275921000000000305e-01
9.315059999999999452e-01
9.354198999999999709e-01
9.393337999999999965e-01
9.432477000000000222e-01
9.471616000000000479e-01
9.510754999999999626e-01
9.549893999999999883e-01
9.589033000000000140e-01
9.628172000000000397e-01
9.667310000000000070e-01
9.706449000000000327e-01
9.745587999999999473e-01
9.784726999999999730e-01
9.823865999999999987e-01
9.863005000000000244e-01
9.902144000000000501e-01
9.941282999999999648e-01
9.980421999999999905e-01
1.001956000000000069e+00
1.005870000000000042e+00
1.009784000000000015e+00
1.013697999999999988e+00
1.017611999999999961e+00
1.021525999999999934e+00
1.025438999999999989e+00
1.029352999999999962e+00
1.033266999999999936e+00
1.037180999999999909e+00
1.041095000000000104e+00
1.045009000000000077e+00
1.048923000000000050e+00
1.052837000000000023e+00
1.056750999999999996e+00
1.060664000000000051e+00
1.064578000000000024e+00
1.068491999999999997e+00
1.072405999999999970e+00
1.076319999999999943e+00
1.080233999999999916e+00
1.084147999999999890e+00
1.088062000000000085e+00
1.091976000000000058e+00
1.095888999999999891e+00
1.099803000000000086e+00
1.103717000000000059e+00
1.107631000000000032e+00
1.111545000000000005e+00
1.115458999999999978e+00
1.119372999999999951e+00
1.123286999999999924e+00
1.127200999999999897e+00
1.131113999999999953e+00
1.135027999999999926e+00
1.138941999999999899e+00
1.142856000000000094e+00
1.146770000000000067e+00
1.150684000000000040e+00
1.154598000000000013e+00
1.158511999999999986e+00
1.162425999999999959e+00
1.166339000000000015e+00
1.170252999999999988e+00
1.174166999999999961e+00
1.178080999999999934e+00
1.181994999999999907e+00
1.185909000000000102e+00
1.189823000000000075e+00
1.193737000000000048e+00
1.197651000000000021e+00
1.201564000000000076e+00
1.205478000000000049e+00
1.209392000000000023e+00
1.213305999999999996e+00
1.217219999999999969e+00
1.221133999999999942e+00
1.225047999999999915e+00
1.228962000000000110e+00
1.232876000000000083e+00
1.236790000000000056e+00
1.240702999999999889e+00
1.244617000000000084e+00
1.248531000000000057e+00
1.252445000000000030e+00
1.256359000000000004e+00
1.260272999999999977e+00
1.264186999999999950e+00
1.268100999999999923e+00
1.272014999999999896e+00
1.275927999999999951e+00
1.279841999999999924e+00
1.283755999999999897e+00
1.287670000000000092e+00
1.291584000000000065e+00
1.295498000000000038e+00
1.299412000000000011e+00
1.303325999999999985e+00
1.307239999999999958e+00
1.311153000000000013e+00
1.315066999999999986e+00
1.318980999999999959e+00
1.322894999999999932e+00
1.326808999999999905e+00
1.330723000000000100e+00
1.334637000000000073e+00
1.338551000000000046e+00
1.342465000000000019e+00
1.346378000000000075e+00
1.350292000000000048e+00
1.354206000000000021e+00
1.358119999999999994e+00
1.362033999999999967e+00
1.365947999999999940e+00
1.369861999999999913e+00
1.373776000000000108e+00
1.377690000000000081e+00
1.381602999999999914e+00
1.385517000000000110e+00
1.389431000000000083e+00
1.393345000000000056e+00
1.397259000000000029e+00
1.401173000000000002e+00
1.405086999999999975e+00
1.409000999999999948e+00
1.412914999999999921e+00
1.416827999999999976e+00
1.420741999999999949e+00
1.424655999999999922e+00
1.428569999999999895e+00
1.432484000000000091e+00
1.436398000000000064e+00
1.440312000000000037e+00
1.444226000000000010e+00
1.448139999999999983e+00
1.452053999999999956e+00
1.455967000000000011e+00
1.459880999999999984e+00
1.463794999999999957e+00
1.467708999999999930e+00
1.471622999999999903e+00
1.475537000000000099e+00
1.479451000000000072e+00
1.483365000000000045e+00
1.487279000000000018e+00
1.491192000000000073e+00
1.495106000000000046e+00
1.499020000000000019e+00
1.502933999999999992e+00
1.506847999999999965e+00
1.510761999999999938e+00
1.514675999999999911e+00
1.518590000000000106e+00
1.522504000000000079e+00
1.526416999999999913e+00
1.530331000000000108e+00
1.534245000000000081e+00
1.538159000000000054e+00
1.542073000000000027e+00
1.545987000000000000e+00
1.549900999999999973e+00
1.553814999999999946e+00
1.557728999999999919e+00
1.561641999999999975e+00
1.565555999999999948e+00
1.569469999999999921e+00
1.573383999999999894e+00
1.577298000000000089e+00
1.581212000000000062e+00
1.585126000000000035e+00
1.589040000000000008e+00
1.592953999999999981e+00
1.596867000000000036e+00
1.600781000000000009e+00
1.604694999999999983e+00
1.608608999999999956e+00
1.612522999999999929e+00
1.616436999999999902e+00
1.620351000000000097e+00
1.624265000000000070e+00
1.628179000000000043e+00
1.632092000000000098e+00
1.636006000000000071e+00
1.639920000000000044e+00
1.643834000000000017e+00
1.647747999999999990e+00
1.651661999999999964e+00
1.655575999999999937e+00
1.659489999999999910e+00
1.663404000000000105e+00
1.667318000000000078e+00
1.671230999999999911e+00
1.675145000000000106e+00
1.679059000000000079e+00
1.682973000000000052e+00
1.686887000000000025e+00
1.690800999999999998e+00
1.694714999999999971e+00
1.698628999999999944e+00
1.702542999999999918e+00
1.706455999999999973e+00
1.710369999999999946e+00
1.714283999999999919e+00
1.718197999999999892e+00
1.722112000000000087e+00
1.726026000000000060e+00
1.729940000000000033e+00
1.733854000000000006e+00
1.737767999999999979e+00
1.741681000000000035e+00
1.745595000000000008e+00
1.749508999999999981e+00
1.753422999999999954e+00
1.757336999999999927e+00
1.761250999999999900e+00
1.765165000000000095e+00
1.769079000000000068e+00
1.772993000000000041e+00
1.776906000000000097e+00
1.780820000000000070e+00
1.784734000000000043e+00
1.788648000000000016e+00
1.792561999999999989e+00
1.796475999999999962e+00
1.800389999999999935e+00
1.804303999999999908e+00
1.808218000000000103e+00
1.812130999999999936e+00
1.816044999999999909e+00
1.819959000000000104e+00
1.823873000000000077e+00
1.827787000000000051e+00
1.831701000000000024e+00
1.835614999999999997e+00
1.839528999999999970e+00
1.843442999999999943e+00
1.847355999999999998e+00
1.851269999999999971e+00
1.855183999999999944e+00
1.859097999999999917e+00
1.863011999999999890e+00
1.866926000000000085e+00
1.870840000000000058e+00
1.874754000000000032e+00
1.878668000000000005e+00
1.882581999999999978e+00
1.886495000000000033e+00
1.890409000000000006e+00
1.894322999999999979e+00
1.898236999999999952e+00
1.902150999999999925e+00
1.906064999999999898e+00
1.909979000000000093e+00
1.913893000000000066e+00
1.917807000000000039e+00
1.921720000000000095e+00
1.925634000000000068e+00
1.929548000000000041e+00
1.933462000000000014e+00
1.937375999999999987e+00
1.941289999999999960e+00
1.945203999999999933e+00
1.949117999999999906e+00
1.953032000000000101e+00
1.956944999999999935e+00
1.960858999999999908e+00
1.964773000000000103e+00
1.968687000000000076e+00
1.972601000000000049e+00
1.976515000000000022e+00
1.980428999999999995e+00
1.984342999999999968e+00
1.988256999999999941e+00
1.992169999999999996e+00
1.996083999999999969e+00
1.999997999999999942e+00
2.003912000000000138e+00
2.007826000000000111e+00
2.011740000000000084e+00
2.015654000000000057e+00
2.019568000000000030e+00
2.023482000000000003e+00
2.027394999999999836e+00
2.031308999999999809e+00
2.035222999999999782e+00
2.039137000000000199e+00
2.043051000000000172e+00
2.046965000000000146e+00
2.050879000000000119e+00
2.054793000000000092e+00
2.058707000000000065e+00
2.062619999999999898e+00
2.066533999999999871e+00
2.070447999999999844e+00
2.074361999999999817e+00
2.078275999999999790e+00
2.082190000000000207e+00
2.086104000000000180e+00
2.090018000000000153e+00
2.093932000000000127e+00
2.097844999999999960e+00
2.101758999999999933e+00
2.105672999999999906e+00
2.109586999999999879e+00
2.113500999999999852e+00
2.117414999999999825e+00
2.121328999999999798e+00
2.125243000000000215e+00
2.129157000000000188e+00
2.133071000000000161e+00
2.136983999999999995e+00
2.140897999999999968e+00
2.144811999999999941e+00
2.148725999999999914e+00
2.152639999999999887e+00
2.156553999999999860e+00
2.160467999999999833e+00
2.164381999999999806e+00
2.168295999999999779e+00
2.172209000000000056e+00
2.176123000000000030e+00
2.180037000000000003e+00
2.183950999999999976e+00
2.187864999999999949e+00
2.191778999999999922e+00
2.195692999999999895e+00
2.199606999999999868e+00
2.203520999999999841e+00
2.207434000000000118e+00
2.211348000000000091e+00
2.215262000000000064e+00
2.219176000000000037e+00
2.223090000000000011e+00
2.227003999999999984e+00
2.230917999999999957e+00
2.234831999999999930e+00
2.238745999999999903e+00
2.242659000000000180e+00
2.246573000000000153e+00
2.250487000000000126e+00
2.254401000000000099e+00
2.258315000000000072e+00
2.262229000000000045e+00
2.266143000000000018e+00
2.270056999999999992e+00
2.273970999999999965e+00
2.277883999999999798e+00
2.281798000000000215e+00
2.285712000000000188e+00
2.289626000000000161e+00
2.293540000000000134e+00
2.297454000000000107e+00
2.301368000000000080e+00
2.305282000000000053e+00
2.309196000000000026e+00
2.313108999999999860e+00
2.317022999999999833e+00
2.320936999999999806e+00
2.324850999999999779e+00
2.328765000000000196e+00
2.332679000000000169e+00
2.336593000000000142e+00
2.340507000000000115e+00
2.344421000000000088e+00
2.348335000000000061e+00
2.352247999999999895e+00
2.356161999999999868e+00
2.360075999999999841e+00
2.363989999999999814e+00
2.367903999999999787e+00
2.371818000000000204e+00
2.375732000000000177e+00
2.379646000000000150e+00
2.383560000000000123e+00
2.387472999999999956e+00
2.391386999999999929e+00
2.395300999999999902e+00
2.399214999999999876e+00
2.403128999999999849e+00
2.407042999999999822e+00
2.410956999999999795e+00
2.414871000000000212e+00
2.418785000000000185e+00
2.422698000000000018e+00
2.426611999999999991e+00
2.430525999999999964e+00
2.434439999999999937e+00
2.438353999999999910e+00
2.442267999999999883e+00
2.446181999999999856e+00
2.450095999999999830e+00
2.454009999999999803e+00
2.457923000000000080e+00
2.461837000000000053e+00
2.465751000000000026e+00
2.469664999999999999e+00
2.473578999999999972e+00
2.477492999999999945e+00
2.481406999999999918e+00
2.485320999999999891e+00
2.489234999999999864e+00
2.493148000000000142e+00
2.497062000000000115e+00
2.500976000000000088e+00
2.504890000000000061e+00
2.508804000000000034e+00
2.512718000000000007e+00
2.516631999999999980e+00
2.520545999999999953e+00
2.524459999999999926e+00
2.528373000000000204e+00
2.532287000000000177e+00
2.536201000000000150e+00
2.540115000000000123e+00
2.544029000000000096e+00
2.547943000000000069e+00
2.551857000000000042e+00
2.555771000000000015e+00
2.559684999999999988e+00
2.563598999999999961e+00
2.567511999999999794e+00
2.571426000000000212e+00
2.575340000000000185e+00
2.579254000000000158e+00
2.583168000000000131e+00
2.587082000000000104e+00
2.590996000000000077e+00
2.594910000000000050e+00
2.598824000000000023e+00
2.602736999999999856e+00
2.606650999999999829e+00
2.610564999999999802e+00
2.614479000000000219e+00
2.618393000000000193e+00
2.622307000000000166e+00
2.626221000000000139e+00
2.630135000000000112e+00
2.634049000000000085e+00
2.637961999999999918e+00
2.641875999999999891e+00
2.645789999999999864e+00
2.649703999999999837e+00
2.653617999999999810e+00
2.657531999999999783e+00
2.661446000000000200e+00
2.665360000000000174e+00
2.669274000000000147e+00
2.673186999999999980e+00
2.677100999999999953e+00
2.681014999999999926e+00
2.684928999999999899e+00
2.688842999999999872e+00
2.692756999999999845e+00
2.696670999999999818e+00
2.700584999999999791e+00
2.704499000000000208e+00
2.708412000000000042e+00
2.712326000000000015e+00
2.716239999999999988e+00
2.720153999999999961e+00
2.724067999999999934e+00
2.727981999999999907e+00
2.731895999999999880e+00
2.735809999999999853e+00
2.739723999999999826e+00
2.743637000000000103e+00
2.747551000000000077e+00
2.751465000000000050e+00
2.755379000000000023e+00
2.759292999999999996e+00
2.763206999999999969e+00
2.767120999999999942e+00
2.771034999999999915e+00
2.774948999999999888e+00
2.778862999999999861e+00
2.782776000000000138e+00
2.786690000000000111e+00
2.790604000000000084e+00
2.794518000000000058e+00
2.798432000000000031e+00
2.802346000000000004e+00
2.806259999999999977e+00
2.810173999999999950e+00
2.814087999999999923e+00
2.818001000000000200e+00
2.821915000000000173e+00
2.825829000000000146e+00
2.829743000000000119e+00
2.833657000000000092e+00
2.837571000000000065e+00
2.841485000000000039e+00
2.845399000000000012e+00
2.849312999999999985e+00
2.853225999999999818e+00
2.857139999999999791e+00
2.861054000000000208e+00
2.864968000000000181e+00
2.868882000000000154e+00
2.872796000000000127e+00
2.876710000000000100e+00
2.880624000000000073e+00
2.884538000000000046e+00
2.888450999999999880e+00
2.892364999999999853e+00
2.896278999999999826e+00
2.900192999999999799e+00
2.904107000000000216e+00
2.908021000000000189e+00
2.911935000000000162e+00
2.915849000000000135e+00
2.919763000000000108e+00
2.923675999999999942e+00
2.927589999999999915e+00
2.931503999999999888e+00
2.935417999999999861e+00
2.939331999999999834e+00
2.943245999999999807e+00
2.947159999999999780e+00
2.951074000000000197e+00
2.954988000000000170e+00
2.958901000000000003e+00
2.962814999999999976e+00
2.966728999999999949e+00
2.970642999999999923e+00
2.974556999999999896e+00
2.978470999999999869e+00
2.982384999999999842e+00
2.986298999999999815e+00
2.990212999999999788e+00
2.994127000000000205e+00
2.998040000000000038e+00
3.001954000000000011e+00
3.005867999999999984e+00
3.009781999999999957e+00
3.013695999999999930e+00
3.017609999999999904e+00
3.021523999999999877e+00
3.025437999999999850e+00
3.029351999999999823e+00
3.033265000000000100e+00
3.037179000000000073e+00
3.041093000000000046e+00
3.045007000000000019e+00
3.048920999999999992e+00
3.052834999999999965e+00
3.056748999999999938e+00
3.060662999999999911e+00
3.064576999999999884e+00
3.068490000000000162e+00
3.072404000000000135e+00
3.076318000000000108e+00
3.080232000000000081e+00
3.084146000000000054e+00
3.088060000000000027e+00
3.091974000000000000e+00
3.095887999999999973e+00
3.099801999999999946e+00
3.103714999999999780e+00
3.107629000000000197e+00
3.111543000000000170e+00
3.115457000000000143e+00
3.119371000000000116e+00
3.123285000000000089e+00
3.127199000000000062e+00
3.131113000000000035e+00
3.135027000000000008e+00
3.138939999999999841e+00
3.142853999999999814e+00
3.146767999999999788e+00
3.150682000000000205e+00
3.154596000000000178e+00
3.158510000000000151e+00
3.162424000000000124e+00
3.166338000000000097e+00
3.170252000000000070e+00
3.174164999999999903e+00
3.178078999999999876e+00
3.181992999999999849e+00
3.185906999999999822e+00
3.189820999999999795e+00
3.193735000000000213e+00
3.197649000000000186e+00
3.201563000000000159e+00
3.205477000000000132e+00
3.209391000000000105e+00
3.213303999999999938e+00
3.217217999999999911e+00
3.221131999999999884e+00
3.225045999999999857e+00
3.228959999999999830e+00
3.232873999999999803e+00
3.236788000000000221e+00
3.240702000000000194e+00
3.244616000000000167e+00
3.248529000000000000e+00
3.252442999999999973e+00
3.256356999999999946e+00
3.260270999999999919e+00
3.264184999999999892e+00
3.268098999999999865e+00
3.272012999999999838e+00
3.275926999999999811e+00
3.279840999999999784e+00
3.283754000000000062e+00
3.287668000000000035e+00
3.291582000000000008e+00
3.295495999999999981e+00
3.299409999999999954e+00
3.303323999999999927e+00
3.307237999999999900e+00
3.311151999999999873e+00
3.315065999999999846e+00
3.318979000000000124e+00
3.322893000000000097e+00
3.326807000000000070e+00
3.330721000000000043e+00
3.334635000000000016e+00
3.338548999999999989e+00
3.342462999999999962e+00
3.346376999999999935e+00
3.350290999999999908e+00
3.354204000000000185e+00
3.358118000000000158e+00
3.362032000000000131e+00
3.365946000000000105e+00
3.369860000000000078e+00
3.373774000000000051e+00
3.377688000000000024e+00
3.381601999999999997e+00
3.385515999999999970e+00
3.389428999999999803e+00
3.393343000000000220e+00
3.397257000000000193e+00
3.401171000000000166e+00
3.405085000000000139e+00
3.408999000000000112e+00
3.412913000000000086e+00
3.416827000000000059e+00
3.420741000000000032e+00
3.424653999999999865e+00
3.428567999999999838e+00
3.432481999999999811e+00
3.436395999999999784e+00
3.440310000000000201e+00
3.444224000000000174e+00
3.448138000000000147e+00
3.452052000000000120e+00
3.455966000000000093e+00
3.459880000000000067e+00
3.463792999999999900e+00
3.467706999999999873e+00
3.471620999999999846e+00
3.475534999999999819e+00
3.479448999999999792e+00
3.483363000000000209e+00
3.487277000000000182e+00
3.491191000000000155e+00
3.495105000000000128e+00
3.499017999999999962e+00
3.502931999999999935e+00
3.506845999999999908e+00
3.510759999999999881e+00
3.514673999999999854e+00
3.518587999999999827e+00
3.522501999999999800e+00
3.526416000000000217e+00
3.530330000000000190e+00
3.534243000000000023e+00
3.538156999999999996e+00
3.542070999999999970e+00
3.545984999999999943e+00
3.549898999999999916e+00
3.553812999999999889e+00
3.557726999999999862e+00
3.561640999999999835e+00
3.565554999999999808e+00
3.569468000000000085e+00
3.573382000000000058e+00
3.577296000000000031e+00
3.581210000000000004e+00
3.585123999999999977e+00
3.589037999999999951e+00
3.592951999999999924e+00
3.596865999999999897e+00
3.600779999999999870e+00
3.604693000000000147e+00
3.608607000000000120e+00
3.612521000000000093e+00
3.616435000000000066e+00
3.620349000000000039e+00
3.624263000000000012e+00
3.628176999999999985e+00
3.632090999999999958e+00
3.636004999999999932e+00
3.639918000000000209e+00
3.643832000000000182e+00
3.647746000000000155e+00
3.651660000000000128e+00
3.655574000000000101e+00
3.659488000000000074e+00
3.663402000000000047e+00
3.667316000000000020e+00
3.671229999999999993e+00
3.675143999999999966e+00
3.679056999999999800e+00
3.682971000000000217e+00
3.686885000000000190e+00
3.690799000000000163e+00
3.694713000000000136e+00
3.698627000000000109e+00
3.702541000000000082e+00
3.706455000000000055e+00
3.710369000000000028e+00
3.714281999999999861e+00
3.718195999999999835e+00
3.722109999999999808e+00
3.726023999999999781e+00
3.729938000000000198e+00
3.733852000000000171e+00
3.737766000000000144e+00
3.741680000000000117e+00
3.745594000000000090e+00
3.749506999999999923e+00
3.753420999999999896e+00
3.757334999999999869e+00
3.761248999999999842e+00
3.765162999999999816e+00
3.769076999999999789e+00
3.772991000000000206e+00
3.776905000000000179e+00
3.780819000000000152e+00
3.784731999999999985e+00
3.788645999999999958e+00
3.792559999999999931e+00
3.796473999999999904e+00
3.800387999999999877e+00
3.804301999999999850e+00
3.808215999999999823e+00
3.812129999999999797e+00
3.816044000000000214e+00
3.819957000000000047e+00
3.823871000000000020e+00
3.827784999999999993e+00
3.831698999999999966e+00
3.835612999999999939e+00
3.839526999999999912e+00
3.843440999999999885e+00
3.847354999999999858e+00
3.851268999999999831e+00
3.855182000000000109e+00
3.859096000000000082e+00
3.863010000000000055e+00
3.866924000000000028e+00
3.870838000000000001e+00
3.874751999999999974e+00
3.878665999999999947e+00
3.882579999999999920e+00
3.886493999999999893e+00
3.890407999999999866e+00
3.894321000000000144e+00
3.898235000000000117e+00
3.902149000000000090e+00
3.906063000000000063e+00
3.909977000000000036e+00
