0.000000000000000000e+00
5.191117999999999774e-03
1.038223999999999918e-02
1.557335999999999963e-02
2.076447000000000015e-02
2.595559000000000061e-02
3.114671000000000106e-02
3.633783000000000152e-02
4.152895000000000197e-02
4.672007000000000243e-02
5.191118000000000121e-02
5.710230000000000167e-02
6.229342000000000212e-02
6.748453999999999564e-02
7.267566000000000304e-02
7.786677999999999655e-02
8.305788999999999533e-02
8.824901000000000273e-02
9.344012999999999625e-02
9.863125000000000364e-02
1.038223999999999952e-01
1.090134999999999993e-01
1.142046000000000033e-01
1.193956999999999935e-01
1.245867999999999975e-01
1.297780000000000045e-01
1.349691000000000085e-01
1.401602000000000126e-01
1.453512999999999888e-01
1.505423999999999929e-01
1.557335999999999998e-01
1.609247000000000039e-01
1.661158000000000079e-01
1.713069000000000119e-01
1.764979999999999882e-01
1.816890999999999923e-01
1.868802999999999992e-01
1.920714000000000032e-01
1.972625000000000073e-01
2.024536000000000113e-01
2.076446999999999876e-01
2.128358999999999945e-01
2.180269999999999986e-01
2.232181000000000026e-01
2.284092000000000067e-01
2.336003000000000107e-01
2.387913999999999870e-01
2.439825999999999939e-01
2.491736999999999980e-01
2.543648000000000020e-01
2.595559000000000061e-01
2.647470000000000101e-01
2.699382000000000170e-01
2.751293000000000211e-01
2.803204000000000251e-01
2.855114999999999736e-01
2.907025999999999777e-01
2.958936999999999817e-01
3.010848999999999887e-01
3.062759999999999927e-01
3.114670999999999967e-01
3.166582000000000008e-01
3.218493000000000048e-01
3.270405000000000117e-01
3.322316000000000158e-01
3.374227000000000198e-01
3.426138000000000239e-01
3.478048999999999724e-01
3.529960999999999793e-01
3.581871999999999834e-01
3.633782999999999874e-01
3.685693999999999915e-01
3.737604999999999955e-01
3.789515999999999996e-01
3.841428000000000065e-01
3.893339000000000105e-01
3.945250000000000146e-01
3.997161000000000186e-01
4.049072000000000227e-01
4.100983999999999741e-01
4.152894999999999781e-01
4.204805999999999822e-01
4.256716999999999862e-01
4.308627999999999902e-01
4.360538999999999943e-01
4.412451000000000012e-01
4.464362000000000053e-01
4.516273000000000093e-01
4.568184000000000133e-01
4.620095000000000174e-01
4.672007000000000243e-01
4.723917999999999728e-01
4.775828999999999769e-01
4.827739999999999809e-01
4.879650999999999850e-01
4.931561999999999890e-01
4.983473999999999959e-01
5.035385000000000000e-01
5.087296000000000040e-01
5.139207000000000081e-01
5.191118000000000121e-01
5.243029999999999635e-01
5.294940999999999676e-01
5.346851999999999716e-01
5.398762999999999757e-01
5.450673999999999797e-01
5.502586000000000421e-01
5.554497000000000462e-01
5.606408000000000502e-01
5.658319000000000543e-01
5.710229999999999473e-01
5.762140999999999513e-01
5.814053000000000138e-01
5.865964000000000178e-01
5.917875000000000218e-01
5.969786000000000259e-01
6.021697000000000299e-01
6.073608999999999813e-01
6.125519999999999854e-01
6.177430999999999894e-01
6.229341999999999935e-01
6.281252999999999975e-01
6.333164000000000016e-01
6.385075999999999530e-01
6.436986999999999570e-01
6.488897999999999611e-01
6.540808999999999651e-01
6.592719999999999692e-01
6.644632000000000316e-01
6.696543000000000356e-01
6.748454000000000397e-01
6.800365000000000437e-01
6.852276000000000478e-01
6.904187000000000518e-01
6.956099000000000032e-01
7.008010000000000073e-01
7.059921000000000113e-01
7.111832000000000154e-01
7.163743000000000194e-01
7.215654999999999708e-01
7.267565999999999748e-01
7.319476999999999789e-01
7.371387999999999829e-01
7.423298999999999870e-01
7.475211000000000494e-01
7.527122000000000535e-01
7.579032999999999465e-01
7.630943999999999505e-01
7.682854999999999546e-01
7.734765999999999586e-01
7.786678000000000210e-01
7.838589000000000251e-01
7.890500000000000291e-01
7.942411000000000332e-01
7.994322000000000372e-01
8.046233999999999886e-01
8.098144999999999927e-01
8.150055999999999967e-01
8.201967000000000008e-01
8.253878000000000048e-01
8.305789000000000089e-01
8.357700999999999603e-01
8.409611999999999643e-01
8.461522999999999683e-01
8.513433999999999724e-01
8.565344999999999764e-01
8.617257000000000389e-01
8.669168000000000429e-01
8.721079000000000470e-01
8.772990000000000510e-01
8.824901000000000550e-01
8.876811999999999481e-01
8.928724000000000105e-01
8.980635000000000145e-01
9.032546000000000186e-01
9.084457000000000226e-01
9.136368000000000267e-01
9.188279999999999781e-01
9.240190999999999821e-01
9.292101999999999862e-01
9.344012999999999902e-01
9.395923999999999943e-01
9.447834999999999983e-01
9.499746999999999497e-01
9.551657999999999538e-01
9.603568999999999578e-01
9.655479999999999619e-01
9.707390999999999659e-01
9.759303000000000283e-01
9.811214000000000324e-01
9.863125000000000364e-01
9.915036000000000405e-01
9.966947000000000445e-01
1.001886000000000054e+00
1.007077000000000000e+00
1.012267999999999946e+00
1.017458999999999891e+00
1.022650000000000059e+00
1.027841000000000005e+00
1.033033000000000090e+00
1.038224000000000036e+00
1.043414999999999981e+00
1.048605999999999927e+00
1.053797000000000095e+00
1.058988000000000040e+00
1.064178999999999986e+00
1.069369999999999932e+00
1.074562000000000017e+00
1.079752999999999963e+00
1.084943999999999908e+00
1.090135000000000076e+00
1.095326000000000022e+00
1.100516999999999967e+00
1.105707999999999913e+00
1.110899000000000081e+00
1.116090000000000027e+00
1.121281999999999890e+00
1.126473000000000058e+00
1.131664000000000003e+00
1.136854999999999949e+00
1.142045999999999895e+00
1.147237000000000062e+00
1.152428000000000008e+00
1.157618999999999954e+00
1.162811000000000039e+00
1.168001999999999985e+00
1.173192999999999930e+00
1.178384000000000098e+00
1.183575000000000044e+00
1.188765999999999989e+00
1.193956999999999935e+00
1.199148000000000103e+00
1.204339000000000048e+00
1.209530999999999912e+00
1.214722000000000079e+00
1.219913000000000025e+00
1.225103999999999971e+00
1.230294999999999916e+00
1.235486000000000084e+00
1.240677000000000030e+00
1.245867999999999975e+00
1.251060000000000061e+00
1.256251000000000007e+00
1.261441999999999952e+00
1.266632999999999898e+00
1.271824000000000066e+00
1.277015000000000011e+00
1.282205999999999957e+00
1.287396999999999903e+00
1.292588000000000070e+00
1.297779999999999934e+00
1.302971000000000101e+00
1.308162000000000047e+00
1.313352999999999993e+00
1.318543999999999938e+00
1.323735000000000106e+00
1.328926000000000052e+00
1.334116999999999997e+00
1.339309000000000083e+00
1.344500000000000028e+00
1.349690999999999974e+00
1.354881999999999920e+00
1.360073000000000087e+00
1.365264000000000033e+00
1.370454999999999979e+00
1.375645999999999924e+00
1.380837000000000092e+00
1.386028999999999956e+00
1.391219999999999901e+00
1.396411000000000069e+00
1.401602000000000015e+00
1.406792999999999960e+00
1.411983999999999906e+00
1.417175000000000074e+00
1.422366000000000019e+00
1.427558000000000105e+00
1.432749000000000050e+00
1.437939999999999996e+00
1.443130999999999942e+00
1.448322000000000109e+00
1.453513000000000055e+00
1.458704000000000001e+00
1.463894999999999946e+00
1.469087000000000032e+00
1.474277999999999977e+00
1.479468999999999923e+00
1.484660000000000091e+00
1.489851000000000036e+00
1.495041999999999982e+00
1.500232999999999928e+00
1.505424000000000095e+00
1.510615000000000041e+00
1.515806999999999904e+00
1.520998000000000072e+00
1.526189000000000018e+00
1.531379999999999963e+00
1.536570999999999909e+00
1.541762000000000077e+00
1.546953000000000022e+00
1.552143999999999968e+00
1.557336000000000054e+00
1.562526999999999999e+00
1.567717999999999945e+00
1.572908999999999891e+00
1.578100000000000058e+00
1.583291000000000004e+00
1.588481999999999950e+00
1.593672999999999895e+00
1.598864000000000063e+00
1.604055999999999926e+00
1.609247000000000094e+00
1.614438000000000040e+00
1.619628999999999985e+00
1.624819999999999931e+00
1.630011000000000099e+00
1.635202000000000044e+00
1.640392999999999990e+00
1.645585000000000075e+00
1.650776000000000021e+00
1.655966999999999967e+00
1.661157999999999912e+00
1.666349000000000080e+00
1.671540000000000026e+00
1.676730999999999971e+00
1.681921999999999917e+00
1.687113000000000085e+00
1.692304999999999948e+00
1.697495999999999894e+00
1.702687000000000062e+00
1.707878000000000007e+00
1.713068999999999953e+00
1.718259999999999899e+00
1.723451000000000066e+00
1.728642000000000012e+00
1.733834000000000097e+00
1.739025000000000043e+00
1.744215999999999989e+00
1.749406999999999934e+00
1.754598000000000102e+00
1.759789000000000048e+00
1.764979999999999993e+00
1.770170999999999939e+00
1.775362000000000107e+00
1.780553999999999970e+00
1.785744999999999916e+00
1.790936000000000083e+00
1.796127000000000029e+00
1.801317999999999975e+00
1.806508999999999920e+00
1.811700000000000088e+00
1.816891000000000034e+00
1.822082999999999897e+00
1.827274000000000065e+00
1.832465000000000011e+00
1.837655999999999956e+00
1.842846999999999902e+00
1.848038000000000070e+00
1.853229000000000015e+00
1.858419999999999961e+00
1.863612000000000046e+00
1.868802999999999992e+00
1.873993999999999938e+00
1.879185000000000105e+00
1.884376000000000051e+00
1.889566999999999997e+00
1.894757999999999942e+00
1.899949000000000110e+00
1.905140000000000056e+00
1.910331999999999919e+00
1.915523000000000087e+00
1.920714000000000032e+00
1.925904999999999978e+00
1.931095999999999924e+00
1.936287000000000091e+00
1.941478000000000037e+00
1.946668999999999983e+00
1.951861000000000068e+00
1.957052000000000014e+00
1.962242999999999959e+00
1.967433999999999905e+00
1.972625000000000073e+00
1.977816000000000018e+00
1.983006999999999964e+00
1.988197999999999910e+00
1.993389000000000078e+00
1.998580999999999941e+00
2.003772000000000109e+00
2.008963000000000054e+00
2.014154000000000000e+00
2.019344999999999946e+00
2.024535999999999891e+00
2.029726999999999837e+00
2.034917999999999783e+00
2.040109999999999868e+00
2.045300999999999814e+00
2.050492000000000203e+00
2.055683000000000149e+00
2.060874000000000095e+00
2.066065000000000040e+00
2.071255999999999986e+00
2.076446999999999932e+00
2.081637999999999877e+00
2.086829999999999963e+00
2.092020999999999908e+00
2.097211999999999854e+00
2.102402999999999800e+00
2.107594000000000189e+00
2.112785000000000135e+00
2.117976000000000081e+00
2.123167000000000026e+00
2.128359000000000112e+00
2.133550000000000058e+00
2.138741000000000003e+00
2.143931999999999949e+00
2.149122999999999895e+00
2.154313999999999840e+00
2.159504999999999786e+00
2.164696000000000176e+00
2.169887000000000121e+00
2.175079000000000207e+00
2.180270000000000152e+00
2.185461000000000098e+00
2.190652000000000044e+00
2.195842999999999989e+00
2.201033999999999935e+00
2.206224999999999881e+00
2.211415999999999826e+00
2.216607999999999912e+00
2.221798999999999857e+00
2.226989999999999803e+00
2.232181000000000193e+00
2.237372000000000138e+00
2.242563000000000084e+00
2.247754000000000030e+00
2.252944999999999975e+00
2.258137000000000061e+00
2.263328000000000007e+00
2.268518999999999952e+00
2.273709999999999898e+00
2.278900999999999843e+00
2.284091999999999789e+00
2.289283000000000179e+00
2.294474000000000125e+00
2.299665000000000070e+00
2.304857000000000156e+00
2.310048000000000101e+00
2.315239000000000047e+00
2.320429999999999993e+00
2.325620999999999938e+00
2.330811999999999884e+00
2.336002999999999830e+00
2.341194000000000219e+00
2.346385999999999861e+00
2.351576999999999806e+00
2.356768000000000196e+00
2.361959000000000142e+00
2.367150000000000087e+00
2.372341000000000033e+00
2.377531999999999979e+00
2.382722999999999924e+00
2.387913999999999870e+00
2.393105999999999955e+00
2.398296999999999901e+00
2.403487999999999847e+00
2.408678999999999792e+00
2.413870000000000182e+00
2.419061000000000128e+00
2.424252000000000073e+00
2.429443000000000019e+00
2.434635000000000105e+00
2.439826000000000050e+00
2.445016999999999996e+00
2.450207999999999942e+00
2.455398999999999887e+00
2.460589999999999833e+00
2.465780999999999779e+00
2.470972000000000168e+00
2.476163000000000114e+00
2.481355000000000199e+00
2.486546000000000145e+00
2.491737000000000091e+00
2.496928000000000036e+00
2.502118999999999982e+00
2.507309999999999928e+00
2.512500999999999873e+00
2.517691999999999819e+00
2.522883999999999904e+00
2.528074999999999850e+00
2.533265999999999796e+00
2.538457000000000185e+00
2.543648000000000131e+00
2.548839000000000077e+00
2.554030000000000022e+00
2.559220999999999968e+00
2.564411999999999914e+00
2.569603999999999999e+00
2.574794999999999945e+00
2.579985999999999891e+00
2.585176999999999836e+00
2.590367999999999782e+00
2.595559000000000172e+00
2.600750000000000117e+00
2.605941000000000063e+00
2.611133000000000148e+00
2.616324000000000094e+00
2.621515000000000040e+00
2.626705999999999985e+00
2.631896999999999931e+00
2.637087999999999877e+00
2.642278999999999822e+00
2.647470000000000212e+00
2.652661999999999853e+00
2.657852999999999799e+00
2.663044000000000189e+00
2.668235000000000134e+00
2.673426000000000080e+00
2.678617000000000026e+00
2.683807999999999971e+00
2.688998999999999917e+00
2.694189999999999863e+00
2.699381999999999948e+00
2.704572999999999894e+00
2.709763999999999839e+00
2.714954999999999785e+00
2.720146000000000175e+00
2.725337000000000121e+00
2.730528000000000066e+00
2.735719000000000012e+00
2.740911000000000097e+00
2.746102000000000043e+00
2.751292999999999989e+00
2.756483999999999934e+00
2.761674999999999880e+00
2.766865999999999826e+00
2.772057000000000215e+00
2.777248000000000161e+00
2.782439000000000107e+00
2.787631000000000192e+00
2.792822000000000138e+00
2.798013000000000083e+00
2.803204000000000029e+00
2.808394999999999975e+00
2.813585999999999920e+00
2.818776999999999866e+00
2.823967999999999812e+00
2.829159999999999897e+00
2.834350999999999843e+00
2.839541999999999788e+00
2.844733000000000178e+00
2.849924000000000124e+00
2.855115000000000069e+00
2.860306000000000015e+00
2.865496999999999961e+00
2.870687999999999906e+00
2.875879999999999992e+00
2.881070999999999938e+00
2.886261999999999883e+00
2.891452999999999829e+00
2.896644000000000219e+00
2.901835000000000164e+00
2.907026000000000110e+00
2.912217000000000056e+00
2.917409000000000141e+00
2.922600000000000087e+00
2.927791000000000032e+00
2.932981999999999978e+00
2.938172999999999924e+00
2.943363999999999869e+00
2.948554999999999815e+00
2.953746000000000205e+00
2.958937000000000150e+00
2.964128999999999792e+00
2.969320000000000181e+00
2.974511000000000127e+00
2.979702000000000073e+00
2.984893000000000018e+00
2.990083999999999964e+00
2.995274999999999910e+00
3.000465999999999855e+00
3.005657999999999941e+00
3.010848999999999887e+00
3.016039999999999832e+00
3.021231000000000222e+00
3.026422000000000168e+00
3.031613000000000113e+00
3.036804000000000059e+00
3.041995000000000005e+00
3.047187000000000090e+00
3.052378000000000036e+00
3.057568999999999981e+00
3.062759999999999927e+00
3.067950999999999873e+00
3.073141999999999818e+00
3.078333000000000208e+00
3.083524000000000154e+00
3.088715000000000099e+00
3.093907000000000185e+00
3.099098000000000130e+00
3.104289000000000076e+00
3.109480000000000022e+00
3.114670999999999967e+00
3.119861999999999913e+00
3.125052999999999859e+00
3.130243999999999804e+00
3.135435999999999890e+00
3.140626999999999835e+00
3.145817999999999781e+00
3.151009000000000171e+00
3.156200000000000117e+00
3.161391000000000062e+00
3.166582000000000008e+00
3.171772999999999954e+00
3.176963999999999899e+00
3.182155999999999985e+00
3.187346999999999930e+00
3.192537999999999876e+00
3.197728999999999822e+00
3.202920000000000211e+00
3.208111000000000157e+00
3.213302000000000103e+00
3.218493000000000048e+00
3.223685000000000134e+00
3.228876000000000079e+00
3.234067000000000025e+00
3.239257999999999971e+00
3.244448999999999916e+00
3.249639999999999862e+00
3.254830999999999808e+00
3.260022000000000197e+00
3.265213000000000143e+00
3.270404999999999784e+00
3.275596000000000174e+00
3.280787000000000120e+00
3.285978000000000065e+00
3.291169000000000011e+00
3.296359999999999957e+00
3.301550999999999902e+00
3.306741999999999848e+00
3.311933999999999934e+00
3.317124999999999879e+00
3.322315999999999825e+00
3.327507000000000215e+00
3.332698000000000160e+00
3.337889000000000106e+00
3.343080000000000052e+00
3.348270999999999997e+00
3.353461999999999943e+00
3.358654000000000028e+00
3.363844999999999974e+00
3.369035999999999920e+00
3.374226999999999865e+00
3.379417999999999811e+00
3.384609000000000201e+00
3.389800000000000146e+00
3.394991000000000092e+00
3.400183000000000177e+00
3.405374000000000123e+00
3.410565000000000069e+00
3.415756000000000014e+00
3.420946999999999960e+00
3.426137999999999906e+00
3.431328999999999851e+00
3.436519999999999797e+00
3.441711999999999883e+00
3.446902999999999828e+00
3.452094000000000218e+00
3.457285000000000164e+00
3.462476000000000109e+00
3.467667000000000055e+00
3.472858000000000001e+00
3.478048999999999946e+00
3.483239999999999892e+00
3.488431999999999977e+00
3.493622999999999923e+00
3.498813999999999869e+00
3.504004999999999814e+00
3.509196000000000204e+00
3.514387000000000150e+00
3.519578000000000095e+00
3.524769000000000041e+00
3.529961000000000126e+00
3.535152000000000072e+00
3.540343000000000018e+00
3.545533999999999963e+00
3.550724999999999909e+00
3.555915999999999855e+00
3.561106999999999800e+00
3.566298000000000190e+00
3.571489000000000136e+00
3.576681000000000221e+00
3.581872000000000167e+00
3.587063000000000113e+00
3.592254000000000058e+00
3.597445000000000004e+00
3.602635999999999949e+00
3.607826999999999895e+00
3.613017999999999841e+00
3.618209999999999926e+00
3.623400999999999872e+00
3.628591999999999818e+00
3.633783000000000207e+00
3.638974000000000153e+00
3.644165000000000099e+00
3.649356000000000044e+00
3.654546999999999990e+00
3.659737999999999936e+00
3.664930000000000021e+00
3.670120999999999967e+00
3.675311999999999912e+00
3.680502999999999858e+00
3.685693999999999804e+00
3.690885000000000193e+00
3.696076000000000139e+00
3.701267000000000085e+00
3.706459000000000170e+00
3.711650000000000116e+00
3.716841000000000061e+00
3.722032000000000007e+00
3.727222999999999953e+00
3.732413999999999898e+00
3.737604999999999844e+00
3.742795999999999790e+00
3.747987000000000180e+00
3.753178999999999821e+00
3.758370000000000211e+00
3.763561000000000156e+00
3.768752000000000102e+00
3.773943000000000048e+00
3.779133999999999993e+00
3.784324999999999939e+00
3.789515999999999885e+00
3.794707999999999970e+00
3.799898999999999916e+00
3.805089999999999861e+00
3.810280999999999807e+00
3.815472000000000197e+00
3.820663000000000142e+00
3.825854000000000088e+00
3.831045000000000034e+00
3.836237000000000119e+00
3.841428000000000065e+00
3.846619000000000010e+00
3.851809999999999956e+00
3.857000999999999902e+00
3.862191999999999847e+00
3.867382999999999793e+00
3.872574000000000183e+00
3.877765000000000128e+00
3.882957000000000214e+00
3.888148000000000160e+00
3.893339000000000105e+00
3.898530000000000051e+00
3.903720999999999997e+00
3.908911999999999942e+00
3.914102999999999888e+00
3.919293999999999834e+00
3.924485999999999919e+00
3.929676999999999865e+00
3.934867999999999810e+00
3.940059000000000200e+00
3.945250000000000146e+00
3.950441000000000091e+00
3.955632000000000037e+00
3.960822999999999983e+00
3.966013999999999928e+00
3.971206000000000014e+00
3.976396999999999959e+00
3.981587999999999905e+00
3.986778999999999851e+00
3.991969999999999796e+00
3.997161000000000186e+00
4.002352000000000132e+00
4.007543000000000077e+00
4.012735000000000163e+00
4.017926000000000109e+00
4.023117000000000054e+00
4.028308000000000000e+00
4.033498999999999945e+00
4.038689999999999891e+00
4.043880999999999837e+00
4.049071999999999782e+00
4.054262999999999728e+00
4.059454999999999814e+00
4.064645999999999759e+00
4.069836999999999705e+00
4.075027999999999651e+00
4.080218999999999596e+00
4.085410000000000430e+00
4.090601000000000376e+00
4.095792000000000321e+00
4.100984000000000407e+00
4.106175000000000352e+00
4.111366000000000298e+00
4.116557000000000244e+00
4.121748000000000189e+00
4.126939000000000135e+00
4.132130000000000081e+00
4.137321000000000026e+00
4.142511999999999972e+00
4.147704000000000057e+00
4.152895000000000003e+00
4.158085999999999949e+00
4.163276999999999894e+00
4.168467999999999840e+00
4.173658999999999786e+00
4.178849999999999731e+00
4.184040999999999677e+00
4.189232999999999763e+00
4.194423999999999708e+00
4.199614999999999654e+00
4.204805999999999599e+00
4.209997000000000433e+00
4.215188000000000379e+00
4.220379000000000325e+00
4.225570000000000270e+00
4.230761000000000216e+00
4.235953000000000301e+00
4.241144000000000247e+00
4.246335000000000193e+00
4.251526000000000138e+00
4.256717000000000084e+00
4.261908000000000030e+00
4.267098999999999975e+00
4.272289999999999921e+00
4.277482000000000006e+00
4.282672999999999952e+00
4.287863999999999898e+00
4.293054999999999843e+00
4.298245999999999789e+00
4.303436999999999735e+00
4.308627999999999680e+00
4.313818999999999626e+00
4.319010999999999711e+00
4.324201999999999657e+00
4.329392999999999603e+00
4.334584000000000437e+00
4.339775000000000382e+00
4.344966000000000328e+00
4.350157000000000274e+00
4.355348000000000219e+00
4.360539000000000165e+00
4.365731000000000250e+00
4.370922000000000196e+00
4.376113000000000142e+00
4.381304000000000087e+00
4.386495000000000033e+00
4.391685999999999979e+00
4.396876999999999924e+00
4.402067999999999870e+00
4.407259999999999955e+00
4.412450999999999901e+00
4.417641999999999847e+00
4.422832999999999792e+00
4.428023999999999738e+00
4.433214999999999684e+00
4.438405999999999629e+00
4.443596999999999575e+00
4.448788000000000409e+00
4.453979999999999606e+00
4.459171000000000440e+00
4.464362000000000386e+00
4.469553000000000331e+00
4.474744000000000277e+00
4.479935000000000223e+00
4.485126000000000168e+00
4.490317000000000114e+00
4.495509000000000199e+00
4.500700000000000145e+00
4.505891000000000091e+00
4.511082000000000036e+00
4.516272999999999982e+00
4.521463999999999928e+00
4.526654999999999873e+00
4.531845999999999819e+00
4.537036999999999765e+00
4.542228999999999850e+00
4.547419999999999796e+00
4.552610999999999741e+00
4.557801999999999687e+00
4.562992999999999633e+00
4.568183999999999578e+00
4.573375000000000412e+00
4.578566000000000358e+00
4.583758000000000443e+00
4.588949000000000389e+00
4.594140000000000335e+00
4.599331000000000280e+00
4.604522000000000226e+00
4.609713000000000171e+00
4.614904000000000117e+00
4.620095000000000063e+00
4.625286000000000008e+00
4.630478000000000094e+00
4.635669000000000040e+00
4.640859999999999985e+00
4.646050999999999931e+00
4.651241999999999877e+00
4.656432999999999822e+00
4.661623999999999768e+00
4.666814999999999714e+00
4.672006999999999799e+00
4.677197999999999745e+00
4.682388999999999690e+00
4.687579999999999636e+00
4.692770999999999582e+00
4.697962000000000415e+00
4.703153000000000361e+00
4.708344000000000307e+00
4.713536000000000392e+00
4.718727000000000338e+00
4.723918000000000283e+00
4.729109000000000229e+00
4.734300000000000175e+00
4.739491000000000120e+00
4.744682000000000066e+00
4.749873000000000012e+00
4.755063999999999957e+00
4.760256000000000043e+00
4.765446999999999989e+00
4.770637999999999934e+00
4.775828999999999880e+00
4.781019999999999825e+00
4.786210999999999771e+00
4.791401999999999717e+00
4.796592999999999662e+00
4.801784999999999748e+00
4.806975999999999694e+00
4.812166999999999639e+00
4.817357999999999585e+00
4.822549000000000419e+00
4.827740000000000364e+00
4.832931000000000310e+00
4.838122000000000256e+00
4.843313000000000201e+00
4.848505000000000287e+00
4.853696000000000232e+00
4.858887000000000178e+00
4.864078000000000124e+00
4.869269000000000069e+00
4.874460000000000015e+00
4.879650999999999961e+00
4.884841999999999906e+00
4.890033999999999992e+00
4.895224999999999937e+00
4.900415999999999883e+00
4.905606999999999829e+00
4.910797999999999774e+00
4.915988999999999720e+00
4.921179999999999666e+00
4.926370999999999611e+00
4.931561999999999557e+00
4.936753999999999643e+00
4.941944999999999588e+00
4.947136000000000422e+00
4.952327000000000368e+00
4.957518000000000313e+00
4.962709000000000259e+00
4.967900000000000205e+00
4.973091000000000150e+00
4.978283000000000236e+00
4.983474000000000181e+00
4.988665000000000127e+00
4.993856000000000073e+00
4.999047000000000018e+00
5.004237999999999964e+00
5.009428999999999910e+00
5.014619999999999855e+00
5.019810999999999801e+00
5.025002999999999886e+00
5.030193999999999832e+00
5.035384999999999778e+00
5.040575999999999723e+00
5.045766999999999669e+00
5.050957999999999615e+00
5.056148999999999560e+00
5.061340000000000394e+00
5.066531999999999591e+00
5.071723000000000425e+00
5.076914000000000371e+00
5.082105000000000317e+00
5.087296000000000262e+00
5.092487000000000208e+00
5.097678000000000154e+00
5.102869000000000099e+00
5.108061000000000185e+00
5.113252000000000130e+00
5.118443000000000076e+00
5.123634000000000022e+00
5.128824999999999967e+00
5.134015999999999913e+00
5.139206999999999859e+00
5.144397999999999804e+00
5.149588999999999750e+00
5.154780999999999835e+00
5.159971999999999781e+00
5.165162999999999727e+00
5.170353999999999672e+00
5.175544999999999618e+00
5.180735999999999564e+00
5.185927000000000398e+00
