0.000000000000000000e+00
5.632489000000000072e-03
1.126498000000000083e-02
1.689747000000000124e-02
2.252996000000000165e-02
2.816244999999999860e-02
3.379494000000000248e-02
3.942742999999999942e-02
4.505992000000000330e-02
5.069241000000000025e-02
5.632489000000000245e-02
6.195737999999999940e-02
6.758986999999999634e-02
7.322236000000000022e-02
7.885485000000000411e-02
8.448733999999999411e-02
9.011982999999999799e-02
9.575232000000000188e-02
1.013847999999999971e-01
1.070172999999999958e-01
1.126497999999999944e-01
1.182823000000000069e-01
1.239148000000000055e-01
1.295473000000000041e-01
1.351797000000000137e-01
1.408121999999999985e-01
1.464447000000000110e-01
1.520771999999999957e-01
1.577097000000000082e-01
1.633421999999999930e-01
1.689747000000000055e-01
1.746071999999999902e-01
1.802397000000000027e-01
1.858721999999999874e-01
1.915045999999999971e-01
1.971371000000000095e-01
2.027695999999999943e-01
2.084021000000000068e-01
2.140345999999999915e-01
2.196671000000000040e-01
2.252995999999999888e-01
2.309321000000000013e-01
2.365646000000000138e-01
2.421969999999999956e-01
2.478295000000000081e-01
2.534620000000000206e-01
2.590945000000000054e-01
2.647269999999999901e-01
2.703594999999999748e-01
2.759920000000000151e-01
2.816244999999999998e-01
2.872569999999999846e-01
2.928895000000000248e-01
2.985219000000000067e-01
3.041543999999999914e-01
3.097868999999999762e-01
3.154194000000000164e-01
3.210519000000000012e-01
3.266843999999999859e-01
3.323169000000000262e-01
3.379494000000000109e-01
3.435818999999999956e-01
3.492142999999999775e-01
3.548468000000000178e-01
3.604793000000000025e-01
3.661117999999999872e-01
3.717443000000000275e-01
3.773768000000000122e-01
3.830092999999999970e-01
3.886417999999999817e-01
3.942743000000000220e-01
3.999068000000000067e-01
4.055391999999999886e-01
4.111716999999999733e-01
4.168042000000000136e-01
4.224366999999999983e-01
4.280691999999999831e-01
4.337017000000000233e-01
4.393342000000000080e-01
4.449666999999999928e-01
4.505991999999999775e-01
4.562316000000000149e-01
4.618640999999999996e-01
4.674965999999999844e-01
4.731291000000000246e-01
4.787616000000000094e-01
4.843940999999999941e-01
4.900265999999999789e-01
4.956591000000000191e-01
5.012915999999999483e-01
5.069240999999999886e-01
5.125564999999999705e-01
5.181890000000000107e-01
5.238215000000000510e-01
5.294539999999999802e-01
5.350865000000000204e-01
5.407189999999999497e-01
5.463514999999999899e-01
5.519840000000000302e-01
5.576164999999999594e-01
5.632489000000000523e-01
5.688813999999999815e-01
5.745139000000000218e-01
5.801463999999999510e-01
5.857788999999999913e-01
5.914114000000000315e-01
5.970438999999999607e-01
6.026764000000000010e-01
6.083089000000000413e-01
6.139413000000000231e-01
6.195737999999999523e-01
6.252062999999999926e-01
6.308388000000000329e-01
6.364712999999999621e-01
6.421038000000000023e-01
6.477363000000000426e-01
6.533687999999999718e-01
6.590013000000000121e-01
6.646338000000000523e-01
6.702662000000000342e-01
6.758986999999999634e-01
6.815312000000000037e-01
6.871637000000000439e-01
6.927961999999999732e-01
6.984287000000000134e-01
7.040612000000000537e-01
7.096936999999999829e-01
7.153262000000000231e-01
7.209586000000000050e-01
7.265911000000000453e-01
7.322235999999999745e-01
7.378561000000000147e-01
7.434886000000000550e-01
7.491210999999999842e-01
7.547536000000000245e-01
7.603860999999999537e-01
7.660185999999999940e-01
7.716511000000000342e-01
7.772835000000000161e-01
7.829159999999999453e-01
7.885484999999999856e-01
7.941810000000000258e-01
7.998134999999999550e-01
8.054459999999999953e-01
8.110785000000000355e-01
8.167109999999999648e-01
8.223435000000000050e-01
8.279758999999999869e-01
8.336084000000000271e-01
8.392408999999999564e-01
8.448733999999999966e-01
8.505059000000000369e-01
8.561383999999999661e-01
8.617709000000000064e-01
8.674034000000000466e-01
8.730358999999999758e-01
8.786684000000000161e-01
8.843007999999999980e-01
8.899333000000000382e-01
8.955657999999999674e-01
9.011983000000000077e-01
9.068308000000000479e-01
9.124632999999999772e-01
9.180958000000000174e-01
9.237282999999999467e-01
9.293607999999999869e-01
9.349931999999999688e-01
9.406257000000000090e-01
9.462582000000000493e-01
9.518906999999999785e-01
9.575232000000000188e-01
9.631556999999999480e-01
9.687881999999999882e-01
9.744207000000000285e-01
9.800531999999999577e-01
9.856856999999999980e-01
9.913180999999999798e-01
9.969506000000000201e-01
1.002583000000000002e+00
1.008216000000000001e+00
1.013848000000000082e+00
1.019481000000000082e+00
1.025112999999999941e+00
1.030745999999999940e+00
1.036378000000000021e+00
1.042011000000000021e+00
1.047643000000000102e+00
1.053276000000000101e+00
1.058907999999999960e+00
1.064540999999999960e+00
1.070173000000000041e+00
1.075804999999999900e+00
1.081437999999999899e+00
1.087069999999999981e+00
1.092702999999999980e+00
1.098335000000000061e+00
1.103968000000000060e+00
1.109599999999999920e+00
1.115232999999999919e+00
1.120865000000000000e+00
1.126497999999999999e+00
1.132130000000000081e+00
1.137763000000000080e+00
1.143394999999999939e+00
1.149027999999999938e+00
1.154660000000000020e+00
1.160293000000000019e+00
1.165925000000000100e+00
1.171558000000000099e+00
1.177189999999999959e+00
1.182822999999999958e+00
1.188455000000000039e+00
1.194088000000000038e+00
1.199719999999999898e+00
1.205352999999999897e+00
1.210984999999999978e+00
1.216617999999999977e+00
1.222250000000000059e+00
1.227883000000000058e+00
1.233514999999999917e+00
1.239147999999999916e+00
1.244779999999999998e+00
1.250412999999999997e+00
1.256045000000000078e+00
1.261678000000000077e+00
1.267309999999999937e+00
1.272942999999999936e+00
1.278575000000000017e+00
1.284208000000000016e+00
1.289840000000000098e+00
1.295473000000000097e+00
1.301104999999999956e+00
1.306737999999999955e+00
1.312370000000000037e+00
1.318003000000000036e+00
1.323634999999999895e+00
1.329267999999999894e+00
1.334899999999999975e+00
1.340532000000000057e+00
1.346165000000000056e+00
1.351796999999999915e+00
1.357429999999999914e+00
1.363061999999999996e+00
1.368694999999999995e+00
1.374327000000000076e+00
1.379960000000000075e+00
1.385591999999999935e+00
1.391224999999999934e+00
1.396857000000000015e+00
1.402490000000000014e+00
1.408122000000000096e+00
1.413755000000000095e+00
1.419386999999999954e+00
1.425019999999999953e+00
1.430652000000000035e+00
1.436285000000000034e+00
1.441916999999999893e+00
1.447549999999999892e+00
1.453181999999999974e+00
1.458814999999999973e+00
1.464447000000000054e+00
1.470080000000000053e+00
1.475711999999999913e+00
1.481344999999999912e+00
1.486976999999999993e+00
1.492609999999999992e+00
1.498242000000000074e+00
1.503875000000000073e+00
1.509506999999999932e+00
1.515139999999999931e+00
1.520772000000000013e+00
1.526405000000000012e+00
1.532037000000000093e+00
1.537670000000000092e+00
1.543301999999999952e+00
1.548934999999999951e+00
1.554567000000000032e+00
1.560200000000000031e+00
1.565831999999999891e+00
1.571464999999999890e+00
1.577096999999999971e+00
1.582729999999999970e+00
1.588362000000000052e+00
1.593995000000000051e+00
1.599626999999999910e+00
1.605258999999999991e+00
1.610891999999999991e+00
1.616524000000000072e+00
1.622157000000000071e+00
1.627788999999999930e+00
1.633421999999999930e+00
1.639054000000000011e+00
1.644687000000000010e+00
1.650319000000000091e+00
1.655952000000000091e+00
1.661583999999999950e+00
1.667216999999999949e+00
1.672849000000000030e+00
1.678482000000000030e+00
1.684114000000000111e+00
1.689747000000000110e+00
1.695378999999999969e+00
1.701011999999999968e+00
1.706644000000000050e+00
1.712277000000000049e+00
1.717908999999999908e+00
1.723541999999999907e+00
1.729173999999999989e+00
1.734806999999999988e+00
1.740439000000000069e+00
1.746072000000000068e+00
1.751703999999999928e+00
1.757336999999999927e+00
1.762969000000000008e+00
1.768602000000000007e+00
1.774234000000000089e+00
1.779867000000000088e+00
1.785498999999999947e+00
1.791131999999999946e+00
1.796764000000000028e+00
1.802397000000000027e+00
1.808029000000000108e+00
1.813662000000000107e+00
1.819293999999999967e+00
1.824926999999999966e+00
1.830559000000000047e+00
1.836192000000000046e+00
1.841823999999999906e+00
1.847456999999999905e+00
1.853088999999999986e+00
1.858721999999999985e+00
1.864354000000000067e+00
1.869985999999999926e+00
1.875618999999999925e+00
1.881251000000000007e+00
1.886884000000000006e+00
1.892516000000000087e+00
1.898149000000000086e+00
1.903780999999999946e+00
1.909413999999999945e+00
1.915046000000000026e+00
1.920679000000000025e+00
1.926311000000000107e+00
1.931944000000000106e+00
1.937575999999999965e+00
1.943208999999999964e+00
1.948841000000000045e+00
1.954474000000000045e+00
1.960105999999999904e+00
1.965738999999999903e+00
1.971370999999999984e+00
1.977003999999999984e+00
1.982636000000000065e+00
1.988269000000000064e+00
1.993900999999999923e+00
1.999533999999999923e+00
2.005166000000000004e+00
2.010799000000000003e+00
2.016430999999999862e+00
2.022063999999999862e+00
2.027696000000000165e+00
2.033329000000000164e+00
2.038961000000000023e+00
2.044594000000000023e+00
2.050225999999999882e+00
2.055858999999999881e+00
2.061491000000000184e+00
2.067124000000000184e+00
2.072756000000000043e+00
2.078389000000000042e+00
2.084020999999999901e+00
2.089653999999999900e+00
2.095286000000000204e+00
2.100919000000000203e+00
2.106551000000000062e+00
2.112184000000000061e+00
2.117815999999999921e+00
2.123448999999999920e+00
2.129080999999999779e+00
2.134713999999999778e+00
2.140346000000000082e+00
2.145977999999999941e+00
2.151610999999999940e+00
2.157242999999999800e+00
2.162875999999999799e+00
2.168508000000000102e+00
2.174141000000000101e+00
2.179772999999999961e+00
2.185405999999999960e+00
2.191037999999999819e+00
2.196670999999999818e+00
2.202303000000000122e+00
2.207936000000000121e+00
2.213567999999999980e+00
2.219200999999999979e+00
2.224832999999999839e+00
2.230465999999999838e+00
2.236098000000000141e+00
2.241731000000000140e+00
2.247363000000000000e+00
2.252995999999999999e+00
2.258627999999999858e+00
2.264260999999999857e+00
2.269893000000000161e+00
2.275526000000000160e+00
2.281158000000000019e+00
2.286791000000000018e+00
2.292422999999999877e+00
2.298055999999999877e+00
2.303688000000000180e+00
2.309321000000000179e+00
2.314953000000000038e+00
2.320586000000000038e+00
2.326217999999999897e+00
2.331850999999999896e+00
2.337483000000000199e+00
2.343116000000000199e+00
2.348748000000000058e+00
2.354381000000000057e+00
2.360012999999999916e+00
2.365645999999999916e+00
2.371278000000000219e+00
2.376911000000000218e+00
2.382543000000000077e+00
2.388176000000000077e+00
2.393807999999999936e+00
2.399440999999999935e+00
2.405072999999999794e+00
2.410705000000000098e+00
2.416338000000000097e+00
2.421969999999999956e+00
2.427602999999999955e+00
2.433234999999999815e+00
2.438867999999999814e+00
2.444500000000000117e+00
2.450133000000000116e+00
2.455764999999999976e+00
2.461397999999999975e+00
2.467029999999999834e+00
2.472662999999999833e+00
2.478295000000000137e+00
2.483928000000000136e+00
2.489559999999999995e+00
2.495192999999999994e+00
2.500824999999999854e+00
2.506457999999999853e+00
2.512090000000000156e+00
2.517723000000000155e+00
2.523355000000000015e+00
2.528988000000000014e+00
2.534619999999999873e+00
2.540252999999999872e+00
2.545885000000000176e+00
2.551518000000000175e+00
2.557150000000000034e+00
2.562783000000000033e+00
2.568414999999999893e+00
2.574047999999999892e+00
2.579680000000000195e+00
2.585313000000000194e+00
2.590945000000000054e+00
2.596578000000000053e+00
2.602209999999999912e+00
2.607842999999999911e+00
2.613475000000000215e+00
2.619108000000000214e+00
2.624740000000000073e+00
2.630373000000000072e+00
2.636004999999999932e+00
2.641637999999999931e+00
2.647269999999999790e+00
2.652902999999999789e+00
2.658535000000000093e+00
2.664168000000000092e+00
2.669799999999999951e+00
2.675431999999999810e+00
2.681064999999999809e+00
2.686697000000000113e+00
2.692330000000000112e+00
2.697961999999999971e+00
2.703594999999999970e+00
2.709226999999999830e+00
2.714859999999999829e+00
2.720492000000000132e+00
2.726125000000000131e+00
2.731756999999999991e+00
2.737389999999999990e+00
2.743021999999999849e+00
2.748654999999999848e+00
2.754287000000000152e+00
2.759920000000000151e+00
2.765552000000000010e+00
2.771185000000000009e+00
2.776816999999999869e+00
2.782449999999999868e+00
2.788082000000000171e+00
2.793715000000000170e+00
2.799347000000000030e+00
2.804980000000000029e+00
2.810611999999999888e+00
2.816244999999999887e+00
2.821877000000000191e+00
2.827510000000000190e+00
2.833142000000000049e+00
2.838775000000000048e+00
2.844406999999999908e+00
2.850039999999999907e+00
2.855672000000000210e+00
2.861305000000000209e+00
2.866937000000000069e+00
2.872570000000000068e+00
2.878201999999999927e+00
2.883834999999999926e+00
2.889466999999999786e+00
2.895099999999999785e+00
2.900732000000000088e+00
2.906365000000000087e+00
2.911996999999999947e+00
2.917629999999999946e+00
2.923261999999999805e+00
2.928894999999999804e+00
2.934527000000000108e+00
2.940158999999999967e+00
2.945791999999999966e+00
2.951423999999999825e+00
2.957056999999999825e+00
2.962689000000000128e+00
2.968322000000000127e+00
2.973953999999999986e+00
2.979586999999999986e+00
2.985218999999999845e+00
2.990851999999999844e+00
2.996484000000000147e+00
3.002117000000000147e+00
3.007749000000000006e+00
3.013382000000000005e+00
3.019013999999999864e+00
3.024646999999999863e+00
3.030279000000000167e+00
3.035912000000000166e+00
3.041544000000000025e+00
3.047177000000000024e+00
3.052808999999999884e+00
3.058441999999999883e+00
3.064074000000000186e+00
3.069707000000000185e+00
3.075339000000000045e+00
3.080972000000000044e+00
3.086603999999999903e+00
3.092236999999999902e+00
3.097869000000000206e+00
3.103502000000000205e+00
3.109134000000000064e+00
3.114767000000000063e+00
3.120398999999999923e+00
3.126031999999999922e+00
3.131663999999999781e+00
3.137296999999999780e+00
3.142929000000000084e+00
3.148562000000000083e+00
3.154193999999999942e+00
3.159826999999999941e+00
3.165458999999999801e+00
3.171091999999999800e+00
3.176724000000000103e+00
3.182357000000000102e+00
3.187988999999999962e+00
3.193621999999999961e+00
3.199253999999999820e+00
3.204886000000000124e+00
3.210519000000000123e+00
3.216150999999999982e+00
3.221783999999999981e+00
3.227415999999999840e+00
3.233048999999999840e+00
3.238681000000000143e+00
3.244314000000000142e+00
3.249946000000000002e+00
3.255579000000000001e+00
3.261210999999999860e+00
3.266843999999999859e+00
3.272476000000000163e+00
3.278109000000000162e+00
3.283741000000000021e+00
3.289374000000000020e+00
3.295005999999999879e+00
3.300638999999999879e+00
3.306271000000000182e+00
3.311904000000000181e+00
3.317536000000000040e+00
3.323169000000000040e+00
3.328800999999999899e+00
3.334433999999999898e+00
3.340066000000000201e+00
3.345699000000000201e+00
3.351331000000000060e+00
3.356964000000000059e+00
3.362595999999999918e+00
3.368228999999999917e+00
3.373861000000000221e+00
3.379494000000000220e+00
3.385126000000000079e+00
3.390759000000000079e+00
3.396390999999999938e+00
3.402023999999999937e+00
3.407655999999999796e+00
3.413288999999999795e+00
3.418921000000000099e+00
3.424554000000000098e+00
3.430185999999999957e+00
3.435818999999999956e+00
3.441450999999999816e+00
3.447083999999999815e+00
3.452716000000000118e+00
3.458349000000000117e+00
3.463980999999999977e+00
3.469612999999999836e+00
3.475245999999999835e+00
3.480878000000000139e+00
3.486511000000000138e+00
3.492142999999999997e+00
3.497775999999999996e+00
3.503407999999999856e+00
3.509040999999999855e+00
3.514673000000000158e+00
3.520306000000000157e+00
3.525938000000000017e+00
3.531571000000000016e+00
3.537202999999999875e+00
3.542835999999999874e+00
3.548468000000000178e+00
3.554101000000000177e+00
3.559733000000000036e+00
3.565366000000000035e+00
3.570997999999999895e+00
3.576630999999999894e+00
3.582263000000000197e+00
3.587896000000000196e+00
3.593528000000000056e+00
3.599161000000000055e+00
3.604792999999999914e+00
3.610425999999999913e+00
3.616058000000000217e+00
3.621691000000000216e+00
3.627323000000000075e+00
3.632956000000000074e+00
3.638587999999999933e+00
3.644220999999999933e+00
3.649852999999999792e+00
3.655485999999999791e+00
3.661118000000000094e+00
3.666751000000000094e+00
3.672382999999999953e+00
3.678015999999999952e+00
3.683647999999999811e+00
3.689280999999999811e+00
3.694913000000000114e+00
3.700546000000000113e+00
3.706177999999999972e+00
3.711810999999999972e+00
3.717442999999999831e+00
3.723075999999999830e+00
3.728708000000000133e+00
3.734341000000000133e+00
3.739972999999999992e+00
3.745604999999999851e+00
3.751237999999999850e+00
3.756870000000000154e+00
3.762503000000000153e+00
3.768135000000000012e+00
3.773768000000000011e+00
3.779399999999999871e+00
3.785032999999999870e+00
3.790665000000000173e+00
3.796298000000000172e+00
3.801930000000000032e+00
3.807563000000000031e+00
3.813194999999999890e+00
3.818827999999999889e+00
3.824460000000000193e+00
3.830093000000000192e+00
3.835725000000000051e+00
3.841358000000000050e+00
3.846989999999999910e+00
3.852622999999999909e+00
3.858255000000000212e+00
3.863888000000000211e+00
3.869520000000000071e+00
3.875153000000000070e+00
3.880784999999999929e+00
3.886417999999999928e+00
3.892049999999999788e+00
3.897682999999999787e+00
3.903315000000000090e+00
3.908948000000000089e+00
3.914579999999999949e+00
3.920212999999999948e+00
3.925844999999999807e+00
3.931477999999999806e+00
3.937110000000000110e+00
3.942743000000000109e+00
3.948374999999999968e+00
3.954007999999999967e+00
3.959639999999999826e+00
3.965272999999999826e+00
3.970905000000000129e+00
3.976538000000000128e+00
3.982169999999999987e+00
3.987802999999999987e+00
3.993434999999999846e+00
3.999067999999999845e+00
4.004699999999999704e+00
4.010332000000000008e+00
4.015964999999999563e+00
4.021596999999999866e+00
4.027230000000000310e+00
4.032861999999999725e+00
4.038495000000000168e+00
4.044126999999999583e+00
4.049760000000000026e+00
4.055392000000000330e+00
4.061024999999999885e+00
4.066657000000000188e+00
4.072289999999999743e+00
4.077922000000000047e+00
4.083554999999999602e+00
4.089186999999999905e+00
4.094820000000000348e+00
4.100451999999999764e+00
4.106085000000000207e+00
4.111716999999999622e+00
4.117350000000000065e+00
4.122982000000000369e+00
4.128614999999999924e+00
4.134247000000000227e+00
4.139879999999999782e+00
4.145512000000000086e+00
4.151144999999999641e+00
4.156776999999999944e+00
4.162410000000000387e+00
4.168041999999999803e+00
4.173675000000000246e+00
4.179306999999999661e+00
4.184940000000000104e+00
4.190572000000000408e+00
4.196204999999999963e+00
4.201837000000000266e+00
4.207469999999999821e+00
4.213102000000000125e+00
4.218734999999999680e+00
4.224366999999999983e+00
4.230000000000000426e+00
4.235631999999999842e+00
4.241265000000000285e+00
4.246896999999999700e+00
4.252530000000000143e+00
4.258161999999999558e+00
4.263795000000000002e+00
4.269427000000000305e+00
4.275058999999999720e+00
4.280692000000000164e+00
4.286323999999999579e+00
4.291957000000000022e+00
4.297589000000000325e+00
4.303221999999999881e+00
4.308854000000000184e+00
4.314486999999999739e+00
4.320119000000000042e+00
4.325751999999999597e+00
4.331383999999999901e+00
4.337017000000000344e+00
4.342648999999999759e+00
4.348282000000000203e+00
4.353913999999999618e+00
4.359547000000000061e+00
4.365179000000000364e+00
4.370811999999999919e+00
4.376444000000000223e+00
4.382076999999999778e+00
4.387709000000000081e+00
4.393341999999999636e+00
4.398973999999999940e+00
4.404607000000000383e+00
4.410238999999999798e+00
4.415872000000000241e+00
4.421503999999999657e+00
4.427137000000000100e+00
4.432769000000000403e+00
4.438401999999999958e+00
4.444034000000000262e+00
4.449666999999999817e+00
4.455299000000000120e+00
4.460931999999999675e+00
4.466563999999999979e+00
4.472197000000000422e+00
4.477828999999999837e+00
4.483462000000000280e+00
4.489093999999999696e+00
4.494727000000000139e+00
4.500359000000000442e+00
4.505991999999999997e+00
4.511624000000000301e+00
4.517256999999999856e+00
4.522889000000000159e+00
4.528521999999999714e+00
4.534154000000000018e+00
4.539786000000000321e+00
4.545418999999999876e+00
4.551051000000000180e+00
4.556683999999999735e+00
4.562316000000000038e+00
4.567948999999999593e+00
4.573580999999999896e+00
4.579214000000000340e+00
4.584845999999999755e+00
4.590479000000000198e+00
4.596110999999999613e+00
4.601744000000000057e+00
4.607376000000000360e+00
4.613008999999999915e+00
4.618641000000000219e+00
4.624273999999999774e+00
4.629906000000000077e+00
4.635538999999999632e+00
4.641170999999999935e+00
4.646804000000000379e+00
4.652435999999999794e+00
4.658069000000000237e+00
4.663700999999999652e+00
4.669334000000000096e+00
4.674966000000000399e+00
4.680598999999999954e+00
4.686231000000000257e+00
4.691863999999999812e+00
4.697496000000000116e+00
4.703128999999999671e+00
4.708760999999999974e+00
4.714394000000000418e+00
4.720025999999999833e+00
4.725659000000000276e+00
4.731290999999999691e+00
4.736924000000000134e+00
4.742556000000000438e+00
4.748188999999999993e+00
4.753821000000000296e+00
4.759453999999999851e+00
4.765086000000000155e+00
4.770718999999999710e+00
4.776351000000000013e+00
4.781983999999999568e+00
4.787615999999999872e+00
4.793249000000000315e+00
4.798880999999999730e+00
4.804513000000000034e+00
4.810145999999999589e+00
4.815777999999999892e+00
4.821411000000000335e+00
4.827042999999999751e+00
4.832676000000000194e+00
4.838307999999999609e+00
4.843941000000000052e+00
4.849573000000000356e+00
4.855205999999999911e+00
4.860838000000000214e+00
4.866470999999999769e+00
4.872103000000000073e+00
4.877735999999999628e+00
4.883367999999999931e+00
4.889001000000000374e+00
4.894632999999999790e+00
4.900266000000000233e+00
4.905897999999999648e+00
4.911531000000000091e+00
4.917163000000000395e+00
4.922795999999999950e+00
4.928428000000000253e+00
4.934060999999999808e+00
4.939693000000000112e+00
4.945325999999999667e+00
4.950957999999999970e+00
4.956591000000000413e+00
4.962222999999999828e+00
4.967856000000000272e+00
4.973487999999999687e+00
4.979121000000000130e+00
4.984753000000000434e+00
4.990385999999999989e+00
4.996018000000000292e+00
5.001650999999999847e+00
5.007283000000000150e+00
5.012915999999999705e+00
5.018548000000000009e+00
5.024180999999999564e+00
5.029812999999999867e+00
5.035446000000000311e+00
5.041077999999999726e+00
5.046711000000000169e+00
5.052342999999999584e+00
5.057976000000000028e+00
5.063608000000000331e+00
5.069240999999999886e+00
5.074873000000000189e+00
5.080504999999999605e+00
5.086138000000000048e+00
5.091770000000000351e+00
5.097402999999999906e+00
5.103035000000000210e+00
5.108667999999999765e+00
5.114300000000000068e+00
5.119932999999999623e+00
5.125564999999999927e+00
5.131198000000000370e+00
5.136829999999999785e+00
5.142463000000000228e+00
5.148094999999999644e+00
5.153728000000000087e+00
5.159360000000000390e+00
5.164992999999999945e+00
5.170625000000000249e+00
5.176257999999999804e+00
5.181890000000000107e+00
5.187522999999999662e+00
5.193154999999999966e+00
5.198788000000000409e+00
5.204419999999999824e+00
5.210053000000000267e+00
5.215684999999999683e+00
5.221318000000000126e+00
5.226950000000000429e+00
5.232582999999999984e+00
5.238215000000000288e+00
5.243847999999999843e+00
5.249480000000000146e+00
5.255112999999999701e+00
5.260745000000000005e+00
5.266377999999999560e+00
5.272009999999999863e+00
5.277643000000000306e+00
5.283274999999999721e+00
5.288908000000000165e+00
5.294539999999999580e+00
5.300173000000000023e+00
5.305805000000000327e+00
5.311437999999999882e+00
5.317070000000000185e+00
5.322702999999999740e+00
5.328335000000000043e+00
5.333967999999999599e+00
5.339599999999999902e+00
5.345232000000000205e+00
5.350864999999999760e+00
5.356497000000000064e+00
5.362129999999999619e+00
5.367761999999999922e+00
5.373395000000000366e+00
5.379026999999999781e+00
5.384660000000000224e+00
5.390291999999999639e+00
5.395925000000000082e+00
5.401557000000000386e+00
5.407189999999999941e+00
5.412822000000000244e+00
5.418454999999999799e+00
5.424087000000000103e+00
5.429719999999999658e+00
5.435351999999999961e+00
5.440985000000000404e+00
5.446616999999999820e+00
5.452250000000000263e+00
5.457881999999999678e+00
5.463515000000000121e+00
5.469147000000000425e+00
5.474779999999999980e+00
5.480412000000000283e+00
5.486044999999999838e+00
5.491677000000000142e+00
5.497309999999999697e+00
5.502942000000000000e+00
5.508575000000000443e+00
5.514206999999999859e+00
5.519840000000000302e+00
5.525471999999999717e+00
5.531105000000000160e+00
5.536736999999999576e+00
5.542370000000000019e+00
5.548002000000000322e+00
5.553634999999999877e+00
5.559267000000000181e+00
5.564899999999999736e+00
5.570532000000000039e+00
5.576164999999999594e+00
5.581796999999999898e+00
5.587430000000000341e+00
5.593061999999999756e+00
5.598695000000000199e+00
5.604326999999999614e+00
5.609958999999999918e+00
5.615592000000000361e+00
5.621223999999999776e+00
5.626857000000000220e+00
