0.000000000000000000e+00
5.762380999999999580e-03
1.152476000000000021e-02
1.728713999999999945e-02
2.304952000000000042e-02
2.881190999999999960e-02
3.457429000000000058e-02
4.033666999999999808e-02
4.609905000000000252e-02
5.186143000000000003e-02
5.762380999999999753e-02
6.338618999999999504e-02
6.914857000000000642e-02
7.491095000000000392e-02
8.067333999999999616e-02
8.643571999999999367e-02
9.219810000000000505e-02
9.796048000000000255e-02
1.037229000000000068e-01
1.094852000000000047e-01
1.152476000000000056e-01
1.210100000000000064e-01
1.267724000000000073e-01
1.325348000000000082e-01
1.382971000000000061e-01
1.440595000000000070e-01
1.498219000000000078e-01
1.555843000000000087e-01
1.613467000000000096e-01
1.671091000000000104e-01
1.728714000000000084e-01
1.786338000000000092e-01
1.843962000000000101e-01
1.901586000000000110e-01
1.959210000000000118e-01
2.016833000000000098e-01
2.074457000000000106e-01
2.132081000000000115e-01
2.189705000000000124e-01
2.247329000000000132e-01
2.304952000000000112e-01
2.362576000000000120e-01
2.420200000000000129e-01
2.477824000000000138e-01
2.535448000000000146e-01
2.593072000000000155e-01
2.650695000000000134e-01
2.708319000000000143e-01
2.765943000000000151e-01
2.823567000000000160e-01
2.881191000000000169e-01
2.938814000000000148e-01
2.996438000000000157e-01
3.054062000000000165e-01
3.111686000000000174e-01
3.169310000000000183e-01
3.226933000000000162e-01
3.284557000000000171e-01
3.342181000000000179e-01
3.399805000000000188e-01
3.457429000000000197e-01
3.515052000000000176e-01
3.572676000000000185e-01
3.630300000000000193e-01
3.687924000000000202e-01
3.745548000000000211e-01
3.803172000000000219e-01
3.860795000000000199e-01
3.918419000000000207e-01
3.976043000000000216e-01
4.033667000000000225e-01
4.091291000000000233e-01
4.148914000000000213e-01
4.206538000000000221e-01
4.264162000000000230e-01
4.321786000000000239e-01
4.379410000000000247e-01
4.437033000000000227e-01
4.494657000000000235e-01
4.552281000000000244e-01
4.609905000000000252e-01
4.667529000000000261e-01
4.725153000000000270e-01
4.782776000000000249e-01
4.840400000000000258e-01
4.898024000000000266e-01
4.955648000000000275e-01
5.013271999999999728e-01
5.070894999999999708e-01
5.128519000000000272e-01
5.186142999999999725e-01
5.243767000000000289e-01
5.301390999999999742e-01
5.359013999999999722e-01
5.416638000000000286e-01
5.474261999999999739e-01
5.531886000000000303e-01
5.589509999999999756e-01
5.647134000000000320e-01
5.704757000000000300e-01
5.762380999999999753e-01
5.820005000000000317e-01
5.877628999999999770e-01
5.935253000000000334e-01
5.992876000000000314e-01
6.050499999999999767e-01
6.108124000000000331e-01
6.165747999999999784e-01
6.223372000000000348e-01
6.280995000000000328e-01
6.338618999999999781e-01
6.396243000000000345e-01
6.453866999999999798e-01
6.511491000000000362e-01
6.569114000000000342e-01
6.626737999999999795e-01
6.684362000000000359e-01
6.741985999999999812e-01
6.799610000000000376e-01
6.857233999999999829e-01
6.914856999999999809e-01
6.972481000000000373e-01
7.030104999999999826e-01
7.087729000000000390e-01
7.145352999999999843e-01
7.202975999999999823e-01
7.260600000000000387e-01
7.318223999999999840e-01
7.375848000000000404e-01
7.433471999999999857e-01
7.491094999999999837e-01
7.548719000000000401e-01
7.606342999999999854e-01
7.663967000000000418e-01
7.721590999999999871e-01
7.779215000000000435e-01
7.836838000000000415e-01
7.894461999999999868e-01
7.952086000000000432e-01
8.009709999999999885e-01
8.067334000000000449e-01
8.124957000000000429e-01
8.182580999999999882e-01
8.240205000000000446e-01
8.297828999999999899e-01
8.355453000000000463e-01
8.413076000000000443e-01
8.470699999999999896e-01
8.528324000000000460e-01
8.585947999999999913e-01
8.643572000000000477e-01
8.701195999999999930e-01
8.758818999999999910e-01
8.816443000000000474e-01
8.874066999999999927e-01
8.931691000000000491e-01
8.989314999999999944e-01
9.046937999999999924e-01
9.104562000000000488e-01
9.162185999999999941e-01
9.219810000000000505e-01
9.277433999999999958e-01
9.335056999999999938e-01
9.392681000000000502e-01
9.450304999999999955e-01
9.507929000000000519e-01
9.565552999999999972e-01
9.623175999999999952e-01
9.680800000000000516e-01
9.738423999999999969e-01
9.796048000000000533e-01
9.853671999999999986e-01
9.911296000000000550e-01
9.968919000000000530e-01
1.002653999999999934e+00
1.008416999999999897e+00
1.014178999999999942e+00
1.019940999999999987e+00
1.025703999999999949e+00
1.031465999999999994e+00
1.037228999999999957e+00
1.042991000000000001e+00
1.048753000000000046e+00
1.054516000000000009e+00
1.060278000000000054e+00
1.066041000000000016e+00
1.071803000000000061e+00
1.077565000000000106e+00
1.083328000000000069e+00
1.089089999999999892e+00
1.094851999999999936e+00
1.100614999999999899e+00
1.106376999999999944e+00
1.112139999999999906e+00
1.117901999999999951e+00
1.123663999999999996e+00
1.129426999999999959e+00
1.135189000000000004e+00
1.140951000000000048e+00
1.146714000000000011e+00
1.152476000000000056e+00
1.158239000000000019e+00
1.164001000000000063e+00
1.169763000000000108e+00
1.175526000000000071e+00
1.181287999999999894e+00
1.187051000000000078e+00
1.192812999999999901e+00
1.198574999999999946e+00
1.204337999999999909e+00
1.210099999999999953e+00
1.215861999999999998e+00
1.221624999999999961e+00
1.227387000000000006e+00
1.233149999999999968e+00
1.238912000000000013e+00
1.244674000000000058e+00
1.250437000000000021e+00
1.256199000000000066e+00
1.261961000000000110e+00
1.267724000000000073e+00
1.273485999999999896e+00
1.279249000000000080e+00
1.285010999999999903e+00
1.290772999999999948e+00
1.296535999999999911e+00
1.302297999999999956e+00
1.308060999999999918e+00
1.313822999999999963e+00
1.319585000000000008e+00
1.325347999999999971e+00
1.331110000000000015e+00
1.336872000000000060e+00
1.342635000000000023e+00
1.348397000000000068e+00
1.354160000000000030e+00
1.359922000000000075e+00
1.365683999999999898e+00
1.371447000000000083e+00
1.377208999999999905e+00
1.382970999999999950e+00
1.388733999999999913e+00
1.394495999999999958e+00
1.400258999999999920e+00
1.406020999999999965e+00
1.411783000000000010e+00
1.417545999999999973e+00
1.423308000000000018e+00
1.429070999999999980e+00
1.434833000000000025e+00
1.440595000000000070e+00
1.446358000000000033e+00
1.452120000000000077e+00
1.457881999999999900e+00
1.463645000000000085e+00
1.469406999999999908e+00
1.475170000000000092e+00
1.480931999999999915e+00
1.486693999999999960e+00
1.492456999999999923e+00
1.498218999999999967e+00
1.503981000000000012e+00
1.509743999999999975e+00
1.515506000000000020e+00
1.521268999999999982e+00
1.527031000000000027e+00
1.532793000000000072e+00
1.538556000000000035e+00
1.544318000000000080e+00
1.550081000000000042e+00
1.555843000000000087e+00
1.561604999999999910e+00
1.567368000000000094e+00
1.573129999999999917e+00
1.578891999999999962e+00
1.584654999999999925e+00
1.590416999999999970e+00
1.596179999999999932e+00
1.601941999999999977e+00
1.607704000000000022e+00
1.613466999999999985e+00
1.619229000000000029e+00
1.624991000000000074e+00
1.630754000000000037e+00
1.636516000000000082e+00
1.642279000000000044e+00
1.648041000000000089e+00
1.653802999999999912e+00
1.659566000000000097e+00
1.665327999999999919e+00
1.671091000000000104e+00
1.676852999999999927e+00
1.682614999999999972e+00
1.688377999999999934e+00
1.694139999999999979e+00
1.699902000000000024e+00
1.705664999999999987e+00
1.711427000000000032e+00
1.717189999999999994e+00
1.722952000000000039e+00
1.728714000000000084e+00
1.734477000000000046e+00
1.740239000000000091e+00
1.746000999999999914e+00
1.751764000000000099e+00
1.757525999999999922e+00
1.763289000000000106e+00
1.769050999999999929e+00
1.774812999999999974e+00
1.780575999999999937e+00
1.786337999999999981e+00
1.792100999999999944e+00
1.797862999999999989e+00
1.803625000000000034e+00
1.809387999999999996e+00
1.815150000000000041e+00
1.820912000000000086e+00
1.826675000000000049e+00
1.832437000000000094e+00
1.838200000000000056e+00
1.843962000000000101e+00
1.849723999999999924e+00
1.855487000000000108e+00
1.861248999999999931e+00
1.867010999999999976e+00
1.872773999999999939e+00
1.878535999999999984e+00
1.884298999999999946e+00
1.890060999999999991e+00
1.895823000000000036e+00
1.901585999999999999e+00
1.907348000000000043e+00
1.913111000000000006e+00
1.918873000000000051e+00
1.924635000000000096e+00
1.930398000000000058e+00
1.936160000000000103e+00
1.941921999999999926e+00
1.947685000000000111e+00
1.953446999999999933e+00
1.959209999999999896e+00
1.964971999999999941e+00
1.970733999999999986e+00
1.976496999999999948e+00
1.982258999999999993e+00
1.988021000000000038e+00
1.993784000000000001e+00
1.999546000000000046e+00
2.005309000000000008e+00
2.011070999999999831e+00
2.016833000000000098e+00
2.022596000000000060e+00
2.028357999999999883e+00
2.034120999999999846e+00
2.039883000000000113e+00
2.045644999999999936e+00
2.051407999999999898e+00
2.057170000000000165e+00
2.062931999999999988e+00
2.068694999999999951e+00
2.074457000000000217e+00
2.080220000000000180e+00
2.085982000000000003e+00
2.091743999999999826e+00
2.097506999999999788e+00
2.103269000000000055e+00
2.109030999999999878e+00
2.114793999999999841e+00
2.120556000000000108e+00
2.126319000000000070e+00
2.132080999999999893e+00
2.137843000000000160e+00
2.143606000000000122e+00
2.149367999999999945e+00
2.155130999999999908e+00
2.160893000000000175e+00
2.166654999999999998e+00
2.172417999999999960e+00
2.178179999999999783e+00
2.183942000000000050e+00
2.189705000000000013e+00
2.195466999999999835e+00
2.201229999999999798e+00
2.206992000000000065e+00
2.212753999999999888e+00
2.218516999999999850e+00
2.224279000000000117e+00
2.230040999999999940e+00
2.235803999999999903e+00
2.241566000000000169e+00
2.247329000000000132e+00
2.253090999999999955e+00
2.258853000000000222e+00
2.264616000000000184e+00
2.270378000000000007e+00
2.276140999999999970e+00
2.281902999999999793e+00
2.287665000000000060e+00
2.293428000000000022e+00
2.299189999999999845e+00
2.304952000000000112e+00
2.310715000000000074e+00
2.316476999999999897e+00
2.322239999999999860e+00
2.328002000000000127e+00
2.333763999999999950e+00
2.339526999999999912e+00
2.345289000000000179e+00
2.351052000000000142e+00
2.356813999999999965e+00
2.362575999999999787e+00
2.368339000000000194e+00
2.374101000000000017e+00
2.379862999999999840e+00
2.385625999999999802e+00
2.391388000000000069e+00
2.397151000000000032e+00
2.402912999999999855e+00
2.408675000000000122e+00
2.414438000000000084e+00
2.420199999999999907e+00
2.425962000000000174e+00
2.431725000000000136e+00
2.437486999999999959e+00
2.443249999999999922e+00
2.449012000000000189e+00
2.454774000000000012e+00
2.460536999999999974e+00
2.466298999999999797e+00
2.472062000000000204e+00
2.477824000000000026e+00
2.483585999999999849e+00
2.489348999999999812e+00
2.495111000000000079e+00
2.500872999999999902e+00
2.506635999999999864e+00
2.512398000000000131e+00
2.518161000000000094e+00
2.523922999999999917e+00
2.529685000000000183e+00
2.535448000000000146e+00
2.541209999999999969e+00
2.546971999999999792e+00
2.552735000000000198e+00
2.558497000000000021e+00
2.564259999999999984e+00
2.570021999999999807e+00
2.575784000000000074e+00
2.581547000000000036e+00
2.587308999999999859e+00
2.593071999999999822e+00
2.598834000000000088e+00
2.604595999999999911e+00
2.610358999999999874e+00
2.616121000000000141e+00
2.621882999999999964e+00
2.627645999999999926e+00
2.633408000000000193e+00
2.639171000000000156e+00
2.644932999999999979e+00
2.650694999999999801e+00
2.656458000000000208e+00
2.662220000000000031e+00
2.667981999999999854e+00
2.673744999999999816e+00
2.679507000000000083e+00
2.685270000000000046e+00
2.691031999999999869e+00
2.696794000000000135e+00
2.702557000000000098e+00
2.708318999999999921e+00
2.714081999999999883e+00
2.719844000000000150e+00
2.725605999999999973e+00
2.731368999999999936e+00
2.737131000000000203e+00
2.742893000000000026e+00
2.748655999999999988e+00
2.754417999999999811e+00
2.760181000000000218e+00
2.765943000000000040e+00
2.771704999999999863e+00
2.777467999999999826e+00
2.783230000000000093e+00
2.788991999999999916e+00
2.794754999999999878e+00
2.800517000000000145e+00
2.806280000000000108e+00
2.812041999999999931e+00
2.817804000000000197e+00
2.823567000000000160e+00
2.829328999999999983e+00
2.835091999999999945e+00
2.840854000000000212e+00
2.846616000000000035e+00
2.852378999999999998e+00
2.858140999999999821e+00
2.863903000000000088e+00
2.869666000000000050e+00
2.875427999999999873e+00
2.881190999999999836e+00
2.886953000000000102e+00
2.892714999999999925e+00
2.898477999999999888e+00
2.904240000000000155e+00
2.910001999999999978e+00
2.915764999999999940e+00
2.921527000000000207e+00
2.927290000000000170e+00
2.933051999999999992e+00
2.938813999999999815e+00
2.944577000000000222e+00
2.950339000000000045e+00
2.956102000000000007e+00
2.961863999999999830e+00
2.967626000000000097e+00
2.973389000000000060e+00
2.979150999999999883e+00
2.984913000000000149e+00
2.990676000000000112e+00
2.996437999999999935e+00
3.002200999999999897e+00
3.007963000000000164e+00
3.013724999999999987e+00
3.019487999999999950e+00
3.025250000000000217e+00
3.031012000000000040e+00
3.036775000000000002e+00
3.042536999999999825e+00
3.048299999999999788e+00
3.054062000000000054e+00
3.059823999999999877e+00
3.065586999999999840e+00
3.071349000000000107e+00
3.077112000000000069e+00
3.082873999999999892e+00
3.088636000000000159e+00
3.094399000000000122e+00
3.100160999999999945e+00
3.105923000000000211e+00
3.111686000000000174e+00
3.117447999999999997e+00
3.123210999999999959e+00
3.128972999999999782e+00
3.134735000000000049e+00
3.140498000000000012e+00
3.146259999999999835e+00
3.152022000000000101e+00
3.157785000000000064e+00
3.163546999999999887e+00
3.169309999999999850e+00
3.175072000000000116e+00
3.180833999999999939e+00
3.186596999999999902e+00
3.192359000000000169e+00
3.198122000000000131e+00
3.203883999999999954e+00
3.209646000000000221e+00
3.215409000000000184e+00
3.221171000000000006e+00
3.226932999999999829e+00
3.232695999999999792e+00
3.238458000000000059e+00
3.244221000000000021e+00
3.249982999999999844e+00
3.255745000000000111e+00
3.261508000000000074e+00
3.267269999999999897e+00
3.273032000000000163e+00
3.278795000000000126e+00
3.284556999999999949e+00
3.290319999999999911e+00
3.296082000000000178e+00
3.301844000000000001e+00
3.307606999999999964e+00
3.313368999999999787e+00
3.319132000000000193e+00
3.324894000000000016e+00
3.330655999999999839e+00
3.336418999999999802e+00
3.342181000000000068e+00
3.347942999999999891e+00
3.353705999999999854e+00
3.359468000000000121e+00
3.365231000000000083e+00
3.370992999999999906e+00
3.376755000000000173e+00
3.382518000000000136e+00
3.388279999999999959e+00
3.394041999999999781e+00
3.399805000000000188e+00
3.405567000000000011e+00
3.411329999999999973e+00
3.417091999999999796e+00
3.422854000000000063e+00
3.428617000000000026e+00
3.434378999999999849e+00
3.440141999999999811e+00
3.445904000000000078e+00
3.451665999999999901e+00
3.457428999999999863e+00
3.463191000000000130e+00
3.468952999999999953e+00
3.474715999999999916e+00
3.480478000000000183e+00
3.486241000000000145e+00
3.492002999999999968e+00
3.497764999999999791e+00
3.503528000000000198e+00
3.509290000000000020e+00
3.515051999999999843e+00
3.520814999999999806e+00
3.526577000000000073e+00
3.532340000000000035e+00
3.538101999999999858e+00
3.543864000000000125e+00
3.549627000000000088e+00
3.555388999999999911e+00
3.561151999999999873e+00
3.566914000000000140e+00
3.572675999999999963e+00
3.578438999999999925e+00
3.584201000000000192e+00
3.589963000000000015e+00
3.595725999999999978e+00
3.601487999999999801e+00
3.607251000000000207e+00
3.613013000000000030e+00
3.618774999999999853e+00
3.624537999999999816e+00
3.630300000000000082e+00
3.636061999999999905e+00
3.641824999999999868e+00
3.647587000000000135e+00
3.653350000000000097e+00
3.659111999999999920e+00
3.664874000000000187e+00
3.670637000000000150e+00
3.676398999999999972e+00
3.682161999999999935e+00
3.687924000000000202e+00
3.693686000000000025e+00
3.699448999999999987e+00
3.705210999999999810e+00
3.710973000000000077e+00
3.716736000000000040e+00
3.722497999999999863e+00
3.728260999999999825e+00
3.734023000000000092e+00
3.739784999999999915e+00
3.745547999999999877e+00
3.751310000000000144e+00
3.757071999999999967e+00
3.762834999999999930e+00
3.768597000000000197e+00
3.774360000000000159e+00
3.780121999999999982e+00
3.785883999999999805e+00
3.791647000000000212e+00
3.797409000000000034e+00
3.803171999999999997e+00
3.808933999999999820e+00
3.814696000000000087e+00
3.820459000000000049e+00
3.826220999999999872e+00
3.831983000000000139e+00
3.837746000000000102e+00
3.843507999999999925e+00
3.849270999999999887e+00
3.855033000000000154e+00
3.860794999999999977e+00
3.866557999999999939e+00
3.872320000000000206e+00
3.878082000000000029e+00
3.883844999999999992e+00
3.889606999999999815e+00
3.895370000000000221e+00
3.901132000000000044e+00
3.906893999999999867e+00
3.912656999999999829e+00
3.918419000000000096e+00
3.924182000000000059e+00
3.929943999999999882e+00
3.935706000000000149e+00
3.941469000000000111e+00
3.947230999999999934e+00
3.952993000000000201e+00
3.958756000000000164e+00
3.964517999999999986e+00
3.970280999999999949e+00
3.976043000000000216e+00
3.981805000000000039e+00
3.987568000000000001e+00
3.993329999999999824e+00
3.999092999999999787e+00
4.004855000000000054e+00
4.010616999999999877e+00
4.016379999999999839e+00
4.022141999999999662e+00
4.027904000000000373e+00
4.033667000000000336e+00
4.039429000000000158e+00
4.045192000000000121e+00
4.050953999999999944e+00
4.056715999999999767e+00
4.062478999999999729e+00
4.068241000000000440e+00
4.074003000000000263e+00
4.079766000000000226e+00
4.085528000000000048e+00
4.091291000000000011e+00
4.097052999999999834e+00
4.102814999999999657e+00
4.108577999999999619e+00
4.114340000000000330e+00
4.120103000000000293e+00
4.125865000000000116e+00
4.131626999999999938e+00
4.137389999999999901e+00
4.143151999999999724e+00
4.148914000000000435e+00
4.154677000000000398e+00
4.160439000000000220e+00
4.166202000000000183e+00
4.171964000000000006e+00
4.177725999999999829e+00
4.183488999999999791e+00
4.189250999999999614e+00
4.195013000000000325e+00
4.200776000000000288e+00
4.206538000000000110e+00
4.212301000000000073e+00
4.218062999999999896e+00
4.223824999999999719e+00
4.229587999999999681e+00
4.235350000000000392e+00
4.241113000000000355e+00
4.246875000000000178e+00
4.252637000000000000e+00
4.258399999999999963e+00
4.264161999999999786e+00
4.269923999999999609e+00
4.275686999999999571e+00
4.281449000000000282e+00
4.287212000000000245e+00
4.292974000000000068e+00
4.298735999999999891e+00
4.304498999999999853e+00
4.310260999999999676e+00
4.316023000000000387e+00
4.321786000000000350e+00
4.327548000000000172e+00
4.333311000000000135e+00
4.339072999999999958e+00
4.344834999999999781e+00
4.350597999999999743e+00
4.356359999999999566e+00
4.362123000000000417e+00
4.367885000000000240e+00
4.373647000000000062e+00
4.379410000000000025e+00
4.385171999999999848e+00
4.390933999999999671e+00
4.396696999999999633e+00
4.402459000000000344e+00
4.408222000000000307e+00
4.413984000000000130e+00
4.419745999999999952e+00
4.425508999999999915e+00
4.431270999999999738e+00
4.437032999999999561e+00
4.442796000000000411e+00
4.448558000000000234e+00
4.454321000000000197e+00
4.460083000000000020e+00
4.465844999999999843e+00
4.471607999999999805e+00
4.477369999999999628e+00
4.483132999999999591e+00
4.488895000000000302e+00
4.494657000000000124e+00
4.500420000000000087e+00
4.506181999999999910e+00
4.511943999999999733e+00
4.517706999999999695e+00
4.523469000000000406e+00
4.529232000000000369e+00
4.534994000000000192e+00
4.540756000000000014e+00
4.546518999999999977e+00
4.552280999999999800e+00
4.558042999999999623e+00
4.563805999999999585e+00
4.569568000000000296e+00
4.575331000000000259e+00
4.581093000000000082e+00
4.586854999999999905e+00
4.592617999999999867e+00
4.598379999999999690e+00
4.604142999999999653e+00
4.609905000000000364e+00
4.615667000000000186e+00
4.621430000000000149e+00
4.627191999999999972e+00
4.632953999999999795e+00
4.638716999999999757e+00
4.644478999999999580e+00
4.650242000000000431e+00
4.656004000000000254e+00
4.661766000000000076e+00
4.667529000000000039e+00
4.673290999999999862e+00
4.679052999999999685e+00
4.684815999999999647e+00
4.690578000000000358e+00
4.696341000000000321e+00
4.702103000000000144e+00
4.707864999999999966e+00
4.713627999999999929e+00
4.719389999999999752e+00
4.725152999999999714e+00
4.730915000000000425e+00
4.736677000000000248e+00
4.742440000000000211e+00
4.748202000000000034e+00
4.753963999999999857e+00
4.759726999999999819e+00
4.765488999999999642e+00
4.771251999999999605e+00
4.777014000000000316e+00
4.782776000000000138e+00
4.788539000000000101e+00
4.794300999999999924e+00
4.800062999999999747e+00
4.805825999999999709e+00
4.811588000000000420e+00
4.817351000000000383e+00
4.823113000000000206e+00
4.828875000000000028e+00
4.834637999999999991e+00
4.840399999999999814e+00
4.846162999999999776e+00
4.851924999999999599e+00
4.857687000000000310e+00
4.863450000000000273e+00
4.869212000000000096e+00
4.874973999999999918e+00
4.880736999999999881e+00
4.886498999999999704e+00
4.892261999999999666e+00
4.898024000000000377e+00
4.903786000000000200e+00
4.909549000000000163e+00
4.915310999999999986e+00
4.921072999999999809e+00
4.926835999999999771e+00
4.932597999999999594e+00
4.938360999999999557e+00
4.944123000000000268e+00
4.949885000000000090e+00
4.955648000000000053e+00
4.961409999999999876e+00
4.967172999999999838e+00
4.972934999999999661e+00
4.978697000000000372e+00
4.984460000000000335e+00
4.990222000000000158e+00
4.995983999999999980e+00
5.001746999999999943e+00
5.007508999999999766e+00
5.013271999999999728e+00
5.019034000000000439e+00
5.024796000000000262e+00
5.030559000000000225e+00
5.036321000000000048e+00
5.042082999999999871e+00
5.047845999999999833e+00
5.053607999999999656e+00
5.059370999999999619e+00
5.065133000000000330e+00
5.070895000000000152e+00
5.076658000000000115e+00
5.082419999999999938e+00
5.088182999999999900e+00
5.093944999999999723e+00
5.099707000000000434e+00
5.105470000000000397e+00
5.111232000000000220e+00
5.116994000000000042e+00
5.122757000000000005e+00
5.128518999999999828e+00
5.134281999999999790e+00
5.140043999999999613e+00
5.145806000000000324e+00
5.151569000000000287e+00
5.157331000000000110e+00
5.163092999999999932e+00
5.168855999999999895e+00
5.174617999999999718e+00
5.180380999999999680e+00
5.186143000000000391e+00
5.191905000000000214e+00
5.197668000000000177e+00
5.203430000000000000e+00
5.209192999999999962e+00
5.214954999999999785e+00
5.220716999999999608e+00
5.226479999999999571e+00
5.232242000000000282e+00
5.238004000000000104e+00
5.243767000000000067e+00
5.249528999999999890e+00
5.255291999999999852e+00
5.261053999999999675e+00
5.266816000000000386e+00
5.272579000000000349e+00
5.278341000000000172e+00
5.284102999999999994e+00
5.289865999999999957e+00
5.295627999999999780e+00
5.301390999999999742e+00
5.307152999999999565e+00
5.312915000000000276e+00
5.318678000000000239e+00
5.324440000000000062e+00
5.330203000000000024e+00
5.335964999999999847e+00
5.341726999999999670e+00
5.347489999999999633e+00
5.353252000000000344e+00
5.359014000000000166e+00
5.364777000000000129e+00
5.370538999999999952e+00
5.376301999999999914e+00
5.382063999999999737e+00
5.387825999999999560e+00
5.393589000000000411e+00
5.399351000000000234e+00
5.405113000000000056e+00
5.410876000000000019e+00
5.416637999999999842e+00
5.422400999999999804e+00
5.428162999999999627e+00
5.433925000000000338e+00
5.439688000000000301e+00
5.445450000000000124e+00
5.451213000000000086e+00
5.456974999999999909e+00
5.462736999999999732e+00
5.468499999999999694e+00
5.474262000000000405e+00
5.480024000000000228e+00
5.485787000000000191e+00
5.491549000000000014e+00
5.497311999999999976e+00
5.503073999999999799e+00
5.508835999999999622e+00
5.514598999999999585e+00
5.520361000000000296e+00
5.526124000000000258e+00
5.531886000000000081e+00
5.537647999999999904e+00
5.543410999999999866e+00
5.549172999999999689e+00
5.554935000000000400e+00
5.560698000000000363e+00
5.566460000000000186e+00
5.572223000000000148e+00
5.577984999999999971e+00
5.583746999999999794e+00
5.589509999999999756e+00
5.595271999999999579e+00
5.601034000000000290e+00
5.606797000000000253e+00
5.612559000000000076e+00
5.618322000000000038e+00
5.624083999999999861e+00
5.629845999999999684e+00
5.635608999999999646e+00
5.641371000000000357e+00
5.647134000000000320e+00
5.652896000000000143e+00
5.658657999999999966e+00
5.664420999999999928e+00
5.670182999999999751e+00
5.675944999999999574e+00
5.681708000000000425e+00
5.687470000000000248e+00
5.693233000000000210e+00
5.698995000000000033e+00
5.704756999999999856e+00
5.710519999999999818e+00
5.716281999999999641e+00
5.722044000000000352e+00
5.727807000000000315e+00
5.733569000000000138e+00
5.739332000000000100e+00
5.745093999999999923e+00
5.750855999999999746e+00
5.756618999999999708e+00
