0.000000000000000000e+00
5.606960999999999716e-03
1.121392000000000048e-02
1.682087999999999986e-02
2.242784999999999918e-02
2.803481000000000029e-02
3.364177000000000139e-02
3.924873000000000250e-02
4.485568999999999668e-02
5.046264999999999779e-02
5.606960999999999889e-02
6.167657000000000000e-02
6.728354000000000279e-02
7.289049999999999696e-02
7.849746000000000501e-02
8.410441999999999918e-02
8.971137999999999335e-02
9.531834000000000140e-02
1.009252999999999956e-01
1.065322999999999964e-01
1.121391999999999944e-01
1.177461999999999953e-01
1.233530999999999933e-01
1.289600999999999942e-01
1.345670999999999951e-01
1.401739999999999930e-01
1.457809999999999939e-01
1.513879999999999948e-01
1.569948999999999928e-01
1.626018999999999937e-01
1.682087999999999917e-01
1.738157999999999925e-01
1.794227999999999934e-01
1.850296999999999914e-01
1.906366999999999923e-01
1.962435999999999903e-01
2.018505999999999911e-01
2.074575999999999920e-01
2.130644999999999900e-01
2.186714999999999909e-01
2.242784999999999918e-01
2.298853999999999898e-01
2.354923999999999906e-01
2.410992999999999886e-01
2.467062999999999895e-01
2.523133000000000181e-01
2.579201999999999884e-01
2.635272000000000170e-01
2.691340999999999872e-01
2.747411000000000159e-01
2.803480999999999890e-01
2.859550000000000147e-01
2.915619999999999878e-01
2.971689000000000136e-01
3.027758999999999867e-01
3.083829000000000153e-01
3.139897999999999856e-01
3.195968000000000142e-01
3.252037999999999873e-01
3.308107000000000131e-01
3.364176999999999862e-01
3.420246000000000119e-01
3.476315999999999851e-01
3.532386000000000137e-01
3.588454999999999839e-01
3.644525000000000126e-01
3.700593999999999828e-01
3.756664000000000114e-01
3.812733999999999845e-01
3.868803000000000103e-01
3.924872999999999834e-01
3.980943000000000120e-01
4.037011999999999823e-01
4.093082000000000109e-01
4.149150999999999812e-01
4.205221000000000098e-01
4.261290999999999829e-01
4.317360000000000086e-01
4.373429999999999818e-01
4.429499000000000075e-01
4.485568999999999806e-01
4.541639000000000093e-01
4.597707999999999795e-01
4.653778000000000081e-01
4.709846999999999784e-01
4.765917000000000070e-01
4.821986999999999801e-01
4.878056000000000059e-01
4.934125999999999790e-01
4.990196000000000076e-01
5.046264999999999779e-01
5.102335000000000065e-01
5.158403999999999767e-01
5.214474000000000053e-01
5.270544000000000340e-01
5.326613000000000042e-01
5.382683000000000328e-01
5.438752000000000031e-01
5.494822000000000317e-01
5.550891999999999493e-01
5.606961000000000306e-01
5.663030999999999482e-01
5.719100999999999768e-01
5.775169999999999471e-01
5.831239999999999757e-01
5.887308999999999459e-01
5.943378999999999746e-01
5.999449000000000032e-01
6.055517999999999734e-01
6.111588000000000021e-01
6.167656999999999723e-01
6.223727000000000009e-01
6.279797000000000295e-01
6.335865999999999998e-01
6.391936000000000284e-01
6.448004999999999987e-01
6.504075000000000273e-01
6.560144999999999449e-01
6.616214000000000262e-01
6.672284000000000548e-01
6.728353999999999724e-01
6.784423000000000537e-01
6.840492999999999713e-01
6.896562000000000525e-01
6.952631999999999701e-01
7.008701999999999988e-01
7.064770999999999690e-01
7.120840999999999976e-01
7.176909999999999679e-01
7.232979999999999965e-01
7.289050000000000251e-01
7.345118999999999954e-01
7.401189000000000240e-01
7.457259000000000526e-01
7.513328000000000229e-01
7.569398000000000515e-01
7.625467000000000217e-01
7.681537000000000504e-01
7.737606999999999680e-01
7.793676000000000492e-01
7.849745999999999668e-01
7.905815000000000481e-01
7.961884999999999657e-01
8.017954999999999943e-01
8.074023999999999646e-01
8.130093999999999932e-01
8.186162999999999634e-01
8.242232999999999921e-01
8.298303000000000207e-01
8.354371999999999909e-01
8.410442000000000196e-01
8.466512000000000482e-01
8.522581000000000184e-01
8.578651000000000471e-01
8.634720000000000173e-01
8.690790000000000459e-01
8.746859999999999635e-01
8.802929000000000448e-01
8.858998999999999624e-01
8.915068000000000437e-01
8.971137999999999613e-01
9.027207999999999899e-01
9.083276999999999601e-01
9.139346999999999888e-01
9.195417000000000174e-01
9.251485999999999876e-01
9.307556000000000163e-01
9.363624999999999865e-01
9.419695000000000151e-01
9.475765000000000438e-01
9.531834000000000140e-01
9.587904000000000426e-01
9.643973000000000129e-01
9.700043000000000415e-01
9.756112999999999591e-01
9.812182000000000404e-01
9.868251999999999580e-01
9.924321000000000392e-01
9.980390999999999568e-01
1.003646000000000038e+00
1.009252999999999956e+00
1.014860000000000095e+00
1.020467000000000013e+00
1.026073999999999931e+00
1.031681000000000070e+00
1.037287999999999988e+00
1.042894999999999905e+00
1.048502000000000045e+00
1.054108999999999963e+00
1.059716000000000102e+00
1.065323000000000020e+00
1.070929999999999938e+00
1.076537000000000077e+00
1.082143999999999995e+00
1.087749999999999995e+00
1.093356999999999912e+00
1.098964000000000052e+00
1.104570999999999970e+00
1.110178000000000109e+00
1.115785000000000027e+00
1.121391999999999944e+00
1.126999000000000084e+00
1.132606000000000002e+00
1.138212999999999919e+00
1.143820000000000059e+00
1.149426999999999977e+00
1.155033999999999894e+00
1.160641000000000034e+00
1.166247999999999951e+00
1.171855000000000091e+00
1.177462000000000009e+00
1.183068999999999926e+00
1.188676000000000066e+00
1.194282999999999983e+00
1.199889999999999901e+00
1.205497000000000041e+00
1.211103999999999958e+00
1.216711000000000098e+00
1.222318000000000016e+00
1.227924999999999933e+00
1.233530999999999933e+00
1.239138000000000073e+00
1.244744999999999990e+00
1.250351999999999908e+00
1.255959000000000048e+00
1.261565999999999965e+00
1.267173000000000105e+00
1.272780000000000022e+00
1.278386999999999940e+00
1.283994000000000080e+00
1.289600999999999997e+00
1.295207999999999915e+00
1.300815000000000055e+00
1.306421999999999972e+00
1.312028999999999890e+00
1.317636000000000029e+00
1.323242999999999947e+00
1.328850000000000087e+00
1.334457000000000004e+00
1.340063999999999922e+00
1.345671000000000062e+00
1.351277999999999979e+00
1.356884999999999897e+00
1.362492000000000036e+00
1.368098999999999954e+00
1.373706000000000094e+00
1.379312000000000094e+00
1.384919000000000011e+00
1.390525999999999929e+00
1.396133000000000068e+00
1.401739999999999986e+00
1.407346999999999904e+00
1.412954000000000043e+00
1.418560999999999961e+00
1.424168000000000101e+00
1.429775000000000018e+00
1.435381999999999936e+00
1.440989000000000075e+00
1.446595999999999993e+00
1.452202999999999911e+00
1.457810000000000050e+00
1.463416999999999968e+00
1.469024000000000107e+00
1.474631000000000025e+00
1.480237999999999943e+00
1.485845000000000082e+00
1.491452000000000000e+00
1.497058999999999918e+00
1.502666000000000057e+00
1.508272999999999975e+00
1.513879999999999892e+00
1.519487000000000032e+00
1.525093000000000032e+00
1.530699999999999950e+00
1.536307000000000089e+00
1.541914000000000007e+00
1.547520999999999924e+00
1.553128000000000064e+00
1.558734999999999982e+00
1.564341999999999899e+00
1.569949000000000039e+00
1.575555999999999957e+00
1.581163000000000096e+00
1.586770000000000014e+00
1.592376999999999931e+00
1.597984000000000071e+00
1.603590999999999989e+00
1.609197999999999906e+00
1.614805000000000046e+00
1.620411999999999964e+00
1.626019000000000103e+00
1.631626000000000021e+00
1.637232999999999938e+00
1.642840000000000078e+00
1.648446999999999996e+00
1.654053999999999913e+00
1.659661000000000053e+00
1.665267999999999970e+00
1.670873999999999970e+00
1.676481000000000110e+00
1.682088000000000028e+00
1.687694999999999945e+00
1.693302000000000085e+00
1.698909000000000002e+00
1.704515999999999920e+00
1.710123000000000060e+00
1.715729999999999977e+00
1.721336999999999895e+00
1.726944000000000035e+00
1.732550999999999952e+00
1.738158000000000092e+00
1.743765000000000009e+00
1.749371999999999927e+00
1.754979000000000067e+00
1.760585999999999984e+00
1.766192999999999902e+00
1.771800000000000042e+00
1.777406999999999959e+00
1.783014000000000099e+00
1.788621000000000016e+00
1.794227999999999934e+00
1.799835000000000074e+00
1.805441999999999991e+00
1.811047999999999991e+00
1.816654999999999909e+00
1.822262000000000048e+00
1.827868999999999966e+00
1.833476000000000106e+00
1.839083000000000023e+00
1.844689999999999941e+00
1.850297000000000081e+00
1.855903999999999998e+00
1.861510999999999916e+00
1.867118000000000055e+00
1.872724999999999973e+00
1.878331999999999891e+00
1.883939000000000030e+00
1.889545999999999948e+00
1.895153000000000088e+00
1.900760000000000005e+00
1.906366999999999923e+00
1.911974000000000062e+00
1.917580999999999980e+00
1.923187999999999898e+00
1.928795000000000037e+00
1.934401999999999955e+00
1.940009000000000094e+00
1.945616000000000012e+00
1.951222999999999930e+00
1.956828999999999930e+00
1.962436000000000069e+00
1.968042999999999987e+00
1.973649999999999904e+00
1.979257000000000044e+00
1.984863999999999962e+00
1.990471000000000101e+00
1.996078000000000019e+00
2.001685000000000159e+00
2.007292000000000076e+00
2.012898999999999994e+00
2.018505999999999911e+00
2.024112999999999829e+00
2.029720000000000191e+00
2.035327000000000108e+00
2.040934000000000026e+00
2.046540999999999944e+00
2.052147999999999861e+00
2.057754999999999779e+00
2.063362000000000140e+00
2.068969000000000058e+00
2.074575999999999976e+00
2.080182999999999893e+00
2.085789999999999811e+00
2.091397000000000173e+00
2.097004000000000090e+00
2.102609999999999868e+00
2.108216999999999786e+00
2.113824000000000147e+00
2.119431000000000065e+00
2.125037999999999982e+00
2.130644999999999900e+00
2.136251999999999818e+00
2.141859000000000179e+00
2.147466000000000097e+00
2.153073000000000015e+00
2.158679999999999932e+00
2.164286999999999850e+00
2.169894000000000212e+00
2.175501000000000129e+00
2.181108000000000047e+00
2.186714999999999964e+00
2.192321999999999882e+00
2.197928999999999800e+00
2.203536000000000161e+00
2.209143000000000079e+00
2.214749999999999996e+00
2.220356999999999914e+00
2.225963999999999832e+00
2.231571000000000193e+00
2.237178000000000111e+00
2.242785000000000029e+00
2.248390999999999806e+00
2.253998000000000168e+00
2.259605000000000086e+00
2.265212000000000003e+00
2.270818999999999921e+00
2.276425999999999839e+00
2.282033000000000200e+00
2.287640000000000118e+00
2.293247000000000035e+00
2.298853999999999953e+00
2.304460999999999871e+00
2.310067999999999788e+00
2.315675000000000150e+00
2.321282000000000068e+00
2.326888999999999985e+00
2.332495999999999903e+00
2.338102999999999820e+00
2.343710000000000182e+00
2.349317000000000100e+00
2.354924000000000017e+00
2.360530999999999935e+00
2.366137999999999852e+00
2.371745000000000214e+00
2.377352000000000132e+00
2.382959000000000049e+00
2.388565999999999967e+00
2.394172000000000189e+00
2.399779000000000106e+00
2.405386000000000024e+00
2.410992999999999942e+00
2.416599999999999859e+00
2.422207000000000221e+00
2.427814000000000139e+00
2.433421000000000056e+00
2.439027999999999974e+00
2.444634999999999891e+00
2.450241999999999809e+00
2.455849000000000171e+00
2.461456000000000088e+00
2.467063000000000006e+00
2.472669999999999924e+00
2.478276999999999841e+00
2.483884000000000203e+00
2.489491000000000120e+00
2.495098000000000038e+00
2.500704999999999956e+00
2.506311999999999873e+00
2.511918999999999791e+00
2.517526000000000153e+00
2.523133000000000070e+00
2.528739999999999988e+00
2.534346000000000210e+00
2.539953000000000127e+00
2.545560000000000045e+00
2.551166999999999963e+00
2.556773999999999880e+00
2.562380999999999798e+00
2.567988000000000159e+00
2.573595000000000077e+00
2.579201999999999995e+00
2.584808999999999912e+00
2.590415999999999830e+00
2.596023000000000192e+00
2.601630000000000109e+00
2.607237000000000027e+00
2.612843999999999944e+00
2.618450999999999862e+00
2.624057999999999780e+00
2.629665000000000141e+00
2.635272000000000059e+00
2.640878999999999976e+00
2.646485999999999894e+00
2.652092999999999812e+00
2.657700000000000173e+00
2.663307000000000091e+00
2.668914000000000009e+00
2.674520999999999926e+00
2.680127000000000148e+00
2.685734000000000066e+00
2.691340999999999983e+00
2.696947999999999901e+00
2.702554999999999819e+00
2.708162000000000180e+00
2.713769000000000098e+00
2.719376000000000015e+00
2.724982999999999933e+00
2.730589999999999851e+00
2.736197000000000212e+00
2.741804000000000130e+00
2.747411000000000048e+00
2.753017999999999965e+00
2.758624999999999883e+00
2.764231999999999800e+00
2.769839000000000162e+00
2.775446000000000080e+00
2.781052999999999997e+00
2.786659999999999915e+00
2.792266999999999832e+00
2.797874000000000194e+00
2.803481000000000112e+00
2.809088000000000029e+00
2.814694999999999947e+00
2.820301999999999865e+00
2.825908000000000087e+00
2.831515000000000004e+00
2.837121999999999922e+00
2.842728999999999839e+00
2.848336000000000201e+00
2.853943000000000119e+00
2.859550000000000036e+00
2.865156999999999954e+00
2.870763999999999871e+00
2.876370999999999789e+00
2.881978000000000151e+00
2.887585000000000068e+00
2.893191999999999986e+00
2.898798999999999904e+00
2.904405999999999821e+00
2.910013000000000183e+00
2.915620000000000100e+00
2.921227000000000018e+00
2.926833999999999936e+00
2.932440999999999853e+00
2.938048000000000215e+00
2.943655000000000133e+00
2.949262000000000050e+00
2.954868999999999968e+00
2.960475999999999885e+00
2.966082999999999803e+00
2.971689000000000025e+00
2.977295999999999943e+00
2.982902999999999860e+00
2.988510000000000222e+00
2.994117000000000139e+00
2.999724000000000057e+00
3.005330999999999975e+00
3.010937999999999892e+00
3.016544999999999810e+00
3.022152000000000172e+00
3.027759000000000089e+00
3.033366000000000007e+00
3.038972999999999924e+00
3.044579999999999842e+00
3.050187000000000204e+00
3.055794000000000121e+00
3.061401000000000039e+00
3.067007999999999956e+00
3.072614999999999874e+00
3.078221999999999792e+00
3.083829000000000153e+00
3.089436000000000071e+00
3.095042999999999989e+00
3.100649999999999906e+00
3.106256999999999824e+00
3.111864000000000186e+00
3.117469999999999963e+00
3.123076999999999881e+00
3.128683999999999799e+00
3.134291000000000160e+00
3.139898000000000078e+00
3.145504999999999995e+00
3.151111999999999913e+00
3.156718999999999831e+00
3.162326000000000192e+00
3.167933000000000110e+00
3.173540000000000028e+00
3.179146999999999945e+00
3.184753999999999863e+00
3.190360999999999780e+00
3.195968000000000142e+00
3.201575000000000060e+00
3.207181999999999977e+00
3.212788999999999895e+00
3.218395999999999813e+00
3.224003000000000174e+00
3.229610000000000092e+00
3.235217000000000009e+00
3.240823999999999927e+00
3.246430999999999845e+00
3.252038000000000206e+00
3.257645000000000124e+00
3.263250999999999902e+00
3.268857999999999819e+00
3.274465000000000181e+00
3.280072000000000099e+00
3.285679000000000016e+00
3.291285999999999934e+00
3.296892999999999851e+00
3.302500000000000213e+00
3.308107000000000131e+00
3.313714000000000048e+00
3.319320999999999966e+00
3.324927999999999884e+00
3.330534999999999801e+00
3.336142000000000163e+00
3.341749000000000080e+00
3.347355999999999998e+00
3.352962999999999916e+00
3.358569999999999833e+00
3.364177000000000195e+00
3.369784000000000113e+00
3.375391000000000030e+00
3.380997999999999948e+00
3.386604999999999865e+00
3.392211999999999783e+00
3.397819000000000145e+00
3.403424999999999923e+00
3.409031999999999840e+00
3.414639000000000202e+00
3.420246000000000119e+00
3.425853000000000037e+00
3.431459999999999955e+00
3.437066999999999872e+00
3.442673999999999790e+00
3.448281000000000152e+00
3.453888000000000069e+00
3.459494999999999987e+00
3.465101999999999904e+00
3.470708999999999822e+00
3.476316000000000184e+00
3.481923000000000101e+00
3.487530000000000019e+00
3.493136999999999937e+00
3.498743999999999854e+00
3.504351000000000216e+00
3.509958000000000133e+00
3.515565000000000051e+00
3.521171999999999969e+00
3.526778999999999886e+00
3.532385999999999804e+00
3.537993000000000166e+00
3.543600000000000083e+00
3.549205999999999861e+00
3.554812999999999779e+00
3.560420000000000140e+00
3.566027000000000058e+00
3.571633999999999975e+00
3.577240999999999893e+00
3.582847999999999811e+00
3.588455000000000172e+00
3.594062000000000090e+00
3.599669000000000008e+00
3.605275999999999925e+00
3.610882999999999843e+00
3.616490000000000204e+00
3.622097000000000122e+00
3.627704000000000040e+00
3.633310999999999957e+00
3.638917999999999875e+00
3.644524999999999793e+00
3.650132000000000154e+00
3.655739000000000072e+00
3.661345999999999989e+00
3.666952999999999907e+00
3.672559999999999825e+00
3.678167000000000186e+00
3.683774000000000104e+00
3.689381000000000022e+00
3.694986999999999799e+00
3.700594000000000161e+00
3.706201000000000079e+00
3.711807999999999996e+00
3.717414999999999914e+00
3.723021999999999831e+00
3.728629000000000193e+00
3.734236000000000111e+00
3.739843000000000028e+00
3.745449999999999946e+00
3.751056999999999864e+00
3.756663999999999781e+00
3.762271000000000143e+00
3.767878000000000061e+00
3.773484999999999978e+00
3.779091999999999896e+00
3.784698999999999813e+00
3.790306000000000175e+00
3.795913000000000093e+00
3.801520000000000010e+00
3.807126999999999928e+00
3.812733999999999845e+00
3.818341000000000207e+00
3.823948000000000125e+00
3.829555000000000042e+00
3.835161999999999960e+00
3.840768000000000182e+00
3.846375000000000099e+00
3.851982000000000017e+00
3.857588999999999935e+00
3.863195999999999852e+00
3.868803000000000214e+00
3.874410000000000132e+00
3.880017000000000049e+00
3.885623999999999967e+00
3.891230999999999884e+00
3.896837999999999802e+00
3.902445000000000164e+00
3.908052000000000081e+00
3.913658999999999999e+00
3.919265999999999917e+00
3.924872999999999834e+00
3.930480000000000196e+00
3.936087000000000113e+00
3.941694000000000031e+00
3.947300999999999949e+00
3.952907999999999866e+00
3.958514999999999784e+00
3.964122000000000146e+00
3.969729000000000063e+00
3.975335999999999981e+00
3.980942999999999898e+00
3.986549000000000120e+00
3.992156000000000038e+00
3.997762999999999955e+00
4.003370000000000317e+00
4.008976999999999791e+00
4.014584000000000152e+00
4.020190999999999626e+00
4.025797999999999988e+00
4.031405000000000349e+00
4.037011999999999823e+00
4.042619000000000185e+00
4.048225999999999658e+00
4.053833000000000020e+00
4.059440000000000381e+00
4.065046999999999855e+00
4.070654000000000217e+00
4.076260999999999690e+00
4.081868000000000052e+00
4.087475000000000414e+00
4.093081999999999887e+00
4.098689000000000249e+00
4.104295999999999722e+00
4.109903000000000084e+00
4.115509999999999557e+00
4.121116999999999919e+00
4.126724000000000281e+00
4.132329999999999615e+00
4.137936999999999976e+00
4.143544000000000338e+00
4.149150999999999812e+00
4.154758000000000173e+00
4.160364999999999647e+00
4.165972000000000008e+00
4.171579000000000370e+00
4.177185999999999844e+00
4.182793000000000205e+00
4.188399999999999679e+00
4.194007000000000041e+00
4.199614000000000402e+00
4.205220999999999876e+00
4.210828000000000237e+00
4.216434999999999711e+00
4.222042000000000073e+00
4.227649000000000434e+00
4.233255999999999908e+00
4.238863000000000270e+00
4.244469999999999743e+00
4.250077000000000105e+00
4.255683999999999578e+00
4.261290999999999940e+00
4.266898000000000302e+00
4.272503999999999635e+00
4.278110999999999997e+00
4.283718000000000359e+00
4.289324999999999832e+00
4.294932000000000194e+00
4.300538999999999668e+00
4.306146000000000029e+00
4.311753000000000391e+00
4.317359999999999864e+00
4.322967000000000226e+00
4.328573999999999700e+00
4.334181000000000061e+00
4.339788000000000423e+00
4.345394999999999897e+00
4.351002000000000258e+00
4.356608999999999732e+00
4.362216000000000093e+00
4.367822999999999567e+00
4.373429999999999929e+00
4.379037000000000290e+00
4.384643999999999764e+00
4.390251000000000126e+00
4.395857999999999599e+00
4.401464999999999961e+00
4.407072000000000322e+00
4.412678999999999796e+00
4.418285000000000018e+00
4.423892000000000380e+00
4.429498999999999853e+00
4.435106000000000215e+00
4.440712999999999688e+00
4.446320000000000050e+00
4.451927000000000412e+00
4.457533999999999885e+00
4.463141000000000247e+00
4.468747999999999720e+00
4.474355000000000082e+00
4.479962000000000444e+00
4.485568999999999917e+00
4.491176000000000279e+00
4.496782999999999753e+00
4.502390000000000114e+00
4.507996999999999588e+00
4.513603999999999949e+00
4.519211000000000311e+00
4.524817999999999785e+00
4.530425000000000146e+00
4.536031999999999620e+00
4.541638999999999982e+00
4.547246000000000343e+00
4.552852999999999817e+00
4.558460000000000178e+00
4.564066000000000400e+00
4.569672999999999874e+00
4.575280000000000236e+00
4.580886999999999709e+00
4.586494000000000071e+00
4.592101000000000433e+00
4.597707999999999906e+00
4.603315000000000268e+00
4.608921999999999741e+00
4.614529000000000103e+00
4.620135999999999576e+00
4.625742999999999938e+00
4.631350000000000300e+00
4.636956999999999773e+00
4.642564000000000135e+00
4.648170999999999609e+00
4.653777999999999970e+00
4.659385000000000332e+00
4.664991999999999805e+00
4.670599000000000167e+00
4.676205999999999641e+00
4.681813000000000002e+00
4.687420000000000364e+00
4.693026999999999838e+00
4.698634000000000199e+00
4.704240999999999673e+00
4.709846999999999895e+00
4.715454000000000256e+00
4.721060999999999730e+00
4.726668000000000092e+00
4.732274999999999565e+00
4.737881999999999927e+00
4.743489000000000289e+00
4.749095999999999762e+00
4.754703000000000124e+00
4.760309999999999597e+00
4.765916999999999959e+00
4.771524000000000321e+00
4.777130999999999794e+00
4.782738000000000156e+00
4.788344999999999629e+00
4.793951999999999991e+00
4.799559000000000353e+00
4.805165999999999826e+00
4.810773000000000188e+00
4.816379999999999661e+00
4.821987000000000023e+00
4.827594000000000385e+00
4.833200999999999858e+00
4.838808000000000220e+00
4.844414999999999694e+00
4.850022000000000055e+00
4.855628000000000277e+00
4.861234999999999751e+00
4.866842000000000112e+00
4.872448999999999586e+00
4.878055999999999948e+00
4.883663000000000309e+00
4.889269999999999783e+00
4.894877000000000145e+00
4.900483999999999618e+00
4.906090999999999980e+00
4.911698000000000341e+00
4.917304999999999815e+00
4.922912000000000177e+00
4.928518999999999650e+00
4.934126000000000012e+00
4.939733000000000374e+00
4.945339999999999847e+00
4.950947000000000209e+00
4.956553999999999682e+00
4.962161000000000044e+00
4.967768000000000406e+00
4.973374999999999879e+00
4.978982000000000241e+00
4.984588999999999714e+00
4.990196000000000076e+00
4.995803000000000438e+00
5.001408999999999772e+00
5.007016000000000133e+00
5.012622999999999607e+00
5.018229999999999968e+00
5.023837000000000330e+00
5.029443999999999804e+00
5.035051000000000165e+00
5.040657999999999639e+00
5.046265000000000001e+00
5.051872000000000362e+00
5.057478999999999836e+00
5.063086000000000197e+00
5.068692999999999671e+00
5.074300000000000033e+00
5.079907000000000394e+00
5.085513999999999868e+00
5.091121000000000230e+00
5.096727999999999703e+00
5.102335000000000065e+00
5.107942000000000426e+00
5.113548999999999900e+00
5.119156000000000262e+00
5.124762999999999735e+00
5.130370000000000097e+00
5.135976999999999570e+00
5.141582999999999792e+00
5.147190000000000154e+00
5.152796999999999628e+00
5.158403999999999989e+00
5.164011000000000351e+00
5.169617999999999824e+00
5.175225000000000186e+00
5.180831999999999660e+00
5.186439000000000021e+00
5.192046000000000383e+00
5.197652999999999857e+00
5.203260000000000218e+00
5.208866999999999692e+00
5.214474000000000053e+00
5.220081000000000415e+00
5.225687999999999889e+00
5.231295000000000250e+00
5.236901999999999724e+00
5.242509000000000086e+00
5.248115999999999559e+00
5.253722999999999921e+00
5.259330000000000283e+00
5.264936999999999756e+00
5.270544000000000118e+00
5.276150999999999591e+00
5.281757999999999953e+00
5.287364000000000175e+00
5.292970999999999648e+00
5.298578000000000010e+00
5.304185000000000372e+00
5.309791999999999845e+00
5.315399000000000207e+00
5.321005999999999680e+00
5.326613000000000042e+00
5.332220000000000404e+00
5.337826999999999877e+00
5.343434000000000239e+00
5.349040999999999713e+00
5.354648000000000074e+00
5.360255000000000436e+00
5.365861999999999910e+00
5.371469000000000271e+00
5.377075999999999745e+00
5.382683000000000106e+00
5.388289999999999580e+00
5.393896999999999942e+00
5.399504000000000303e+00
5.405110999999999777e+00
5.410718000000000139e+00
5.416324999999999612e+00
5.421931999999999974e+00
5.427539000000000335e+00
5.433144999999999669e+00
5.438752000000000031e+00
5.444359000000000393e+00
5.449965999999999866e+00
5.455573000000000228e+00
5.461179999999999701e+00
5.466787000000000063e+00
5.472394000000000425e+00
5.478000999999999898e+00
5.483608000000000260e+00
5.489214999999999733e+00
5.494822000000000095e+00
5.500428999999999569e+00
5.506035999999999930e+00
5.511643000000000292e+00
5.517249999999999766e+00
5.522857000000000127e+00
5.528463999999999601e+00
5.534070999999999962e+00
5.539678000000000324e+00
5.545284999999999798e+00
5.550892000000000159e+00
5.556498999999999633e+00
5.562105999999999995e+00
5.567713000000000356e+00
5.573319999999999830e+00
5.578926000000000052e+00
5.584533000000000413e+00
5.590139999999999887e+00
5.595747000000000249e+00
5.601353999999999722e+00
