0.000000000000000000e+00
5.338350000000000387e-03
1.067670000000000077e-02
1.601504999999999942e-02
2.135340000000000155e-02
2.669175000000000020e-02
3.203009999999999885e-02
3.736844999999999750e-02
4.270680000000000309e-02
4.804515000000000174e-02
5.338350000000000040e-02
5.872184999999999905e-02
6.406021000000000631e-02
6.939855999999999803e-02
7.473691000000000362e-02
8.007525999999999533e-02
8.541361000000000092e-02
9.075196000000000651e-02
9.609030999999999823e-02
1.014286999999999966e-01
1.067670000000000008e-01
1.121053999999999939e-01
1.174436999999999981e-01
1.227821000000000051e-01
1.281203999999999954e-01
1.334587999999999886e-01
1.387971000000000066e-01
1.441354999999999997e-01
1.494737999999999900e-01
1.548122000000000109e-01
1.601505000000000012e-01
1.654888999999999943e-01
1.708272000000000124e-01
1.761656000000000055e-01
1.815038999999999958e-01
1.868422999999999889e-01
1.921806000000000070e-01
1.975190000000000001e-01
2.028572999999999904e-01
2.081957000000000113e-01
2.135340000000000016e-01
2.188723999999999947e-01
2.242107000000000128e-01
2.295491000000000059e-01
2.348873999999999962e-01
2.402257999999999893e-01
2.455641000000000074e-01
2.509024999999999728e-01
2.562407999999999908e-01
2.615792000000000117e-01
2.669174999999999742e-01
2.722558999999999951e-01
2.775942000000000132e-01
2.829325999999999786e-01
2.882708999999999966e-01
2.936093000000000175e-01
2.989475999999999800e-01
3.042860000000000009e-01
3.096243000000000190e-01
3.149626999999999843e-01
3.203010000000000024e-01
3.256394000000000233e-01
3.309776999999999858e-01
3.363161000000000067e-01
3.416544000000000247e-01
3.469927999999999901e-01
3.523311000000000082e-01
3.576694999999999736e-01
3.630077999999999916e-01
3.683462000000000125e-01
3.736844999999999750e-01
3.790228999999999959e-01
3.843612000000000140e-01
3.896995999999999793e-01
3.950378999999999974e-01
4.003763000000000183e-01
4.057145999999999808e-01
4.110530000000000017e-01
4.163913000000000197e-01
4.217296999999999851e-01
4.270680000000000032e-01
4.324064000000000241e-01
4.377446999999999866e-01
4.430831000000000075e-01
4.484214000000000255e-01
4.537597999999999909e-01
4.590981000000000090e-01
4.644364999999999744e-01
4.697747999999999924e-01
4.751132000000000133e-01
4.804514999999999758e-01
4.857898999999999967e-01
4.911282000000000147e-01
4.964665999999999801e-01
5.018048999999999982e-01
5.071432999999999636e-01
5.124815999999999816e-01
5.178199999999999470e-01
5.231582999999999650e-01
5.284967000000000414e-01
5.338349999999999485e-01
5.391734000000000249e-01
5.445117000000000429e-01
5.498501000000000083e-01
5.551884000000000263e-01
5.605267999999999917e-01
5.658651000000000098e-01
5.712034999999999751e-01
5.765417999999999932e-01
5.818801999999999586e-01
5.872184999999999766e-01
5.925569000000000530e-01
5.978951999999999600e-01
6.032336000000000364e-01
6.085719000000000545e-01
6.139103000000000199e-01
6.192486999999999853e-01
6.245870000000000033e-01
6.299253999999999687e-01
6.352636999999999867e-01
6.406020999999999521e-01
6.459403999999999701e-01
6.512788000000000466e-01
6.566170999999999536e-01
6.619555000000000300e-01
6.672938000000000480e-01
6.726322000000000134e-01
6.779705000000000314e-01
6.833088999999999968e-01
6.886472000000000149e-01
6.939855999999999803e-01
6.993238999999999983e-01
7.046622999999999637e-01
7.100005999999999817e-01
7.153389999999999471e-01
7.206772999999999652e-01
7.260157000000000416e-01
7.313539999999999486e-01
7.366924000000000250e-01
7.420307000000000430e-01
7.473691000000000084e-01
7.527074000000000265e-01
7.580457999999999918e-01
7.633841000000000099e-01
7.687224999999999753e-01
7.740607999999999933e-01
7.793991999999999587e-01
7.847374999999999767e-01
7.900759000000000531e-01
7.954141999999999602e-01
8.007526000000000366e-01
8.060909000000000546e-01
8.114293000000000200e-01
8.167676000000000380e-01
8.221060000000000034e-01
8.274443000000000215e-01
8.327826999999999869e-01
8.381210000000000049e-01
8.434593999999999703e-01
8.487976999999999883e-01
8.541360999999999537e-01
8.594743999999999717e-01
8.648128000000000482e-01
8.701510999999999552e-01
8.754895000000000316e-01
8.808278000000000496e-01
8.861662000000000150e-01
8.915045000000000330e-01
8.968428999999999984e-01
9.021812000000000165e-01
9.075195999999999819e-01
9.128578999999999999e-01
9.181962999999999653e-01
9.235345999999999833e-01
9.288729999999999487e-01
9.342112999999999667e-01
9.395497000000000432e-01
9.448879999999999502e-01
9.502264000000000266e-01
9.555647000000000446e-01
9.609031000000000100e-01
9.662414000000000280e-01
9.715797999999999934e-01
9.769181000000000115e-01
9.822564999999999769e-01
9.875947999999999949e-01
9.929331999999999603e-01
9.982714999999999783e-01
1.003609999999999891e+00
1.008947999999999956e+00
1.014286999999999939e+00
1.019625000000000004e+00
1.024963000000000068e+00
1.030302000000000051e+00
1.035639999999999894e+00
1.040977999999999959e+00
1.046316999999999942e+00
1.051655000000000006e+00
1.056993000000000071e+00
1.062332000000000054e+00
1.067669999999999897e+00
1.073007999999999962e+00
1.078346999999999944e+00
1.083685000000000009e+00
1.089023000000000074e+00
1.094362000000000057e+00
1.099699999999999900e+00
1.105039000000000105e+00
1.110376999999999947e+00
1.115715000000000012e+00
1.121053999999999995e+00
1.126392000000000060e+00
1.131729999999999903e+00
1.137069000000000107e+00
1.142406999999999950e+00
1.147745000000000015e+00
1.153083999999999998e+00
1.158422000000000063e+00
1.163759999999999906e+00
1.169099000000000110e+00
1.174436999999999953e+00
1.179775000000000018e+00
1.185114000000000001e+00
1.190452000000000066e+00
1.195789999999999909e+00
1.201128999999999891e+00
1.206466999999999956e+00
1.211805999999999939e+00
1.217144000000000004e+00
1.222482000000000069e+00
1.227821000000000051e+00
1.233158999999999894e+00
1.238496999999999959e+00
1.243835999999999942e+00
1.249174000000000007e+00
1.254512000000000072e+00
1.259851000000000054e+00
1.265188999999999897e+00
1.270526999999999962e+00
1.275865999999999945e+00
1.281204000000000010e+00
1.286542000000000074e+00
1.291881000000000057e+00
1.297218999999999900e+00
1.302558000000000105e+00
1.307895999999999948e+00
1.313234000000000012e+00
1.318572999999999995e+00
1.323911000000000060e+00
1.329248999999999903e+00
1.334588000000000108e+00
1.339925999999999950e+00
1.345264000000000015e+00
1.350602999999999998e+00
1.355941000000000063e+00
1.361278999999999906e+00
1.366618000000000110e+00
1.371955999999999953e+00
1.377294000000000018e+00
1.382633000000000001e+00
1.387971000000000066e+00
1.393308999999999909e+00
1.398647999999999891e+00
1.403985999999999956e+00
1.409324999999999939e+00
1.414663000000000004e+00
1.420001000000000069e+00
1.425340000000000051e+00
1.430677999999999894e+00
1.436015999999999959e+00
1.441354999999999942e+00
1.446693000000000007e+00
1.452031000000000072e+00
1.457370000000000054e+00
1.462707999999999897e+00
1.468045999999999962e+00
1.473384999999999945e+00
1.478723000000000010e+00
1.484061000000000075e+00
1.489400000000000057e+00
1.494737999999999900e+00
1.500075999999999965e+00
1.505414999999999948e+00
1.510753000000000013e+00
1.516091999999999995e+00
1.521430000000000060e+00
1.526767999999999903e+00
1.532107000000000108e+00
1.537444999999999951e+00
1.542783000000000015e+00
1.548121999999999998e+00
1.553460000000000063e+00
1.558797999999999906e+00
1.564137000000000111e+00
1.569474999999999953e+00
1.574813000000000018e+00
1.580152000000000001e+00
1.585490000000000066e+00
1.590827999999999909e+00
1.596166999999999891e+00
1.601504999999999956e+00
1.606843000000000021e+00
1.612182000000000004e+00
1.617520000000000069e+00
1.622859000000000052e+00
1.628196999999999894e+00
1.633534999999999959e+00
1.638873999999999942e+00
1.644212000000000007e+00
1.649550000000000072e+00
1.654889000000000054e+00
1.660226999999999897e+00
1.665564999999999962e+00
1.670903999999999945e+00
1.676242000000000010e+00
1.681580000000000075e+00
1.686919000000000057e+00
1.692256999999999900e+00
1.697594999999999965e+00
1.702933999999999948e+00
1.708272000000000013e+00
1.713610000000000078e+00
1.718949000000000060e+00
1.724286999999999903e+00
1.729626000000000108e+00
1.734963999999999951e+00
1.740302000000000016e+00
1.745640999999999998e+00
1.750979000000000063e+00
1.756316999999999906e+00
1.761656000000000111e+00
1.766993999999999954e+00
1.772332000000000019e+00
1.777671000000000001e+00
1.783009000000000066e+00
1.788346999999999909e+00
1.793685999999999892e+00
1.799023999999999957e+00
1.804362000000000021e+00
1.809701000000000004e+00
1.815039000000000069e+00
1.820376999999999912e+00
1.825715999999999894e+00
1.831053999999999959e+00
1.836392999999999942e+00
1.841731000000000007e+00
1.847069000000000072e+00
1.852408000000000055e+00
1.857745999999999897e+00
1.863083999999999962e+00
1.868422999999999945e+00
1.873761000000000010e+00
1.879099000000000075e+00
1.884438000000000057e+00
1.889775999999999900e+00
1.895113999999999965e+00
1.900452999999999948e+00
1.905791000000000013e+00
1.911129000000000078e+00
1.916468000000000060e+00
1.921805999999999903e+00
1.927145000000000108e+00
1.932482999999999951e+00
1.937821000000000016e+00
1.943159999999999998e+00
1.948498000000000063e+00
1.953835999999999906e+00
1.959175000000000111e+00
1.964512999999999954e+00
1.969851000000000019e+00
1.975190000000000001e+00
1.980528000000000066e+00
1.985865999999999909e+00
1.991204999999999892e+00
1.996542999999999957e+00
2.001881000000000022e+00
2.007219999999999782e+00
2.012557999999999847e+00
2.017895999999999912e+00
2.023235000000000117e+00
2.028573000000000182e+00
2.033911999999999942e+00
2.039250000000000007e+00
2.044588000000000072e+00
2.049926999999999833e+00
2.055264999999999898e+00
2.060602999999999962e+00
2.065942000000000167e+00
2.071279999999999788e+00
2.076617999999999853e+00
2.081957000000000058e+00
2.087295000000000122e+00
2.092633000000000187e+00
2.097971999999999948e+00
2.103310000000000013e+00
2.108648000000000078e+00
2.113986999999999838e+00
2.119324999999999903e+00
2.124662999999999968e+00
2.130002000000000173e+00
2.135339999999999794e+00
2.140678999999999998e+00
2.146017000000000063e+00
2.151355000000000128e+00
2.156693999999999889e+00
2.162031999999999954e+00
2.167370000000000019e+00
2.172708999999999779e+00
2.178046999999999844e+00
2.183384999999999909e+00
2.188724000000000114e+00
2.194062000000000179e+00
2.199399999999999800e+00
2.204739000000000004e+00
2.210077000000000069e+00
2.215415000000000134e+00
2.220753999999999895e+00
2.226091999999999960e+00
2.231430000000000025e+00
2.236768999999999785e+00
2.242106999999999850e+00
2.247446000000000055e+00
2.252784000000000120e+00
2.258122000000000185e+00
2.263460999999999945e+00
2.268799000000000010e+00
2.274137000000000075e+00
2.279475999999999836e+00
2.284813999999999901e+00
2.290151999999999965e+00
2.295491000000000170e+00
2.300828999999999791e+00
2.306166999999999856e+00
2.311506000000000061e+00
2.316844000000000126e+00
2.322182000000000190e+00
2.327520999999999951e+00
2.332859000000000016e+00
2.338197000000000081e+00
2.343535999999999841e+00
2.348873999999999906e+00
2.354213000000000111e+00
2.359551000000000176e+00
2.364888999999999797e+00
2.370228000000000002e+00
2.375566000000000066e+00
2.380904000000000131e+00
2.386242999999999892e+00
2.391580999999999957e+00
2.396919000000000022e+00
2.402257999999999782e+00
2.407595999999999847e+00
2.412933999999999912e+00
2.418273000000000117e+00
2.423611000000000182e+00
2.428948999999999803e+00
2.434288000000000007e+00
2.439626000000000072e+00
2.444964000000000137e+00
2.450302999999999898e+00
2.455640999999999963e+00
2.460980000000000167e+00
2.466317999999999788e+00
2.471655999999999853e+00
2.476995000000000058e+00
2.482333000000000123e+00
2.487671000000000188e+00
2.493009999999999948e+00
2.498348000000000013e+00
2.503686000000000078e+00
2.509024999999999839e+00
2.514362999999999904e+00
2.519700999999999969e+00
2.525040000000000173e+00
2.530377999999999794e+00
2.535715999999999859e+00
2.541055000000000064e+00
2.546393000000000129e+00
2.551731999999999889e+00
2.557069999999999954e+00
2.562408000000000019e+00
2.567746999999999780e+00
2.573084999999999845e+00
2.578422999999999909e+00
2.583762000000000114e+00
2.589100000000000179e+00
2.594437999999999800e+00
2.599777000000000005e+00
2.605115000000000069e+00
2.610453000000000134e+00
2.615791999999999895e+00
2.621129999999999960e+00
2.626468000000000025e+00
2.631806999999999785e+00
2.637144999999999850e+00
2.642482999999999915e+00
2.647822000000000120e+00
2.653160000000000185e+00
2.658498999999999945e+00
2.663837000000000010e+00
2.669175000000000075e+00
2.674513999999999836e+00
2.679851999999999901e+00
2.685189999999999966e+00
2.690529000000000170e+00
2.695866999999999791e+00
2.701204999999999856e+00
2.706544000000000061e+00
2.711882000000000126e+00
2.717220000000000191e+00
2.722558999999999951e+00
2.727897000000000016e+00
2.733235000000000081e+00
2.738573999999999842e+00
2.743911999999999907e+00
2.749249999999999972e+00
2.754589000000000176e+00
2.759926999999999797e+00
2.765266000000000002e+00
2.770604000000000067e+00
2.775942000000000132e+00
2.781280999999999892e+00
2.786618999999999957e+00
2.791957000000000022e+00
2.797295999999999783e+00
2.802633999999999848e+00
2.807971999999999912e+00
2.813311000000000117e+00
2.818649000000000182e+00
2.823986999999999803e+00
2.829326000000000008e+00
2.834664000000000073e+00
2.840002000000000137e+00
2.845340999999999898e+00
2.850678999999999963e+00
2.856017000000000028e+00
2.861355999999999788e+00
2.866693999999999853e+00
2.872033000000000058e+00
2.877371000000000123e+00
2.882709000000000188e+00
2.888047999999999949e+00
2.893386000000000013e+00
2.898724000000000078e+00
2.904062999999999839e+00
2.909400999999999904e+00
2.914738999999999969e+00
2.920078000000000173e+00
2.925415999999999794e+00
2.930753999999999859e+00
2.936093000000000064e+00
2.941431000000000129e+00
2.946769000000000194e+00
2.952107999999999954e+00
2.957446000000000019e+00
2.962784000000000084e+00
2.968122999999999845e+00
2.973460999999999910e+00
2.978800000000000114e+00
2.984138000000000179e+00
2.989475999999999800e+00
2.994815000000000005e+00
3.000153000000000070e+00
3.005491000000000135e+00
3.010829999999999895e+00
3.016167999999999960e+00
3.021506000000000025e+00
3.026844999999999786e+00
3.032182999999999851e+00
3.037520999999999916e+00
3.042860000000000120e+00
3.048198000000000185e+00
3.053535999999999806e+00
3.058875000000000011e+00
3.064213000000000076e+00
3.069551000000000140e+00
3.074889999999999901e+00
3.080227999999999966e+00
3.085567000000000171e+00
3.090904999999999792e+00
3.096242999999999856e+00
3.101582000000000061e+00
3.106920000000000126e+00
3.112258000000000191e+00
3.117596999999999952e+00
3.122935000000000016e+00
3.128273000000000081e+00
3.133611999999999842e+00
3.138949999999999907e+00
3.144287999999999972e+00
3.149627000000000177e+00
3.154964999999999797e+00
3.160302999999999862e+00
3.165642000000000067e+00
3.170980000000000132e+00
3.176318999999999892e+00
3.181656999999999957e+00
3.186995000000000022e+00
3.192333999999999783e+00
3.197671999999999848e+00
3.203009999999999913e+00
3.208349000000000117e+00
3.213687000000000182e+00
3.219024999999999803e+00
3.224364000000000008e+00
3.229702000000000073e+00
3.235040000000000138e+00
3.240378999999999898e+00
3.245716999999999963e+00
3.251055000000000028e+00
3.256393999999999789e+00
3.261731999999999854e+00
3.267069999999999919e+00
3.272409000000000123e+00
3.277747000000000188e+00
3.283085999999999949e+00
3.288424000000000014e+00
3.293762000000000079e+00
3.299100999999999839e+00
3.304438999999999904e+00
3.309776999999999969e+00
3.315116000000000174e+00
3.320453999999999795e+00
3.325791999999999859e+00
3.331131000000000064e+00
3.336469000000000129e+00
3.341807000000000194e+00
3.347145999999999955e+00
3.352484000000000020e+00
3.357822000000000084e+00
3.363160999999999845e+00
3.368498999999999910e+00
3.373836999999999975e+00
3.379176000000000180e+00
3.384513999999999800e+00
3.389853000000000005e+00
3.395191000000000070e+00
3.400529000000000135e+00
3.405867999999999896e+00
3.411205999999999960e+00
3.416544000000000025e+00
3.421882999999999786e+00
3.427220999999999851e+00
3.432558999999999916e+00
3.437898000000000120e+00
3.443236000000000185e+00
3.448573999999999806e+00
3.453913000000000011e+00
3.459251000000000076e+00
3.464589000000000141e+00
3.469927999999999901e+00
3.475265999999999966e+00
3.480604000000000031e+00
3.485942999999999792e+00
3.491280999999999857e+00
3.496620000000000061e+00
3.501958000000000126e+00
3.507296000000000191e+00
3.512634999999999952e+00
3.517973000000000017e+00
3.523311000000000082e+00
3.528649999999999842e+00
3.533987999999999907e+00
3.539325999999999972e+00
3.544665000000000177e+00
3.550002999999999798e+00
3.555340999999999863e+00
3.560680000000000067e+00
3.566018000000000132e+00
3.571356000000000197e+00
3.576694999999999958e+00
3.582033000000000023e+00
3.587371000000000087e+00
3.592709999999999848e+00
3.598047999999999913e+00
3.603387000000000118e+00
3.608725000000000183e+00
3.614062999999999803e+00
3.619402000000000008e+00
3.624740000000000073e+00
3.630078000000000138e+00
3.635416999999999899e+00
3.640754999999999963e+00
3.646093000000000028e+00
3.651431999999999789e+00
3.656769999999999854e+00
3.662107999999999919e+00
3.667447000000000124e+00
3.672785000000000188e+00
3.678122999999999809e+00
3.683462000000000014e+00
3.688800000000000079e+00
3.694138999999999839e+00
3.699476999999999904e+00
3.704814999999999969e+00
3.710154000000000174e+00
3.715491999999999795e+00
3.720829999999999860e+00
3.726169000000000064e+00
3.731507000000000129e+00
3.736845000000000194e+00
3.742183999999999955e+00
3.747522000000000020e+00
3.752860000000000085e+00
3.758198999999999845e+00
3.763536999999999910e+00
3.768874999999999975e+00
3.774214000000000180e+00
3.779551999999999801e+00
3.784889999999999866e+00
3.790229000000000070e+00
3.795567000000000135e+00
3.800905999999999896e+00
3.806243999999999961e+00
3.811582000000000026e+00
3.816920999999999786e+00
3.822258999999999851e+00
3.827596999999999916e+00
3.832936000000000121e+00
3.838274000000000186e+00
3.843611999999999806e+00
3.848951000000000011e+00
3.854289000000000076e+00
3.859627000000000141e+00
3.864965999999999902e+00
3.870303999999999967e+00
3.875642000000000031e+00
3.880980999999999792e+00
3.886318999999999857e+00
3.891656999999999922e+00
3.896996000000000127e+00
3.902334000000000191e+00
3.907672999999999952e+00
3.913011000000000017e+00
3.918349000000000082e+00
3.923687999999999843e+00
3.929025999999999907e+00
3.934363999999999972e+00
3.939703000000000177e+00
3.945040999999999798e+00
3.950378999999999863e+00
3.955718000000000067e+00
3.961056000000000132e+00
3.966394000000000197e+00
3.971732999999999958e+00
3.977071000000000023e+00
3.982409000000000088e+00
3.987747999999999848e+00
3.993085999999999913e+00
3.998423999999999978e+00
4.003763000000000183e+00
4.009101000000000248e+00
4.014439999999999564e+00
4.019777999999999629e+00
4.025115999999999694e+00
4.030454999999999899e+00
4.035792999999999964e+00
4.041131000000000029e+00
4.046470000000000233e+00
4.051808000000000298e+00
4.057146000000000363e+00
4.062484999999999680e+00
4.067822999999999745e+00
4.073160999999999810e+00
4.078500000000000014e+00
4.083838000000000079e+00
4.089176000000000144e+00
4.094515000000000349e+00
4.099853000000000414e+00
4.105190999999999590e+00
4.110529999999999795e+00
4.115867999999999860e+00
4.121207000000000065e+00
4.126545000000000130e+00
4.131883000000000195e+00
4.137222000000000399e+00
4.142559999999999576e+00
4.147897999999999641e+00
4.153236999999999846e+00
4.158574999999999910e+00
4.163912999999999975e+00
4.169252000000000180e+00
4.174590000000000245e+00
4.179928000000000310e+00
4.185266999999999626e+00
4.190604999999999691e+00
4.195942999999999756e+00
4.201281999999999961e+00
4.206620000000000026e+00
4.211958000000000091e+00
4.217297000000000295e+00
4.222635000000000360e+00
4.227973999999999677e+00
4.233311999999999742e+00
4.238649999999999807e+00
4.243989000000000011e+00
4.249327000000000076e+00
4.254665000000000141e+00
4.260004000000000346e+00
4.265342000000000411e+00
4.270679999999999588e+00
4.276018999999999792e+00
4.281356999999999857e+00
4.286694999999999922e+00
4.292034000000000127e+00
4.297372000000000192e+00
4.302710000000000257e+00
4.308048999999999573e+00
4.313386999999999638e+00
4.318725999999999843e+00
4.324063999999999908e+00
4.329401999999999973e+00
4.334741000000000177e+00
4.340079000000000242e+00
4.345417000000000307e+00
4.350755999999999624e+00
4.356093999999999689e+00
4.361431999999999753e+00
4.366770999999999958e+00
4.372109000000000023e+00
4.377447000000000088e+00
4.382786000000000293e+00
4.388124000000000358e+00
4.393462000000000423e+00
4.398800999999999739e+00
4.404138999999999804e+00
4.409476999999999869e+00
4.414816000000000074e+00
4.420154000000000138e+00
4.425493000000000343e+00
4.430831000000000408e+00
4.436168999999999585e+00
4.441507999999999790e+00
4.446845999999999854e+00
4.452183999999999919e+00
4.457523000000000124e+00
4.462861000000000189e+00
4.468199000000000254e+00
4.473537999999999570e+00
4.478875999999999635e+00
4.484213999999999700e+00
4.489552999999999905e+00
4.494890999999999970e+00
4.500229000000000035e+00
4.505568000000000239e+00
4.510906000000000304e+00
4.516244000000000369e+00
4.521582999999999686e+00
4.526920999999999751e+00
4.532259999999999955e+00
4.537598000000000020e+00
4.542936000000000085e+00
4.548275000000000290e+00
4.553613000000000355e+00
4.558951000000000420e+00
4.564289999999999736e+00
4.569627999999999801e+00
4.574965999999999866e+00
4.580305000000000071e+00
4.585643000000000136e+00
4.590981000000000201e+00
4.596320000000000405e+00
4.601657999999999582e+00
4.606995999999999647e+00
4.612334999999999852e+00
4.617672999999999917e+00
4.623010999999999981e+00
4.628350000000000186e+00
4.633688000000000251e+00
4.639026999999999568e+00
4.644364999999999633e+00
4.649702999999999697e+00
4.655041999999999902e+00
4.660379999999999967e+00
4.665718000000000032e+00
4.671057000000000237e+00
4.676395000000000302e+00
4.681733000000000366e+00
4.687071999999999683e+00
4.692409999999999748e+00
4.697747999999999813e+00
4.703087000000000018e+00
4.708425000000000082e+00
4.713763000000000147e+00
4.719102000000000352e+00
4.724440000000000417e+00
4.729777999999999594e+00
4.735116999999999798e+00
4.740454999999999863e+00
4.745794000000000068e+00
4.751132000000000133e+00
4.756470000000000198e+00
4.761809000000000403e+00
4.767146999999999579e+00
4.772484999999999644e+00
4.777823999999999849e+00
4.783161999999999914e+00
4.788499999999999979e+00
4.793839000000000183e+00
4.799177000000000248e+00
4.804515000000000313e+00
4.809853999999999630e+00
4.815191999999999695e+00
4.820529999999999760e+00
4.825868999999999964e+00
4.831207000000000029e+00
4.836545000000000094e+00
4.841884000000000299e+00
4.847222000000000364e+00
4.852560999999999680e+00
4.857898999999999745e+00
4.863236999999999810e+00
4.868576000000000015e+00
4.873914000000000080e+00
4.879252000000000145e+00
4.884591000000000349e+00
4.889929000000000414e+00
4.895266999999999591e+00
4.900605999999999796e+00
4.905943999999999861e+00
4.911281999999999925e+00
4.916621000000000130e+00
4.921959000000000195e+00
4.927297000000000260e+00
4.932635999999999576e+00
4.937973999999999641e+00
4.943312999999999846e+00
4.948650999999999911e+00
4.953988999999999976e+00
4.959328000000000181e+00
4.964666000000000246e+00
4.970004000000000310e+00
4.975342999999999627e+00
4.980680999999999692e+00
4.986018999999999757e+00
4.991357999999999961e+00
4.996696000000000026e+00
5.002034000000000091e+00
5.007373000000000296e+00
5.012711000000000361e+00
5.018049000000000426e+00
5.023387999999999742e+00
5.028725999999999807e+00
5.034063999999999872e+00
5.039403000000000077e+00
5.044741000000000142e+00
5.050080000000000346e+00
5.055418000000000411e+00
5.060755999999999588e+00
5.066094999999999793e+00
5.071432999999999858e+00
5.076770999999999923e+00
5.082110000000000127e+00
5.087448000000000192e+00
5.092786000000000257e+00
5.098124999999999574e+00
5.103462999999999639e+00
5.108800999999999704e+00
5.114139999999999908e+00
5.119477999999999973e+00
5.124816000000000038e+00
5.130155000000000243e+00
5.135493000000000308e+00
5.140831000000000373e+00
5.146169999999999689e+00
5.151507999999999754e+00
5.156846999999999959e+00
5.162185000000000024e+00
5.167523000000000089e+00
5.172862000000000293e+00
5.178200000000000358e+00
5.183538000000000423e+00
5.188876999999999740e+00
5.194214999999999804e+00
5.199552999999999869e+00
5.204892000000000074e+00
5.210230000000000139e+00
5.215568000000000204e+00
5.220907000000000409e+00
5.226244999999999585e+00
5.231582999999999650e+00
5.236921999999999855e+00
5.242259999999999920e+00
5.247597999999999985e+00
5.252937000000000189e+00
5.258275000000000254e+00
5.263613999999999571e+00
5.268951999999999636e+00
5.274289999999999701e+00
5.279628999999999905e+00
5.284966999999999970e+00
5.290305000000000035e+00
5.295644000000000240e+00
5.300982000000000305e+00
5.306320000000000370e+00
5.311658999999999686e+00
5.316996999999999751e+00
5.322334999999999816e+00
5.327674000000000021e+00
5.333012000000000086e+00
