0.000000000000000000e+00
5.014300000000000181e-03
1.002860000000000036e-02
1.504289999999999967e-02
2.005720000000000072e-02
2.507150000000000004e-02
3.008579999999999935e-02
3.510010000000000213e-02
4.011440000000000144e-02
4.512870000000000076e-02
5.014300000000000007e-02
5.515729999999999938e-02
6.017159999999999870e-02
6.518590000000000495e-02
7.020020000000000426e-02
7.521450000000000358e-02
8.022880000000000289e-02
8.524310000000000220e-02
9.025740000000000152e-02
9.527170000000000083e-02
1.002860000000000001e-01
1.053002999999999995e-01
1.103145999999999988e-01
1.153288999999999981e-01
1.203431999999999974e-01
1.253575000000000106e-01
1.303718000000000099e-01
1.353861000000000092e-01
1.404004000000000085e-01
1.454147000000000078e-01
1.504290000000000072e-01
1.554433000000000065e-01
1.604576000000000058e-01
1.654719000000000051e-01
1.704862000000000044e-01
1.755005000000000037e-01
1.805148000000000030e-01
1.855291000000000023e-01
1.905434000000000017e-01
1.955577000000000010e-01
2.005720000000000003e-01
2.055862999999999996e-01
2.106005999999999989e-01
2.156148999999999982e-01
2.206291999999999975e-01
2.256434999999999969e-01
2.306577999999999962e-01
2.356720999999999955e-01
2.406863999999999948e-01
2.457006999999999941e-01
2.507150000000000212e-01
2.557292999999999927e-01
2.607436000000000198e-01
2.657578999999999914e-01
2.707722000000000184e-01
2.757864999999999900e-01
2.808008000000000171e-01
2.858150999999999886e-01
2.908294000000000157e-01
2.958436999999999872e-01
3.008580000000000143e-01
3.058722999999999859e-01
3.108866000000000129e-01
3.159008999999999845e-01
3.209152000000000116e-01
3.259294999999999831e-01
3.309438000000000102e-01
3.359580999999999817e-01
3.409724000000000088e-01
3.459866999999999804e-01
3.510010000000000074e-01
3.560152999999999790e-01
3.610296000000000061e-01
3.660438999999999776e-01
3.710582000000000047e-01
3.760724999999999763e-01
3.810868000000000033e-01
3.861010999999999749e-01
3.911154000000000019e-01
3.961296999999999735e-01
4.011440000000000006e-01
4.061583000000000276e-01
4.111725999999999992e-01
4.161869000000000263e-01
4.212011999999999978e-01
4.262155000000000249e-01
4.312297999999999965e-01
4.362441000000000235e-01
4.412583999999999951e-01
4.462727000000000221e-01
4.512869999999999937e-01
4.563013000000000208e-01
4.613155999999999923e-01
4.663299000000000194e-01
4.713441999999999910e-01
4.763585000000000180e-01
4.813727999999999896e-01
4.863871000000000167e-01
4.914013999999999882e-01
4.964157000000000153e-01
5.014300000000000423e-01
5.064442999999999584e-01
5.114585999999999855e-01
5.164729000000000125e-01
5.214872000000000396e-01
5.265014999999999556e-01
5.315157999999999827e-01
5.365301000000000098e-01
5.415444000000000369e-01
5.465586999999999529e-01
5.515729999999999800e-01
5.565873000000000070e-01
5.616016000000000341e-01
5.666158999999999502e-01
5.716301999999999772e-01
5.766445000000000043e-01
5.816588000000000314e-01
5.866730999999999474e-01
5.916873999999999745e-01
5.967017000000000015e-01
6.017160000000000286e-01
6.067302999999999447e-01
6.117445999999999717e-01
6.167588999999999988e-01
6.217732000000000259e-01
6.267875000000000529e-01
6.318017999999999690e-01
6.368160999999999961e-01
6.418304000000000231e-01
6.468447000000000502e-01
6.518589999999999662e-01
6.568732999999999933e-01
6.618876000000000204e-01
6.669019000000000474e-01
6.719161999999999635e-01
6.769304999999999906e-01
6.819448000000000176e-01
6.869591000000000447e-01
6.919733999999999607e-01
6.969876999999999878e-01
7.020020000000000149e-01
7.070163000000000419e-01
7.120305999999999580e-01
7.170448999999999851e-01
7.220592000000000121e-01
7.270735000000000392e-01
7.320877999999999552e-01
7.371020999999999823e-01
7.421164000000000094e-01
7.471307000000000365e-01
7.521449999999999525e-01
7.571592999999999796e-01
7.621736000000000066e-01
7.671879000000000337e-01
7.722021999999999498e-01
7.772164999999999768e-01
7.822308000000000039e-01
7.872451000000000310e-01
7.922593999999999470e-01
7.972736999999999741e-01
8.022880000000000011e-01
8.073023000000000282e-01
8.123166000000000553e-01
8.173308999999999713e-01
8.223451999999999984e-01
8.273595000000000255e-01
8.323738000000000525e-01
8.373880999999999686e-01
8.424023999999999957e-01
8.474167000000000227e-01
8.524310000000000498e-01
8.574452999999999658e-01
8.624595999999999929e-01
8.674739000000000200e-01
8.724882000000000470e-01
8.775024999999999631e-01
8.825167999999999902e-01
8.875311000000000172e-01
8.925454000000000443e-01
8.975596999999999603e-01
9.025739999999999874e-01
9.075883000000000145e-01
9.126026000000000415e-01
9.176168999999999576e-01
9.226311999999999847e-01
9.276455000000000117e-01
9.326598000000000388e-01
9.376740999999999548e-01
9.426883999999999819e-01
9.477027000000000090e-01
9.527170000000000361e-01
9.577312999999999521e-01
9.627455999999999792e-01
9.677599000000000062e-01
9.727742000000000333e-01
9.777884999999999494e-01
9.828027999999999764e-01
9.878171000000000035e-01
9.928314000000000306e-01
9.978456999999999466e-01
1.002860000000000085e+00
1.007873999999999937e+00
1.012888999999999928e+00
1.017903000000000002e+00
1.022917000000000076e+00
1.027930999999999928e+00
1.032945999999999920e+00
1.037959999999999994e+00
1.042974000000000068e+00
1.047989000000000059e+00
1.053002999999999911e+00
1.058016999999999985e+00
1.063031999999999977e+00
1.068046000000000051e+00
1.073059999999999903e+00
1.078073999999999977e+00
1.083088999999999968e+00
1.088103000000000042e+00
1.093116999999999894e+00
1.098132000000000108e+00
1.103145999999999960e+00
1.108160000000000034e+00
1.113175000000000026e+00
1.118189000000000100e+00
1.123202999999999951e+00
1.128217000000000025e+00
1.133232000000000017e+00
1.138246000000000091e+00
1.143259999999999943e+00
1.148274999999999935e+00
1.153289000000000009e+00
1.158303000000000083e+00
1.163318000000000074e+00
1.168331999999999926e+00
1.173346000000000000e+00
1.178360000000000074e+00
1.183375000000000066e+00
1.188388999999999918e+00
1.193402999999999992e+00
1.198417999999999983e+00
1.203432000000000057e+00
1.208445999999999909e+00
1.213460999999999901e+00
1.218474999999999975e+00
1.223489000000000049e+00
1.228502999999999901e+00
1.233517999999999892e+00
1.238531999999999966e+00
1.243546000000000040e+00
1.248561000000000032e+00
1.253575000000000106e+00
1.258588999999999958e+00
1.263603999999999949e+00
1.268618000000000023e+00
1.273632000000000097e+00
1.278645999999999949e+00
1.283660999999999941e+00
1.288675000000000015e+00
1.293689000000000089e+00
1.298704000000000081e+00
1.303717999999999932e+00
1.308732000000000006e+00
1.313746999999999998e+00
1.318761000000000072e+00
1.323774999999999924e+00
1.328788999999999998e+00
1.333803999999999990e+00
1.338818000000000064e+00
1.343831999999999915e+00
1.348846999999999907e+00
1.353860999999999981e+00
1.358875000000000055e+00
1.363890000000000047e+00
1.368903999999999899e+00
1.373917999999999973e+00
1.378932000000000047e+00
1.383947000000000038e+00
1.388960999999999890e+00
1.393974999999999964e+00
1.398989999999999956e+00
1.404004000000000030e+00
1.409018000000000104e+00
1.414033000000000095e+00
1.419046999999999947e+00
1.424061000000000021e+00
1.429075000000000095e+00
1.434090000000000087e+00
1.439103999999999939e+00
1.444118000000000013e+00
1.449133000000000004e+00
1.454147000000000078e+00
1.459160999999999930e+00
1.464175999999999922e+00
1.469189999999999996e+00
1.474204000000000070e+00
1.479217999999999922e+00
1.484232999999999913e+00
1.489246999999999987e+00
1.494261000000000061e+00
1.499276000000000053e+00
1.504289999999999905e+00
1.509303999999999979e+00
1.514318999999999971e+00
1.519333000000000045e+00
1.524346999999999897e+00
1.529360999999999970e+00
1.534375999999999962e+00
1.539390000000000036e+00
1.544404000000000110e+00
1.549419000000000102e+00
1.554432999999999954e+00
1.559447000000000028e+00
1.564462000000000019e+00
1.569476000000000093e+00
1.574489999999999945e+00
1.579504000000000019e+00
1.584519000000000011e+00
1.589533000000000085e+00
1.594546999999999937e+00
1.599561999999999928e+00
1.604576000000000002e+00
1.609590000000000076e+00
1.614605000000000068e+00
1.619618999999999920e+00
1.624632999999999994e+00
1.629647000000000068e+00
1.634662000000000059e+00
1.639675999999999911e+00
1.644689999999999985e+00
1.649704999999999977e+00
1.654719000000000051e+00
1.659732999999999903e+00
1.664747999999999895e+00
1.669761999999999968e+00
1.674776000000000042e+00
1.679789999999999894e+00
1.684805000000000108e+00
1.689818999999999960e+00
1.694833000000000034e+00
1.699848000000000026e+00
1.704862000000000100e+00
1.709875999999999951e+00
1.714890999999999943e+00
1.719905000000000017e+00
1.724919000000000091e+00
1.729932999999999943e+00
1.734947999999999935e+00
1.739962000000000009e+00
1.744976000000000083e+00
1.749991000000000074e+00
1.755004999999999926e+00
1.760019000000000000e+00
1.765033999999999992e+00
1.770048000000000066e+00
1.775061999999999918e+00
1.780075999999999992e+00
1.785090999999999983e+00
1.790105000000000057e+00
1.795118999999999909e+00
1.800133999999999901e+00
1.805147999999999975e+00
1.810162000000000049e+00
1.815177000000000040e+00
1.820190999999999892e+00
1.825204999999999966e+00
1.830219000000000040e+00
1.835234000000000032e+00
1.840248000000000106e+00
1.845261999999999958e+00
1.850276999999999950e+00
1.855291000000000023e+00
1.860305000000000097e+00
1.865320000000000089e+00
1.870333999999999941e+00
1.875348000000000015e+00
1.880362000000000089e+00
1.885377000000000081e+00
1.890390999999999933e+00
1.895405000000000006e+00
1.900419999999999998e+00
1.905434000000000072e+00
1.910447999999999924e+00
1.915462999999999916e+00
1.920476999999999990e+00
1.925491000000000064e+00
1.930504999999999916e+00
1.935519999999999907e+00
1.940533999999999981e+00
1.945548000000000055e+00
1.950563000000000047e+00
1.955576999999999899e+00
1.960590999999999973e+00
1.965605999999999964e+00
1.970620000000000038e+00
1.975633999999999890e+00
1.980647999999999964e+00
1.985662999999999956e+00
1.990677000000000030e+00
1.995691000000000104e+00
2.000706000000000095e+00
2.005720000000000169e+00
2.010733999999999799e+00
2.015749000000000013e+00
2.020763000000000087e+00
2.025777000000000161e+00
2.030790999999999791e+00
2.035806000000000004e+00
2.040820000000000078e+00
2.045834000000000152e+00
2.050848999999999922e+00
2.055862999999999996e+00
2.060877000000000070e+00
2.065891999999999840e+00
2.070905999999999914e+00
2.075919999999999987e+00
2.080934000000000061e+00
2.085948999999999831e+00
2.090962999999999905e+00
2.095976999999999979e+00
2.100992000000000193e+00
2.106005999999999823e+00
2.111019999999999897e+00
2.116035000000000110e+00
2.121049000000000184e+00
2.126062999999999814e+00
2.131076999999999888e+00
2.136092000000000102e+00
2.141106000000000176e+00
2.146119999999999806e+00
2.151135000000000019e+00
2.156149000000000093e+00
2.161163000000000167e+00
2.166177999999999937e+00
2.171192000000000011e+00
2.176206000000000085e+00
2.181220000000000159e+00
2.186234999999999928e+00
2.191249000000000002e+00
2.196263000000000076e+00
2.201277999999999846e+00
2.206291999999999920e+00
2.211305999999999994e+00
2.216321000000000208e+00
2.221334999999999837e+00
2.226348999999999911e+00
2.231362999999999985e+00
2.236378000000000199e+00
2.241391999999999829e+00
2.246405999999999903e+00
2.251421000000000117e+00
2.256435000000000191e+00
2.261448999999999820e+00
2.266464000000000034e+00
2.271478000000000108e+00
2.276492000000000182e+00
2.281505999999999812e+00
2.286521000000000026e+00
2.291535000000000100e+00
2.296549000000000174e+00
2.301563999999999943e+00
2.306578000000000017e+00
2.311592000000000091e+00
2.316606999999999861e+00
2.321620999999999935e+00
2.326635000000000009e+00
2.331649000000000083e+00
2.336663999999999852e+00
2.341677999999999926e+00
2.346692000000000000e+00
2.351707000000000214e+00
2.356720999999999844e+00
2.361734999999999918e+00
2.366750000000000131e+00
2.371764000000000205e+00
2.376777999999999835e+00
2.381791999999999909e+00
2.386807000000000123e+00
2.391821000000000197e+00
2.396834999999999827e+00
2.401850000000000041e+00
2.406864000000000114e+00
2.411878000000000188e+00
2.416892999999999958e+00
2.421907000000000032e+00
2.426921000000000106e+00
2.431935000000000180e+00
2.436949999999999950e+00
2.441964000000000024e+00
2.446978000000000097e+00
2.451992999999999867e+00
2.457006999999999941e+00
2.462021000000000015e+00
2.467035999999999785e+00
2.472049999999999859e+00
2.477063999999999933e+00
2.482078000000000007e+00
2.487093000000000220e+00
2.492106999999999850e+00
2.497120999999999924e+00
2.502136000000000138e+00
2.507150000000000212e+00
2.512163999999999842e+00
2.517179000000000055e+00
2.522193000000000129e+00
2.527207000000000203e+00
2.532220999999999833e+00
2.537236000000000047e+00
2.542250000000000121e+00
2.547264000000000195e+00
2.552278999999999964e+00
2.557293000000000038e+00
2.562307000000000112e+00
2.567321999999999882e+00
2.572335999999999956e+00
2.577350000000000030e+00
2.582364000000000104e+00
2.587378999999999873e+00
2.592392999999999947e+00
2.597407000000000021e+00
2.602421999999999791e+00
2.607435999999999865e+00
2.612449999999999939e+00
2.617465000000000153e+00
2.622478999999999782e+00
2.627492999999999856e+00
2.632506999999999930e+00
2.637522000000000144e+00
2.642536000000000218e+00
2.647549999999999848e+00
2.652565000000000062e+00
2.657579000000000136e+00
2.662593000000000210e+00
2.667607999999999979e+00
2.672622000000000053e+00
2.677636000000000127e+00
2.682650000000000201e+00
2.687664999999999971e+00
2.692679000000000045e+00
2.697693000000000119e+00
2.702707999999999888e+00
2.707721999999999962e+00
2.712736000000000036e+00
2.717750999999999806e+00
2.722764999999999880e+00
2.727778999999999954e+00
2.732793000000000028e+00
2.737807999999999797e+00
2.742821999999999871e+00
2.747835999999999945e+00
2.752851000000000159e+00
2.757864999999999789e+00
2.762878999999999863e+00
2.767894000000000077e+00
2.772908000000000150e+00
2.777921999999999780e+00
2.782935999999999854e+00
2.787951000000000068e+00
2.792965000000000142e+00
2.797979000000000216e+00
2.802993999999999986e+00
2.808008000000000060e+00
2.813022000000000133e+00
2.818036999999999903e+00
2.823050999999999977e+00
2.828065000000000051e+00
2.833079000000000125e+00
2.838093999999999895e+00
2.843107999999999969e+00
2.848122000000000043e+00
2.853136999999999812e+00
2.858150999999999886e+00
2.863164999999999960e+00
2.868180000000000174e+00
2.873193999999999804e+00
2.878207999999999878e+00
2.883221999999999952e+00
2.888237000000000165e+00
2.893250999999999795e+00
2.898264999999999869e+00
2.903280000000000083e+00
2.908294000000000157e+00
2.913307999999999787e+00
2.918323000000000000e+00
2.923337000000000074e+00
2.928351000000000148e+00
2.933364999999999778e+00
2.938379999999999992e+00
2.943394000000000066e+00
2.948408000000000140e+00
2.953422999999999909e+00
2.958436999999999983e+00
2.963451000000000057e+00
2.968465999999999827e+00
2.973479999999999901e+00
2.978493999999999975e+00
2.983508000000000049e+00
2.988522999999999818e+00
2.993536999999999892e+00
2.998550999999999966e+00
3.003566000000000180e+00
3.008579999999999810e+00
3.013593999999999884e+00
3.018609000000000098e+00
3.023623000000000172e+00
3.028636999999999802e+00
3.033650999999999875e+00
3.038666000000000089e+00
3.043680000000000163e+00
3.048693999999999793e+00
3.053709000000000007e+00
3.058723000000000081e+00
3.063737000000000155e+00
3.068751999999999924e+00
3.073765999999999998e+00
3.078780000000000072e+00
3.083794000000000146e+00
3.088808999999999916e+00
3.093822999999999990e+00
3.098837000000000064e+00
3.103851999999999833e+00
3.108865999999999907e+00
3.113879999999999981e+00
3.118895000000000195e+00
3.123908999999999825e+00
3.128922999999999899e+00
3.133936999999999973e+00
3.138952000000000186e+00
3.143965999999999816e+00
3.148979999999999890e+00
3.153995000000000104e+00
3.159009000000000178e+00
3.164022999999999808e+00
3.169038000000000022e+00
3.174052000000000096e+00
3.179066000000000169e+00
3.184079999999999799e+00
3.189095000000000013e+00
3.194109000000000087e+00
3.199123000000000161e+00
3.204137999999999931e+00
3.209152000000000005e+00
3.214166000000000079e+00
3.219180999999999848e+00
3.224194999999999922e+00
3.229208999999999996e+00
3.234223000000000070e+00
3.239237999999999840e+00
3.244251999999999914e+00
3.249265999999999988e+00
3.254281000000000201e+00
3.259294999999999831e+00
3.264308999999999905e+00
3.269324000000000119e+00
3.274338000000000193e+00
3.279351999999999823e+00
3.284365999999999897e+00
3.289381000000000110e+00
3.294395000000000184e+00
3.299408999999999814e+00
3.304424000000000028e+00
3.309438000000000102e+00
3.314452000000000176e+00
3.319466999999999945e+00
3.324481000000000019e+00
3.329495000000000093e+00
3.334509000000000167e+00
3.339523999999999937e+00
3.344538000000000011e+00
3.349552000000000085e+00
3.354566999999999855e+00
3.359580999999999928e+00
3.364595000000000002e+00
3.369610000000000216e+00
3.374623999999999846e+00
3.379637999999999920e+00
3.384651999999999994e+00
3.389667000000000208e+00
3.394680999999999838e+00
3.399694999999999911e+00
3.404710000000000125e+00
3.409724000000000199e+00
3.414737999999999829e+00
3.419753000000000043e+00
3.424767000000000117e+00
3.429781000000000191e+00
3.434794999999999821e+00
3.439810000000000034e+00
3.444824000000000108e+00
3.449838000000000182e+00
3.454852999999999952e+00
3.459867000000000026e+00
3.464881000000000100e+00
3.469895999999999869e+00
3.474909999999999943e+00
3.479924000000000017e+00
3.484938000000000091e+00
3.489952999999999861e+00
3.494966999999999935e+00
3.499981000000000009e+00
3.504995999999999778e+00
3.510009999999999852e+00
3.515023999999999926e+00
3.520039000000000140e+00
3.525053000000000214e+00
3.530066999999999844e+00
3.535080999999999918e+00
3.540096000000000132e+00
3.545110000000000205e+00
3.550123999999999835e+00
3.555139000000000049e+00
3.560153000000000123e+00
3.565167000000000197e+00
3.570181999999999967e+00
3.575196000000000041e+00
3.580210000000000115e+00
3.585224000000000188e+00
3.590238999999999958e+00
3.595253000000000032e+00
3.600267000000000106e+00
3.605281999999999876e+00
3.610295999999999950e+00
3.615310000000000024e+00
3.620324999999999793e+00
3.625338999999999867e+00
3.630352999999999941e+00
3.635367000000000015e+00
3.640381999999999785e+00
3.645395999999999859e+00
3.650409999999999933e+00
3.655425000000000146e+00
3.660439000000000220e+00
3.665452999999999850e+00
3.670468000000000064e+00
3.675482000000000138e+00
3.680496000000000212e+00
3.685509999999999842e+00
3.690525000000000055e+00
3.695539000000000129e+00
3.700553000000000203e+00
3.705567999999999973e+00
3.710582000000000047e+00
3.715596000000000121e+00
3.720610999999999891e+00
3.725624999999999964e+00
3.730639000000000038e+00
3.735653000000000112e+00
3.740667999999999882e+00
3.745681999999999956e+00
3.750696000000000030e+00
3.755710999999999800e+00
3.760724999999999874e+00
3.765738999999999947e+00
3.770754000000000161e+00
3.775767999999999791e+00
3.780781999999999865e+00
3.785795999999999939e+00
3.790811000000000153e+00
3.795824999999999783e+00
3.800838999999999857e+00
3.805854000000000070e+00
3.810868000000000144e+00
3.815882000000000218e+00
3.820896999999999988e+00
3.825911000000000062e+00
3.830925000000000136e+00
3.835939000000000210e+00
3.840953999999999979e+00
3.845968000000000053e+00
3.850982000000000127e+00
3.855996999999999897e+00
3.861010999999999971e+00
3.866025000000000045e+00
3.871039999999999814e+00
3.876053999999999888e+00
3.881067999999999962e+00
3.886082000000000036e+00
3.891096999999999806e+00
3.896110999999999880e+00
3.901124999999999954e+00
3.906140000000000168e+00
3.911153999999999797e+00
3.916167999999999871e+00
3.921183000000000085e+00
3.926197000000000159e+00
3.931210999999999789e+00
3.936224999999999863e+00
3.941240000000000077e+00
3.946254000000000151e+00
3.951267999999999780e+00
3.956282999999999994e+00
3.961297000000000068e+00
3.966311000000000142e+00
3.971325999999999912e+00
3.976339999999999986e+00
3.981354000000000060e+00
3.986368000000000134e+00
3.991382999999999903e+00
3.996396999999999977e+00
4.001411000000000051e+00
4.006426000000000265e+00
4.011440000000000339e+00
4.016454000000000413e+00
4.021468999999999738e+00
4.026482999999999812e+00
4.031496999999999886e+00
4.036510999999999960e+00
4.041526000000000174e+00
4.046540000000000248e+00
4.051554000000000322e+00
4.056568999999999647e+00
4.061582999999999721e+00
4.066596999999999795e+00
4.071612000000000009e+00
4.076626000000000083e+00
4.081640000000000157e+00
4.086654000000000231e+00
4.091668999999999556e+00
4.096682999999999630e+00
4.101696999999999704e+00
4.106711999999999918e+00
4.111725999999999992e+00
4.116740000000000066e+00
4.121755000000000280e+00
4.126769000000000354e+00
4.131783000000000428e+00
4.136796999999999613e+00
4.141811999999999827e+00
4.146825999999999901e+00
4.151839999999999975e+00
4.156855000000000189e+00
4.161869000000000263e+00
4.166883000000000337e+00
4.171897999999999662e+00
4.176911999999999736e+00
4.181925999999999810e+00
4.186939999999999884e+00
4.191955000000000098e+00
4.196969000000000172e+00
4.201983000000000246e+00
4.206997999999999571e+00
4.212011999999999645e+00
4.217025999999999719e+00
4.222040999999999933e+00
4.227055000000000007e+00
4.232069000000000081e+00
4.237083000000000155e+00
4.242098000000000368e+00
4.247112000000000442e+00
4.252125999999999628e+00
4.257140999999999842e+00
4.262154999999999916e+00
4.267168999999999990e+00
4.272184000000000204e+00
4.277198000000000278e+00
4.282212000000000351e+00
4.287226000000000425e+00
4.292240999999999751e+00
4.297254999999999825e+00
4.302268999999999899e+00
4.307284000000000113e+00
4.312298000000000187e+00
4.317312000000000261e+00
4.322326999999999586e+00
4.327340999999999660e+00
4.332354999999999734e+00
4.337368999999999808e+00
4.342384000000000022e+00
4.347398000000000096e+00
4.352412000000000170e+00
4.357427000000000383e+00
4.362440999999999569e+00
4.367454999999999643e+00
4.372469999999999857e+00
4.377483999999999931e+00
4.382498000000000005e+00
4.387512000000000079e+00
4.392527000000000292e+00
4.397541000000000366e+00
4.402555000000000440e+00
4.407569999999999766e+00
4.412583999999999840e+00
4.417597999999999914e+00
4.422611999999999988e+00
4.427627000000000201e+00
4.432641000000000275e+00
4.437655000000000349e+00
4.442669999999999675e+00
4.447683999999999749e+00
4.452697999999999823e+00
4.457713000000000036e+00
4.462727000000000110e+00
4.467741000000000184e+00
4.472755000000000258e+00
4.477769999999999584e+00
4.482783999999999658e+00
4.487797999999999732e+00
4.492812999999999946e+00
4.497827000000000019e+00
4.502841000000000093e+00
4.507856000000000307e+00
4.512870000000000381e+00
4.517883999999999567e+00
4.522897999999999641e+00
4.527912999999999855e+00
4.532926999999999929e+00
4.537941000000000003e+00
4.542956000000000216e+00
4.547970000000000290e+00
4.552984000000000364e+00
4.557998999999999690e+00
4.563012999999999764e+00
4.568026999999999838e+00
4.573040999999999912e+00
4.578056000000000125e+00
4.583070000000000199e+00
4.588084000000000273e+00
4.593098999999999599e+00
4.598112999999999673e+00
4.603126999999999747e+00
4.608141999999999960e+00
4.613156000000000034e+00
4.618170000000000108e+00
4.623184000000000182e+00
4.628199000000000396e+00
4.633212999999999582e+00
4.638226999999999656e+00
4.643241999999999869e+00
4.648255999999999943e+00
4.653270000000000017e+00
4.658285000000000231e+00
4.663299000000000305e+00
4.668313000000000379e+00
4.673326999999999565e+00
4.678341999999999778e+00
4.683355999999999852e+00
4.688369999999999926e+00
4.693385000000000140e+00
4.698399000000000214e+00
4.703413000000000288e+00
4.708427999999999614e+00
4.713441999999999688e+00
4.718455999999999761e+00
4.723469999999999835e+00
4.728485000000000049e+00
4.733499000000000123e+00
4.738513000000000197e+00
4.743528000000000411e+00
4.748541999999999597e+00
4.753555999999999671e+00
4.758570999999999884e+00
4.763584999999999958e+00
4.768599000000000032e+00
4.773613000000000106e+00
4.778628000000000320e+00
4.783642000000000394e+00
4.788655999999999580e+00
4.793670999999999793e+00
4.798684999999999867e+00
4.803698999999999941e+00
4.808714000000000155e+00
4.813728000000000229e+00
4.818742000000000303e+00
4.823756000000000377e+00
4.828770999999999702e+00
4.833784999999999776e+00
4.838798999999999850e+00
4.843814000000000064e+00
4.848828000000000138e+00
4.853842000000000212e+00
4.858857000000000426e+00
4.863870999999999611e+00
4.868884999999999685e+00
4.873898999999999759e+00
4.878913999999999973e+00
4.883928000000000047e+00
4.888942000000000121e+00
4.893957000000000335e+00
4.898971000000000409e+00
4.903984999999999594e+00
4.908999999999999808e+00
4.914013999999999882e+00
4.919027999999999956e+00
4.924042000000000030e+00
4.929057000000000244e+00
4.934071000000000318e+00
4.939085000000000392e+00
4.944099999999999717e+00
4.949113999999999791e+00
4.954127999999999865e+00
4.959143000000000079e+00
4.964157000000000153e+00
4.969171000000000227e+00
4.974185000000000301e+00
4.979199999999999626e+00
4.984213999999999700e+00
4.989227999999999774e+00
4.994242999999999988e+00
4.999257000000000062e+00
5.004271000000000136e+00
5.009286000000000350e+00
