0.000000000000000000e+00
5.148358999999999921e-03
1.029672000000000052e-02
1.544507999999999992e-02
2.059342999999999937e-02
2.574179000000000050e-02
3.089015000000000163e-02
3.603851000000000276e-02
4.118687000000000042e-02
4.633522999999999809e-02
5.148359000000000268e-02
5.663195000000000034e-02
6.178030000000000327e-02
6.692866000000000093e-02
7.207702000000000553e-02
7.722537999999999625e-02
8.237374000000000085e-02
8.752210000000000545e-02
9.267045999999999617e-02
9.781882000000000077e-02
1.029671999999999948e-01
1.081155000000000033e-01
1.132639000000000007e-01
1.184121999999999952e-01
1.235606000000000065e-01
1.287089999999999901e-01
1.338573000000000124e-01
1.390057000000000098e-01
1.441540000000000044e-01
1.493024000000000018e-01
1.544507999999999992e-01
1.595990999999999937e-01
1.647474999999999912e-01
1.698958000000000135e-01
1.750442000000000109e-01
1.801926000000000083e-01
1.853409000000000029e-01
1.904893000000000003e-01
1.956375999999999948e-01
2.007859999999999923e-01
2.059342999999999868e-01
2.110827000000000120e-01
2.162311000000000094e-01
2.213794000000000040e-01
2.265278000000000014e-01
2.316760999999999959e-01
2.368244999999999933e-01
2.419728999999999908e-01
2.471212000000000131e-01
2.522695999999999827e-01
2.574178999999999773e-01
2.625662999999999747e-01
2.677147000000000276e-01
2.728630000000000222e-01
2.780114000000000196e-01
2.831597000000000142e-01
2.883081000000000116e-01
2.934564000000000061e-01
2.986048000000000036e-01
3.037532000000000010e-01
3.089014999999999955e-01
3.140498999999999929e-01
3.191981999999999875e-01
3.243465999999999849e-01
3.294949999999999823e-01
3.346432999999999769e-01
3.397916999999999743e-01
3.449400000000000244e-01
3.500884000000000218e-01
3.552367000000000163e-01
3.603851000000000138e-01
3.655335000000000112e-01
3.706818000000000057e-01
3.758302000000000032e-01
3.809784999999999977e-01
3.861268999999999951e-01
3.912752999999999926e-01
3.964235999999999871e-01
4.015719999999999845e-01
4.067202999999999791e-01
4.118686999999999765e-01
4.170170999999999739e-01
4.221654000000000240e-01
4.273138000000000214e-01
4.324621000000000159e-01
4.376105000000000134e-01
4.427588000000000079e-01
4.479072000000000053e-01
4.530556000000000028e-01
4.582038999999999973e-01
4.633522999999999947e-01
4.685005999999999893e-01
4.736489999999999867e-01
4.787973999999999841e-01
4.839456999999999787e-01
4.890940999999999761e-01
4.942424000000000262e-01
4.993908000000000236e-01
5.045391999999999655e-01
5.096874999999999600e-01
5.148359000000000130e-01
5.199842000000000075e-01
5.251325999999999494e-01
5.302809000000000550e-01
5.354292999999999969e-01
5.405777000000000498e-01
5.457260000000000444e-01
5.508743999999999863e-01
5.560226999999999808e-01
5.611711000000000338e-01
5.663194999999999757e-01
5.714677999999999702e-01
5.766162000000000232e-01
5.817645000000000177e-01
5.869128999999999596e-01
5.920611999999999542e-01
5.972096000000000071e-01
6.023579999999999490e-01
6.075063000000000546e-01
6.126546999999999965e-01
6.178029999999999911e-01
6.229514000000000440e-01
6.280997999999999859e-01
6.332480999999999804e-01
6.383965000000000334e-01
6.435448000000000279e-01
6.486931999999999698e-01
6.538416000000000228e-01
6.589899000000000173e-01
6.641382999999999592e-01
6.692865999999999538e-01
6.744350000000000067e-01
6.795833000000000013e-01
6.847317000000000542e-01
6.898800999999999961e-01
6.950283999999999907e-01
7.001768000000000436e-01
7.053251000000000381e-01
7.104734999999999800e-01
7.156219000000000330e-01
7.207702000000000275e-01
7.259185999999999694e-01
7.310668999999999640e-01
7.362153000000000169e-01
7.413636999999999588e-01
7.465119999999999534e-01
7.516604000000000063e-01
7.568087000000000009e-01
7.619571000000000538e-01
7.671054000000000483e-01
7.722537999999999903e-01
7.774022000000000432e-01
7.825505000000000377e-01
7.876988999999999796e-01
7.928471999999999742e-01
7.979956000000000271e-01
8.031439999999999690e-01
8.082922999999999636e-01
8.134407000000000165e-01
8.185890000000000111e-01
8.237373999999999530e-01
8.288856999999999475e-01
8.340341000000000005e-01
8.391825000000000534e-01
8.443308000000000479e-01
8.494791999999999899e-01
8.546274999999999844e-01
8.597759000000000373e-01
8.649242999999999792e-01
8.700725999999999738e-01
8.752210000000000267e-01
8.803693000000000213e-01
8.855176999999999632e-01
8.906661000000000161e-01
8.958144000000000107e-01
9.009627999999999526e-01
9.061110999999999471e-01
9.112595000000000001e-01
9.164077999999999946e-01
9.215562000000000475e-01
9.267045999999999895e-01
9.318528999999999840e-01
9.370013000000000369e-01
9.421496000000000315e-01
9.472979999999999734e-01
9.524464000000000263e-01
9.575947000000000209e-01
9.627430999999999628e-01
9.678913999999999573e-01
9.730398000000000103e-01
9.781881999999999522e-01
9.833364999999999467e-01
9.884848999999999997e-01
9.936331999999999942e-01
9.987816000000000471e-01
1.003929999999999989e+00
1.009077999999999919e+00
1.014226999999999990e+00
1.019374999999999920e+00
1.024523000000000073e+00
1.029671999999999921e+00
1.034820000000000073e+00
1.039968000000000004e+00
1.045117000000000074e+00
1.050265000000000004e+00
1.055414000000000074e+00
1.060562000000000005e+00
1.065709999999999935e+00
1.070859000000000005e+00
1.076006999999999936e+00
1.081155000000000088e+00
1.086303999999999936e+00
1.091452000000000089e+00
1.096600000000000019e+00
1.101749000000000089e+00
1.106897000000000020e+00
1.112044999999999950e+00
1.117194000000000020e+00
1.122341999999999951e+00
1.127491000000000021e+00
1.132638999999999951e+00
1.137787000000000104e+00
1.142935999999999952e+00
1.148084000000000104e+00
1.153232000000000035e+00
1.158381000000000105e+00
1.163529000000000035e+00
1.168676999999999966e+00
1.173826000000000036e+00
1.178973999999999966e+00
1.184121999999999897e+00
1.189270999999999967e+00
1.194418999999999897e+00
1.199567999999999968e+00
1.204715999999999898e+00
1.209864000000000051e+00
1.215012999999999899e+00
1.220161000000000051e+00
1.225308999999999982e+00
1.230458000000000052e+00
1.235605999999999982e+00
1.240753999999999913e+00
1.245902999999999983e+00
1.251050999999999913e+00
1.256199999999999983e+00
1.261347999999999914e+00
1.266496000000000066e+00
1.271644999999999914e+00
1.276793000000000067e+00
1.281940999999999997e+00
1.287090000000000067e+00
1.292237999999999998e+00
1.297385999999999928e+00
1.302534999999999998e+00
1.307682999999999929e+00
1.312831000000000081e+00
1.317979999999999929e+00
1.323128000000000082e+00
1.328276999999999930e+00
1.333425000000000082e+00
1.338573000000000013e+00
1.343722000000000083e+00
1.348870000000000013e+00
1.354017999999999944e+00
1.359167000000000014e+00
1.364314999999999944e+00
1.369463000000000097e+00
1.374611999999999945e+00
1.379760000000000097e+00
1.384908000000000028e+00
1.390057000000000098e+00
1.395205000000000028e+00
1.400354000000000099e+00
1.405502000000000029e+00
1.410649999999999959e+00
1.415799000000000030e+00
1.420946999999999960e+00
1.426094999999999891e+00
1.431243999999999961e+00
1.436391999999999891e+00
1.441540000000000044e+00
1.446688999999999892e+00
1.451837000000000044e+00
1.456985999999999892e+00
1.462134000000000045e+00
1.467281999999999975e+00
1.472431000000000045e+00
1.477578999999999976e+00
1.482726999999999906e+00
1.487875999999999976e+00
1.493023999999999907e+00
1.498172000000000059e+00
1.503320999999999907e+00
1.508469000000000060e+00
1.513616999999999990e+00
1.518766000000000060e+00
1.523913999999999991e+00
1.529063000000000061e+00
1.534210999999999991e+00
1.539358999999999922e+00
1.544507999999999992e+00
1.549655999999999922e+00
1.554804000000000075e+00
1.559952999999999923e+00
1.565101000000000075e+00
1.570249000000000006e+00
1.575398000000000076e+00
1.580546000000000006e+00
1.585693999999999937e+00
1.590843000000000007e+00
1.595990999999999937e+00
1.601140000000000008e+00
1.606287999999999938e+00
1.611436000000000091e+00
1.616584999999999939e+00
1.621733000000000091e+00
1.626881000000000022e+00
1.632030000000000092e+00
1.637178000000000022e+00
1.642325999999999953e+00
1.647475000000000023e+00
1.652622999999999953e+00
1.657771000000000106e+00
1.662919999999999954e+00
1.668068000000000106e+00
1.673216999999999954e+00
1.678365000000000107e+00
1.683513000000000037e+00
1.688662000000000107e+00
1.693810000000000038e+00
1.698957999999999968e+00
1.704107000000000038e+00
1.709254999999999969e+00
1.714402999999999899e+00
1.719551999999999969e+00
1.724699999999999900e+00
1.729848999999999970e+00
1.734996999999999900e+00
1.740145000000000053e+00
1.745293999999999901e+00
1.750442000000000053e+00
1.755589999999999984e+00
1.760739000000000054e+00
1.765886999999999984e+00
1.771034999999999915e+00
1.776183999999999985e+00
1.781331999999999915e+00
1.786480000000000068e+00
1.791628999999999916e+00
1.796777000000000069e+00
1.801925999999999917e+00
1.807074000000000069e+00
1.812222000000000000e+00
1.817371000000000070e+00
1.822519000000000000e+00
1.827666999999999931e+00
1.832816000000000001e+00
1.837963999999999931e+00
1.843112000000000084e+00
1.848260999999999932e+00
1.853409000000000084e+00
1.858557000000000015e+00
1.863706000000000085e+00
1.868854000000000015e+00
1.874003000000000085e+00
1.879151000000000016e+00
1.884298999999999946e+00
1.889448000000000016e+00
1.894595999999999947e+00
1.899744000000000099e+00
1.904892999999999947e+00
1.910041000000000100e+00
1.915189000000000030e+00
1.920338000000000100e+00
1.925486000000000031e+00
1.930635000000000101e+00
1.935783000000000031e+00
1.940930999999999962e+00
1.946080000000000032e+00
1.951227999999999962e+00
1.956375999999999893e+00
1.961524999999999963e+00
1.966672999999999893e+00
1.971821000000000046e+00
1.976969999999999894e+00
1.982118000000000047e+00
1.987265999999999977e+00
1.992415000000000047e+00
1.997562999999999978e+00
2.002711999999999826e+00
2.007859999999999978e+00
2.013008000000000131e+00
2.018156999999999979e+00
2.023305000000000131e+00
2.028452999999999840e+00
2.033602000000000132e+00
2.038749999999999840e+00
2.043897999999999993e+00
2.049046999999999841e+00
2.054194999999999993e+00
2.059343000000000146e+00
2.064491999999999994e+00
2.069640000000000146e+00
2.074788999999999994e+00
2.079937000000000147e+00
2.085084999999999855e+00
2.090234000000000147e+00
2.095381999999999856e+00
2.100530000000000008e+00
2.105678999999999856e+00
2.110827000000000009e+00
2.115975000000000161e+00
2.121124000000000009e+00
2.126272000000000162e+00
2.131419999999999870e+00
2.136569000000000162e+00
2.141716999999999871e+00
2.146866000000000163e+00
2.152013999999999871e+00
2.157162000000000024e+00
2.162310999999999872e+00
2.167459000000000024e+00
2.172607000000000177e+00
2.177756000000000025e+00
2.182904000000000178e+00
2.188051999999999886e+00
2.193201000000000178e+00
2.198348999999999887e+00
2.203498000000000179e+00
2.208645999999999887e+00
2.213794000000000040e+00
2.218942999999999888e+00
2.224091000000000040e+00
2.229239000000000193e+00
2.234388000000000041e+00
2.239536000000000193e+00
2.244683999999999902e+00
2.249833000000000194e+00
2.254980999999999902e+00
2.260129000000000055e+00
2.265277999999999903e+00
2.270426000000000055e+00
2.275574999999999903e+00
2.280723000000000056e+00
2.285871000000000208e+00
2.291020000000000056e+00
2.296168000000000209e+00
2.301315999999999917e+00
2.306465000000000209e+00
2.311612999999999918e+00
2.316761000000000070e+00
2.321909999999999918e+00
2.327058000000000071e+00
2.332205999999999779e+00
2.337355000000000071e+00
2.342502999999999780e+00
2.347652000000000072e+00
2.352799999999999780e+00
2.357947999999999933e+00
2.363096999999999781e+00
2.368244999999999933e+00
2.373393000000000086e+00
2.378541999999999934e+00
2.383690000000000087e+00
2.388837999999999795e+00
2.393987000000000087e+00
2.399134999999999796e+00
2.404284000000000088e+00
2.409431999999999796e+00
2.414579999999999949e+00
2.419728999999999797e+00
2.424876999999999949e+00
2.430025000000000102e+00
2.435173999999999950e+00
2.440322000000000102e+00
2.445469999999999811e+00
2.450619000000000103e+00
2.455766999999999811e+00
2.460914999999999964e+00
2.466063999999999812e+00
2.471211999999999964e+00
2.476360999999999812e+00
2.481508999999999965e+00
2.486657000000000117e+00
2.491805999999999965e+00
2.496954000000000118e+00
2.502101999999999826e+00
2.507251000000000118e+00
2.512398999999999827e+00
2.517546999999999979e+00
2.522695999999999827e+00
2.527843999999999980e+00
2.532992000000000132e+00
2.538140999999999980e+00
2.543289000000000133e+00
2.548437999999999981e+00
2.553586000000000134e+00
2.558733999999999842e+00
2.563883000000000134e+00
2.569030999999999842e+00
2.574178999999999995e+00
2.579327999999999843e+00
2.584475999999999996e+00
2.589624000000000148e+00
2.594772999999999996e+00
2.599921000000000149e+00
2.605068999999999857e+00
2.610218000000000149e+00
2.615365999999999858e+00
2.620515000000000150e+00
2.625662999999999858e+00
2.630811000000000011e+00
2.635959999999999859e+00
2.641108000000000011e+00
2.646256000000000164e+00
2.651405000000000012e+00
2.656553000000000164e+00
2.661700999999999873e+00
2.666850000000000165e+00
2.671997999999999873e+00
2.677147000000000165e+00
2.682294999999999874e+00
2.687443000000000026e+00
2.692591999999999874e+00
2.697740000000000027e+00
2.702888000000000179e+00
2.708037000000000027e+00
2.713185000000000180e+00
2.718332999999999888e+00
2.723482000000000181e+00
2.728629999999999889e+00
2.733778000000000041e+00
2.738926999999999889e+00
2.744075000000000042e+00
2.749223999999999890e+00
2.754372000000000043e+00
2.759520000000000195e+00
2.764669000000000043e+00
2.769817000000000196e+00
2.774964999999999904e+00
2.780114000000000196e+00
2.785261999999999905e+00
2.790410000000000057e+00
2.795558999999999905e+00
2.800707000000000058e+00
2.805855000000000210e+00
2.811004000000000058e+00
2.816152000000000211e+00
2.821301000000000059e+00
2.826449000000000211e+00
2.831596999999999920e+00
2.836746000000000212e+00
2.841893999999999920e+00
2.847042000000000073e+00
2.852190999999999921e+00
2.857339000000000073e+00
2.862486999999999782e+00
2.867636000000000074e+00
2.872783999999999782e+00
2.877933000000000074e+00
2.883080999999999783e+00
2.888228999999999935e+00
2.893377999999999783e+00
2.898525999999999936e+00
2.903674000000000088e+00
2.908822999999999936e+00
2.913971000000000089e+00
2.919118999999999797e+00
2.924268000000000089e+00
2.929415999999999798e+00
2.934563999999999950e+00
2.939712999999999798e+00
2.944860999999999951e+00
2.950009999999999799e+00
2.955157999999999952e+00
2.960306000000000104e+00
2.965454999999999952e+00
2.970603000000000105e+00
2.975750999999999813e+00
2.980900000000000105e+00
2.986047999999999814e+00
2.991195999999999966e+00
2.996344999999999814e+00
3.001492999999999967e+00
3.006641000000000119e+00
3.011789999999999967e+00
3.016938000000000120e+00
3.022086999999999968e+00
3.027235000000000120e+00
3.032382999999999829e+00
3.037532000000000121e+00
3.042679999999999829e+00
3.047827999999999982e+00
3.052976999999999830e+00
3.058124999999999982e+00
3.063273000000000135e+00
3.068421999999999983e+00
3.073570000000000135e+00
3.078717999999999844e+00
3.083867000000000136e+00
3.089014999999999844e+00
3.094164000000000136e+00
3.099311999999999845e+00
3.104459999999999997e+00
3.109608999999999845e+00
3.114756999999999998e+00
3.119905000000000150e+00
3.125053999999999998e+00
3.130202000000000151e+00
3.135349999999999859e+00
3.140499000000000152e+00
3.145646999999999860e+00
3.150796000000000152e+00
3.155943999999999861e+00
3.161092000000000013e+00
3.166240999999999861e+00
3.171389000000000014e+00
3.176537000000000166e+00
3.181686000000000014e+00
3.186834000000000167e+00
3.191981999999999875e+00
3.197131000000000167e+00
3.202278999999999876e+00
3.207427000000000028e+00
3.212575999999999876e+00
3.217724000000000029e+00
3.222872999999999877e+00
3.228021000000000029e+00
3.233169000000000182e+00
3.238318000000000030e+00
3.243466000000000182e+00
3.248613999999999891e+00
3.253763000000000183e+00
3.258910999999999891e+00
3.264059000000000044e+00
3.269207999999999892e+00
3.274356000000000044e+00
3.279504000000000197e+00
3.284653000000000045e+00
3.289801000000000197e+00
3.294950000000000045e+00
3.300098000000000198e+00
3.305245999999999906e+00
3.310395000000000199e+00
3.315542999999999907e+00
3.320691000000000059e+00
3.325839999999999907e+00
3.330988000000000060e+00
3.336136000000000212e+00
3.341285000000000061e+00
3.346433000000000213e+00
3.351582000000000061e+00
3.356730000000000214e+00
3.361877999999999922e+00
3.367027000000000214e+00
3.372174999999999923e+00
3.377323000000000075e+00
3.382471999999999923e+00
3.387620000000000076e+00
3.392767999999999784e+00
3.397917000000000076e+00
3.403064999999999785e+00
3.408212999999999937e+00
3.413361999999999785e+00
3.418509999999999938e+00
3.423658999999999786e+00
3.428806999999999938e+00
3.433955000000000091e+00
3.439103999999999939e+00
3.444252000000000091e+00
3.449399999999999800e+00
3.454549000000000092e+00
3.459696999999999800e+00
3.464844999999999953e+00
3.469993999999999801e+00
3.475141999999999953e+00
3.480290000000000106e+00
3.485438999999999954e+00
3.490587000000000106e+00
3.495735999999999954e+00
3.500884000000000107e+00
3.506031999999999815e+00
3.511181000000000108e+00
3.516328999999999816e+00
3.521476999999999968e+00
3.526625999999999816e+00
3.531773999999999969e+00
3.536922000000000121e+00
3.542070999999999970e+00
3.547219000000000122e+00
3.552366999999999830e+00
3.557516000000000123e+00
3.562663999999999831e+00
3.567813000000000123e+00
3.572960999999999832e+00
3.578108999999999984e+00
3.583257999999999832e+00
3.588405999999999985e+00
3.593554000000000137e+00
3.598702999999999985e+00
3.603851000000000138e+00
3.608998999999999846e+00
3.614148000000000138e+00
3.619295999999999847e+00
3.624445000000000139e+00
3.629592999999999847e+00
3.634741000000000000e+00
3.639889999999999848e+00
3.645038000000000000e+00
3.650186000000000153e+00
3.655335000000000001e+00
3.660483000000000153e+00
3.665630999999999862e+00
3.670780000000000154e+00
3.675927999999999862e+00
3.681076000000000015e+00
3.686224999999999863e+00
3.691373000000000015e+00
3.696521999999999863e+00
3.701670000000000016e+00
3.706818000000000168e+00
3.711967000000000017e+00
3.717115000000000169e+00
3.722262999999999877e+00
3.727412000000000170e+00
3.732559999999999878e+00
3.737708000000000030e+00
3.742856999999999879e+00
3.748005000000000031e+00
3.753153000000000183e+00
3.758302000000000032e+00
3.763450000000000184e+00
3.768599000000000032e+00
3.773747000000000185e+00
3.778894999999999893e+00
3.784044000000000185e+00
3.789191999999999894e+00
3.794340000000000046e+00
3.799488999999999894e+00
3.804637000000000047e+00
3.809785000000000199e+00
3.814934000000000047e+00
3.820082000000000200e+00
3.825231000000000048e+00
3.830379000000000200e+00
3.835526999999999909e+00
3.840676000000000201e+00
3.845823999999999909e+00
3.850972000000000062e+00
3.856120999999999910e+00
3.861269000000000062e+00
3.866417000000000215e+00
3.871566000000000063e+00
3.876714000000000215e+00
3.881861999999999924e+00
3.887011000000000216e+00
3.892158999999999924e+00
3.897308000000000217e+00
3.902455999999999925e+00
3.907604000000000077e+00
3.912752999999999926e+00
3.917901000000000078e+00
3.923048999999999786e+00
3.928198000000000079e+00
3.933345999999999787e+00
3.938493999999999939e+00
3.943642999999999788e+00
3.948790999999999940e+00
3.953939000000000092e+00
3.959087999999999941e+00
3.964236000000000093e+00
3.969384999999999941e+00
3.974533000000000094e+00
3.979680999999999802e+00
3.984830000000000094e+00
3.989977999999999803e+00
3.995125999999999955e+00
4.000275000000000247e+00
4.005423000000000400e+00
4.010570999999999664e+00
4.015719999999999956e+00
4.020868000000000109e+00
4.026016000000000261e+00
4.031164999999999665e+00
4.036312999999999818e+00
4.041462000000000110e+00
4.046610000000000262e+00
4.051758000000000415e+00
4.056906999999999819e+00
4.062054999999999971e+00
4.067203000000000124e+00
4.072352000000000416e+00
4.077499999999999680e+00
4.082647999999999833e+00
4.087797000000000125e+00
4.092945000000000277e+00
4.098093999999999681e+00
4.103241999999999834e+00
4.108389999999999986e+00
4.113539000000000279e+00
4.118687000000000431e+00
4.123834999999999695e+00
4.128983999999999988e+00
4.134132000000000140e+00
4.139280000000000292e+00
4.144428999999999697e+00
4.149576999999999849e+00
4.154725000000000001e+00
4.159874000000000294e+00
4.165021999999999558e+00
4.170170999999999850e+00
4.175319000000000003e+00
4.180467000000000155e+00
4.185615999999999559e+00
4.190763999999999712e+00
4.195911999999999864e+00
4.201061000000000156e+00
4.206209000000000309e+00
4.211356999999999573e+00
4.216505999999999865e+00
4.221654000000000018e+00
4.226802000000000170e+00
4.231950999999999574e+00
4.237098999999999727e+00
4.242248000000000019e+00
4.247396000000000171e+00
4.252544000000000324e+00
4.257692999999999728e+00
4.262840999999999880e+00
4.267989000000000033e+00
4.273138000000000325e+00
4.278285999999999589e+00
4.283433999999999742e+00
4.288583000000000034e+00
4.293731000000000186e+00
4.298879999999999590e+00
4.304027999999999743e+00
4.309175999999999895e+00
4.314325000000000188e+00
4.319473000000000340e+00
4.324620999999999604e+00
4.329769999999999897e+00
4.334918000000000049e+00
4.340066000000000201e+00
4.345214999999999606e+00
4.350362999999999758e+00
4.355510999999999910e+00
4.360660000000000203e+00
4.365808000000000355e+00
4.370956999999999759e+00
4.376104999999999912e+00
4.381253000000000064e+00
4.386402000000000356e+00
4.391549999999999621e+00
4.396697999999999773e+00
4.401847000000000065e+00
4.406995000000000218e+00
4.412143000000000370e+00
4.417291999999999774e+00
4.422439999999999927e+00
4.427588000000000079e+00
4.432737000000000371e+00
4.437884999999999636e+00
4.443033999999999928e+00
4.448182000000000080e+00
4.453330000000000233e+00
4.458478999999999637e+00
4.463626999999999789e+00
4.468774999999999942e+00
4.473924000000000234e+00
4.479072000000000386e+00
4.484219999999999651e+00
4.489368999999999943e+00
4.494517000000000095e+00
4.499665000000000248e+00
4.504813999999999652e+00
4.509961999999999804e+00
4.515111000000000097e+00
4.520259000000000249e+00
4.525407000000000401e+00
4.530555999999999806e+00
4.535703999999999958e+00
4.540852000000000110e+00
4.546001000000000403e+00
4.551148999999999667e+00
4.556296999999999819e+00
4.561446000000000112e+00
4.566594000000000264e+00
4.571742999999999668e+00
4.576890999999999821e+00
4.582038999999999973e+00
4.587188000000000265e+00
4.592336000000000418e+00
4.597483999999999682e+00
4.602632999999999974e+00
4.607781000000000127e+00
4.612929000000000279e+00
4.618077999999999683e+00
4.623225999999999836e+00
4.628373999999999988e+00
4.633523000000000280e+00
4.638671000000000433e+00
4.643819999999999837e+00
4.648967999999999989e+00
4.654116000000000142e+00
4.659265000000000434e+00
4.664412999999999698e+00
4.669560999999999851e+00
4.674710000000000143e+00
4.679858000000000295e+00
4.685005999999999560e+00
4.690154999999999852e+00
4.695303000000000004e+00
4.700451000000000157e+00
4.705599999999999561e+00
4.710747999999999713e+00
4.715897000000000006e+00
4.721045000000000158e+00
4.726193000000000310e+00
4.731341999999999715e+00
4.736489999999999867e+00
4.741638000000000019e+00
4.746787000000000312e+00
4.751934999999999576e+00
4.757082999999999728e+00
4.762232000000000021e+00
4.767380000000000173e+00
4.772528999999999577e+00
4.777676999999999730e+00
4.782824999999999882e+00
4.787974000000000174e+00
4.793122000000000327e+00
4.798269999999999591e+00
4.803418999999999883e+00
4.808567000000000036e+00
4.813715000000000188e+00
4.818863999999999592e+00
4.824011999999999745e+00
4.829159999999999897e+00
4.834309000000000189e+00
4.839457000000000342e+00
4.844605999999999746e+00
4.849753999999999898e+00
4.854902000000000051e+00
4.860051000000000343e+00
4.865198999999999607e+00
4.870346999999999760e+00
4.875496000000000052e+00
4.880644000000000204e+00
4.885792000000000357e+00
4.890940999999999761e+00
4.896088999999999913e+00
4.901237000000000066e+00
4.906386000000000358e+00
4.911533999999999622e+00
4.916682999999999915e+00
4.921831000000000067e+00
4.926979000000000219e+00
4.932127999999999624e+00
4.937275999999999776e+00
4.942423999999999928e+00
4.947573000000000221e+00
4.952721000000000373e+00
4.957868999999999637e+00
4.963017999999999930e+00
4.968166000000000082e+00
4.973314000000000235e+00
4.978462999999999639e+00
4.983610999999999791e+00
4.988760000000000083e+00
4.993908000000000236e+00
4.999056000000000388e+00
5.004204999999999792e+00
5.009352999999999945e+00
5.014501000000000097e+00
5.019650000000000389e+00
5.024797999999999654e+00
5.029945999999999806e+00
5.035095000000000098e+00
5.040243000000000251e+00
5.045391999999999655e+00
5.050539999999999807e+00
5.055687999999999960e+00
5.060837000000000252e+00
5.065985000000000404e+00
5.071132999999999669e+00
5.076281999999999961e+00
5.081430000000000113e+00
5.086578000000000266e+00
5.091726999999999670e+00
5.096874999999999822e+00
5.102022999999999975e+00
5.107172000000000267e+00
5.112320000000000420e+00
5.117468999999999824e+00
5.122616999999999976e+00
5.127765000000000128e+00
5.132914000000000421e+00
5.138061999999999685e+00
5.143209999999999837e+00
