0.000000000000000000e+00
5.262634999999999882e-03
1.052526999999999976e-02
1.578790000000000054e-02
2.105053999999999953e-02
2.631317000000000031e-02
3.157581000000000276e-02
3.683844000000000007e-02
4.210107999999999906e-02
4.736371000000000331e-02
5.262635000000000229e-02
5.788897999999999960e-02
6.315160999999999691e-02
6.841424999999999590e-02
7.367688000000000015e-02
7.893951999999999913e-02
8.420215000000000338e-02
8.946479000000000237e-02
9.472742000000000662e-02
9.999006000000000560e-02
1.052527000000000046e-01
1.105152999999999969e-01
1.157780000000000059e-01
1.210405999999999982e-01
1.263032000000000044e-01
1.315659000000000134e-01
1.368284999999999918e-01
1.420910999999999980e-01
1.473538000000000070e-01
1.526164000000000132e-01
1.578789999999999916e-01
1.631417000000000006e-01
1.684043000000000068e-01
1.736669000000000129e-01
1.789295999999999942e-01
1.841922000000000004e-01
1.894548000000000065e-01
1.947174999999999878e-01
1.999800999999999940e-01
2.052427000000000001e-01
2.105054000000000092e-01
2.157679999999999876e-01
2.210306999999999966e-01
2.262933000000000028e-01
2.315559000000000089e-01
2.368185999999999902e-01
2.420811999999999964e-01
2.473438000000000025e-01
2.526065000000000116e-01
2.578691000000000177e-01
2.631317000000000239e-01
2.683943999999999774e-01
2.736569999999999836e-01
2.789195999999999898e-01
2.841822999999999988e-01
2.894449000000000050e-01
2.947075000000000111e-01
2.999702000000000202e-01
3.052328000000000263e-01
3.104953999999999770e-01
3.157580999999999860e-01
3.210206999999999922e-01
3.262832999999999983e-01
3.315460000000000074e-01
3.368086000000000135e-01
3.420712000000000197e-01
3.473338999999999732e-01
3.525964999999999794e-01
3.578590999999999855e-01
3.631217999999999946e-01
3.683844000000000007e-01
3.736471000000000098e-01
3.789097000000000159e-01
3.841723000000000221e-01
3.894349999999999756e-01
3.946975999999999818e-01
3.999601999999999880e-01
4.052228999999999970e-01
4.104855000000000032e-01
4.157481000000000093e-01
4.210108000000000184e-01
4.262734000000000245e-01
4.315359999999999752e-01
4.367986999999999842e-01
4.420612999999999904e-01
4.473238999999999965e-01
4.525866000000000056e-01
4.578492000000000117e-01
4.631118000000000179e-01
4.683745000000000269e-01
4.736370999999999776e-01
4.788996999999999837e-01
4.841623999999999928e-01
4.894249999999999989e-01
4.946876000000000051e-01
4.999503000000000141e-01
5.052128999999999648e-01
5.104756000000000293e-01
5.157382000000000355e-01
5.210008000000000417e-01
5.262634999999999952e-01
5.315261000000000013e-01
5.367887000000000075e-01
5.420513999999999610e-01
5.473139999999999672e-01
5.525765999999999734e-01
5.578393000000000379e-01
5.631019000000000441e-01
5.683645000000000502e-01
5.736272000000000038e-01
5.788898000000000099e-01
5.841524000000000161e-01
5.894150999999999696e-01
5.946776999999999758e-01
5.999402999999999819e-01
6.052030000000000465e-01
6.104656000000000526e-01
6.157281999999999478e-01
6.209909000000000123e-01
6.262535000000000185e-01
6.315161000000000247e-01
6.367787999999999782e-01
6.420413999999999843e-01
6.473039999999999905e-01
6.525667000000000550e-01
6.578292999999999502e-01
6.630920000000000147e-01
6.683546000000000209e-01
6.736172000000000271e-01
6.788798999999999806e-01
6.841424999999999867e-01
6.894050999999999929e-01
6.946677999999999464e-01
6.999303999999999526e-01
7.051929999999999588e-01
7.104557000000000233e-01
7.157183000000000295e-01
7.209809000000000356e-01
7.262435999999999892e-01
7.315061999999999953e-01
7.367688000000000015e-01
7.420314999999999550e-01
7.472940999999999612e-01
7.525566999999999673e-01
7.578194000000000319e-01
7.630820000000000380e-01
7.683446000000000442e-01
7.736072999999999977e-01
7.788699000000000039e-01
7.841325000000000101e-01
7.893951999999999636e-01
7.946577999999999697e-01
7.999203999999999759e-01
8.051831000000000405e-01
8.104457000000000466e-01
8.157084000000000001e-01
8.209710000000000063e-01
8.262336000000000125e-01
8.314962999999999660e-01
8.367588999999999722e-01
8.420214999999999783e-01
8.472842000000000429e-01
8.525468000000000490e-01
8.578094000000000552e-01
8.630721000000000087e-01
8.683347000000000149e-01
8.735973000000000210e-01
8.788599999999999746e-01
8.841225999999999807e-01
8.893851999999999869e-01
8.946479000000000514e-01
8.999104999999999466e-01
9.051730999999999527e-01
9.104358000000000173e-01
9.156984000000000234e-01
9.209610000000000296e-01
9.262236999999999831e-01
9.314862999999999893e-01
9.367488999999999955e-01
9.420115999999999490e-01
9.472741999999999551e-01
9.525369000000000197e-01
9.577995000000000259e-01
9.630621000000000320e-01
9.683247999999999855e-01
9.735873999999999917e-01
9.788499999999999979e-01
9.841126999999999514e-01
9.893752999999999576e-01
9.946378999999999637e-01
9.999006000000000283e-01
1.005163000000000029e+00
1.010426000000000046e+00
1.015687999999999924e+00
1.020950999999999942e+00
1.026213999999999960e+00
1.031476000000000059e+00
1.036739000000000077e+00
1.042002000000000095e+00
1.047263999999999973e+00
1.052526999999999990e+00
1.057790000000000008e+00
1.063052000000000108e+00
1.068314999999999904e+00
1.073577000000000004e+00
1.078840000000000021e+00
1.084103000000000039e+00
1.089364999999999917e+00
1.094627999999999934e+00
1.099890999999999952e+00
1.105153000000000052e+00
1.110416000000000070e+00
1.115679000000000087e+00
1.120940999999999965e+00
1.126203999999999983e+00
1.131466000000000083e+00
1.136729000000000100e+00
1.141991999999999896e+00
1.147253999999999996e+00
1.152517000000000014e+00
1.157780000000000031e+00
1.163041999999999909e+00
1.168304999999999927e+00
1.173567999999999945e+00
1.178830000000000044e+00
1.184093000000000062e+00
1.189354999999999940e+00
1.194617999999999958e+00
1.199880999999999975e+00
1.205143000000000075e+00
1.210406000000000093e+00
1.215669000000000111e+00
1.220930999999999989e+00
1.226194000000000006e+00
1.231456000000000106e+00
1.236718999999999902e+00
1.241981999999999919e+00
1.247244000000000019e+00
1.252507000000000037e+00
1.257770000000000055e+00
1.263031999999999933e+00
1.268294999999999950e+00
1.273557999999999968e+00
1.278820000000000068e+00
1.284083000000000085e+00
1.289344999999999963e+00
1.294607999999999981e+00
1.299870999999999999e+00
1.305133000000000099e+00
1.310395999999999894e+00
1.315658999999999912e+00
1.320921000000000012e+00
1.326184000000000029e+00
1.331447000000000047e+00
1.336708999999999925e+00
1.341971999999999943e+00
1.347234000000000043e+00
1.352497000000000060e+00
1.357760000000000078e+00
1.363021999999999956e+00
1.368284999999999973e+00
1.373547999999999991e+00
1.378810000000000091e+00
1.384073000000000109e+00
1.389335999999999904e+00
1.394598000000000004e+00
1.399861000000000022e+00
1.405122999999999900e+00
1.410385999999999918e+00
1.415648999999999935e+00
1.420911000000000035e+00
1.426174000000000053e+00
1.431437000000000070e+00
1.436698999999999948e+00
1.441961999999999966e+00
1.447224000000000066e+00
1.452487000000000084e+00
1.457750000000000101e+00
1.463011999999999979e+00
1.468274999999999997e+00
1.473538000000000014e+00
1.478799999999999892e+00
1.484062999999999910e+00
1.489325999999999928e+00
1.494588000000000028e+00
1.499851000000000045e+00
1.505112999999999923e+00
1.510375999999999941e+00
1.515638999999999958e+00
1.520901000000000058e+00
1.526164000000000076e+00
1.531427000000000094e+00
1.536688999999999972e+00
1.541951999999999989e+00
1.547215000000000007e+00
1.552477000000000107e+00
1.557739999999999903e+00
1.563002000000000002e+00
1.568265000000000020e+00
1.573528000000000038e+00
1.578789999999999916e+00
1.584052999999999933e+00
1.589315999999999951e+00
1.594578000000000051e+00
1.599841000000000069e+00
1.605104000000000086e+00
1.610365999999999964e+00
1.615628999999999982e+00
1.620891000000000082e+00
1.626154000000000099e+00
1.631416999999999895e+00
1.636678999999999995e+00
1.641942000000000013e+00
1.647205000000000030e+00
1.652466999999999908e+00
1.657729999999999926e+00
1.662992999999999943e+00
1.668255000000000043e+00
1.673518000000000061e+00
1.678779999999999939e+00
1.684042999999999957e+00
1.689305999999999974e+00
1.694568000000000074e+00
1.699831000000000092e+00
1.705094000000000110e+00
1.710355999999999987e+00
1.715619000000000005e+00
1.720881000000000105e+00
1.726143999999999901e+00
1.731406999999999918e+00
1.736669000000000018e+00
1.741932000000000036e+00
1.747195000000000054e+00
1.752456999999999931e+00
1.757719999999999949e+00
1.762982999999999967e+00
1.768245000000000067e+00
1.773508000000000084e+00
1.778769999999999962e+00
1.784032999999999980e+00
1.789295999999999998e+00
1.794558000000000098e+00
1.799820999999999893e+00
1.805083999999999911e+00
1.810346000000000011e+00
1.815609000000000028e+00
1.820872000000000046e+00
1.826133999999999924e+00
1.831396999999999942e+00
1.836659000000000042e+00
1.841922000000000059e+00
1.847185000000000077e+00
1.852446999999999955e+00
1.857709999999999972e+00
1.862972999999999990e+00
1.868235000000000090e+00
1.873498000000000108e+00
1.878760999999999903e+00
1.884023000000000003e+00
1.889286000000000021e+00
1.894547999999999899e+00
1.899810999999999916e+00
1.905073999999999934e+00
1.910336000000000034e+00
1.915599000000000052e+00
1.920862000000000069e+00
1.926123999999999947e+00
1.931386999999999965e+00
1.936649999999999983e+00
1.941912000000000083e+00
1.947175000000000100e+00
1.952436999999999978e+00
1.957699999999999996e+00
1.962963000000000013e+00
1.968224999999999891e+00
1.973487999999999909e+00
1.978750999999999927e+00
1.984013000000000027e+00
1.989276000000000044e+00
1.994537999999999922e+00
1.999800999999999940e+00
2.005063999999999957e+00
2.010326000000000057e+00
2.015588999999999853e+00
2.020852000000000093e+00
2.026114000000000193e+00
2.031376999999999988e+00
2.036639999999999784e+00
2.041901999999999884e+00
2.047165000000000123e+00
2.052426999999999779e+00
2.057690000000000019e+00
2.062952999999999815e+00
2.068214999999999915e+00
2.073478000000000154e+00
2.078740999999999950e+00
2.084003000000000050e+00
2.089265999999999845e+00
2.094529000000000085e+00
2.099791000000000185e+00
2.105053999999999981e+00
2.110316000000000081e+00
2.115578999999999876e+00
2.120842000000000116e+00
2.126104000000000216e+00
2.131367000000000012e+00
2.136629999999999807e+00
2.141891999999999907e+00
2.147155000000000147e+00
2.152417999999999942e+00
2.157680000000000042e+00
2.162942999999999838e+00
2.168204999999999938e+00
2.173468000000000178e+00
2.178730999999999973e+00
2.183993000000000073e+00
2.189255999999999869e+00
2.194519000000000108e+00
2.199781000000000208e+00
2.205044000000000004e+00
2.210306999999999800e+00
2.215568999999999900e+00
2.220832000000000139e+00
2.226093999999999795e+00
2.231357000000000035e+00
2.236619999999999830e+00
2.241881999999999930e+00
2.247145000000000170e+00
2.252407999999999966e+00
2.257670000000000066e+00
2.262932999999999861e+00
2.268194999999999961e+00
2.273458000000000201e+00
2.278720999999999997e+00
2.283983000000000096e+00
2.289245999999999892e+00
2.294509000000000132e+00
2.299770999999999788e+00
2.305034000000000027e+00
2.310296999999999823e+00
2.315558999999999923e+00
2.320822000000000163e+00
2.326083999999999818e+00
2.331347000000000058e+00
2.336609999999999854e+00
2.341871999999999954e+00
2.347135000000000193e+00
2.352397999999999989e+00
2.357660000000000089e+00
2.362922999999999885e+00
2.368186000000000124e+00
2.373447999999999780e+00
2.378711000000000020e+00
2.383973000000000120e+00
2.389235999999999915e+00
2.394499000000000155e+00
2.399760999999999811e+00
2.405024000000000051e+00
2.410286999999999846e+00
2.415548999999999946e+00
2.420812000000000186e+00
2.426074999999999982e+00
2.431337000000000081e+00
2.436599999999999877e+00
2.441861999999999977e+00
2.447125000000000217e+00
2.452388000000000012e+00
2.457650000000000112e+00
2.462912999999999908e+00
2.468176000000000148e+00
2.473437999999999803e+00
2.478701000000000043e+00
2.483963999999999839e+00
2.489225999999999939e+00
2.494489000000000178e+00
2.499750999999999834e+00
2.505014000000000074e+00
2.510276999999999870e+00
2.515538999999999970e+00
2.520802000000000209e+00
2.526065000000000005e+00
2.531327000000000105e+00
2.536589999999999900e+00
2.541852000000000000e+00
2.547114999999999796e+00
2.552378000000000036e+00
2.557640000000000136e+00
2.562902999999999931e+00
2.568166000000000171e+00
2.573427999999999827e+00
2.578691000000000066e+00
2.583953999999999862e+00
2.589215999999999962e+00
2.594479000000000202e+00
2.599740999999999858e+00
2.605004000000000097e+00
2.610266999999999893e+00
2.615528999999999993e+00
2.620791999999999788e+00
2.626055000000000028e+00
2.631317000000000128e+00
2.636579999999999924e+00
2.641843000000000163e+00
2.647104999999999819e+00
2.652368000000000059e+00
2.657630000000000159e+00
2.662892999999999954e+00
2.668156000000000194e+00
2.673417999999999850e+00
2.678681000000000090e+00
2.683943999999999885e+00
2.689205999999999985e+00
2.694468999999999781e+00
2.699732000000000021e+00
2.704994000000000121e+00
2.710256999999999916e+00
2.715519000000000016e+00
2.720781999999999812e+00
2.726045000000000051e+00
2.731307000000000151e+00
2.736569999999999947e+00
2.741833000000000187e+00
2.747094999999999843e+00
2.752358000000000082e+00
2.757620000000000182e+00
2.762882999999999978e+00
2.768146000000000218e+00
2.773407999999999873e+00
2.778671000000000113e+00
2.783933999999999909e+00
2.789196000000000009e+00
2.794458999999999804e+00
2.799722000000000044e+00
2.804984000000000144e+00
2.810246999999999939e+00
2.815509000000000039e+00
2.820771999999999835e+00
2.826035000000000075e+00
2.831297000000000175e+00
2.836559999999999970e+00
2.841823000000000210e+00
2.847084999999999866e+00
2.852348000000000106e+00
2.857610999999999901e+00
2.862873000000000001e+00
2.868135999999999797e+00
2.873397999999999897e+00
2.878661000000000136e+00
2.883923999999999932e+00
2.889186000000000032e+00
2.894448999999999828e+00
2.899712000000000067e+00
2.904974000000000167e+00
2.910236999999999963e+00
2.915500000000000203e+00
2.920761999999999858e+00
2.926025000000000098e+00
2.931287000000000198e+00
2.936549999999999994e+00
2.941812999999999789e+00
2.947074999999999889e+00
2.952338000000000129e+00
2.957600999999999924e+00
2.962863000000000024e+00
2.968125999999999820e+00
2.973389000000000060e+00
2.978651000000000160e+00
2.983913999999999955e+00
2.989176000000000055e+00
2.994438999999999851e+00
2.999702000000000091e+00
3.004964000000000190e+00
3.010226999999999986e+00
3.015489999999999782e+00
3.020751999999999882e+00
3.026015000000000121e+00
3.031277000000000221e+00
3.036540000000000017e+00
3.041802999999999813e+00
3.047064999999999912e+00
3.052328000000000152e+00
3.057590999999999948e+00
3.062853000000000048e+00
3.068115999999999843e+00
3.073379000000000083e+00
3.078641000000000183e+00
3.083903999999999979e+00
3.089166000000000079e+00
3.094428999999999874e+00
3.099692000000000114e+00
3.104954000000000214e+00
3.110217000000000009e+00
3.115479999999999805e+00
3.120741999999999905e+00
3.126005000000000145e+00
3.131267999999999940e+00
3.136530000000000040e+00
3.141792999999999836e+00
3.147054999999999936e+00
3.152318000000000175e+00
3.157580999999999971e+00
3.162843000000000071e+00
3.168105999999999867e+00
3.173369000000000106e+00
3.178631000000000206e+00
3.183894000000000002e+00
3.189156999999999798e+00
3.194418999999999897e+00
3.199682000000000137e+00
3.204943999999999793e+00
3.210207000000000033e+00
3.215469999999999828e+00
3.220731999999999928e+00
3.225995000000000168e+00
3.231257999999999964e+00
3.236520000000000064e+00
3.241782999999999859e+00
3.247046000000000099e+00
3.252308000000000199e+00
3.257570999999999994e+00
3.262833000000000094e+00
3.268095999999999890e+00
3.273359000000000130e+00
3.278620999999999786e+00
3.283884000000000025e+00
3.289146999999999821e+00
3.294408999999999921e+00
3.299672000000000160e+00
3.304933999999999816e+00
3.310197000000000056e+00
3.315459999999999852e+00
3.320721999999999952e+00
3.325985000000000191e+00
3.331247999999999987e+00
3.336510000000000087e+00
3.341772999999999882e+00
3.347036000000000122e+00
3.352297999999999778e+00
3.357561000000000018e+00
3.362823000000000118e+00
3.368085999999999913e+00
3.373349000000000153e+00
3.378610999999999809e+00
3.383874000000000049e+00
3.389136999999999844e+00
3.394398999999999944e+00
3.399662000000000184e+00
3.404924999999999979e+00
3.410187000000000079e+00
3.415449999999999875e+00
3.420711999999999975e+00
3.425975000000000215e+00
3.431238000000000010e+00
3.436500000000000110e+00
3.441762999999999906e+00
3.447026000000000145e+00
3.452287999999999801e+00
3.457551000000000041e+00
3.462813999999999837e+00
3.468075999999999937e+00
3.473339000000000176e+00
3.478600999999999832e+00
3.483864000000000072e+00
3.489126999999999867e+00
3.494388999999999967e+00
3.499652000000000207e+00
3.504915000000000003e+00
3.510177000000000103e+00
3.515439999999999898e+00
3.520703000000000138e+00
3.525964999999999794e+00
3.531228000000000034e+00
3.536490000000000133e+00
3.541752999999999929e+00
3.547016000000000169e+00
3.552277999999999825e+00
3.557541000000000064e+00
3.562803999999999860e+00
3.568065999999999960e+00
3.573329000000000200e+00
3.578590999999999855e+00
3.583854000000000095e+00
3.589116999999999891e+00
3.594378999999999991e+00
3.599641999999999786e+00
3.604905000000000026e+00
3.610167000000000126e+00
3.615429999999999922e+00
3.620693000000000161e+00
3.625954999999999817e+00
3.631218000000000057e+00
3.636480000000000157e+00
3.641742999999999952e+00
3.647006000000000192e+00
3.652267999999999848e+00
3.657531000000000088e+00
3.662793999999999883e+00
3.668055999999999983e+00
3.673318999999999779e+00
3.678582000000000019e+00
3.683844000000000118e+00
3.689106999999999914e+00
3.694369000000000014e+00
3.699631999999999810e+00
3.704895000000000049e+00
3.710157000000000149e+00
3.715419999999999945e+00
3.720683000000000185e+00
3.725944999999999840e+00
3.731208000000000080e+00
3.736470999999999876e+00
3.741732999999999976e+00
3.746996000000000215e+00
3.752257999999999871e+00
3.757521000000000111e+00
3.762783999999999907e+00
3.768046000000000006e+00
3.773308999999999802e+00
3.778572000000000042e+00
3.783834000000000142e+00
3.789096999999999937e+00
3.794360000000000177e+00
3.799621999999999833e+00
3.804885000000000073e+00
3.810147000000000173e+00
3.815409999999999968e+00
3.820673000000000208e+00
3.825934999999999864e+00
3.831198000000000103e+00
3.836460999999999899e+00
3.841722999999999999e+00
3.846985999999999795e+00
3.852247999999999895e+00
3.857511000000000134e+00
3.862773999999999930e+00
3.868036000000000030e+00
3.873298999999999825e+00
3.878562000000000065e+00
3.883824000000000165e+00
3.889086999999999961e+00
3.894350000000000200e+00
3.899611999999999856e+00
3.904875000000000096e+00
3.910137000000000196e+00
3.915399999999999991e+00
3.920662999999999787e+00
3.925924999999999887e+00
3.931188000000000127e+00
3.936450999999999922e+00
3.941713000000000022e+00
3.946975999999999818e+00
3.952239000000000058e+00
3.957501000000000158e+00
3.962763999999999953e+00
3.968026000000000053e+00
3.973288999999999849e+00
3.978552000000000088e+00
3.983814000000000188e+00
3.989076999999999984e+00
3.994339999999999780e+00
3.999601999999999880e+00
4.004864999999999675e+00
4.010127999999999915e+00
4.015390000000000015e+00
4.020653000000000254e+00
4.025915000000000354e+00
4.031177999999999706e+00
4.036440999999999946e+00
4.041703000000000046e+00
4.046966000000000285e+00
4.052228999999999637e+00
4.057490999999999737e+00
4.062753999999999976e+00
4.068016000000000076e+00
4.073279000000000316e+00
4.078541999999999668e+00
4.083803999999999768e+00
4.089067000000000007e+00
4.094330000000000247e+00
4.099592000000000347e+00
4.104854999999999698e+00
4.110117999999999938e+00
4.115380000000000038e+00
4.120643000000000278e+00
4.125905000000000378e+00
4.131167999999999729e+00
4.136430999999999969e+00
4.141693000000000069e+00
4.146956000000000309e+00
4.152218999999999660e+00
4.157480999999999760e+00
4.162744000000000000e+00
4.168007000000000239e+00
4.173269000000000339e+00
4.178531999999999691e+00
4.183793999999999791e+00
4.189057000000000031e+00
4.194320000000000270e+00
4.199582000000000370e+00
4.204844999999999722e+00
4.210107999999999961e+00
4.215370000000000061e+00
4.220633000000000301e+00
4.225895999999999653e+00
4.231157999999999753e+00
4.236420999999999992e+00
4.241683000000000092e+00
4.246946000000000332e+00
4.252208999999999683e+00
4.257470999999999783e+00
4.262734000000000023e+00
4.267997000000000263e+00
4.273259000000000363e+00
4.278521999999999714e+00
4.283784999999999954e+00
4.289047000000000054e+00
4.294310000000000294e+00
4.299572000000000394e+00
4.304834999999999745e+00
4.310097999999999985e+00
4.315360000000000085e+00
4.320623000000000324e+00
4.325885999999999676e+00
4.331147999999999776e+00
4.336411000000000016e+00
4.341673000000000116e+00
4.346936000000000355e+00
4.352198999999999707e+00
4.357460999999999807e+00
4.362724000000000046e+00
4.367987000000000286e+00
4.373249000000000386e+00
4.378511999999999738e+00
4.383774999999999977e+00
4.389037000000000077e+00
4.394300000000000317e+00
4.399562000000000417e+00
4.404824999999999768e+00
4.410088000000000008e+00
4.415350000000000108e+00
4.420613000000000348e+00
4.425875999999999699e+00
4.431137999999999799e+00
4.436401000000000039e+00
4.441664000000000279e+00
4.446926000000000379e+00
4.452188999999999730e+00
4.457450999999999830e+00
4.462714000000000070e+00
4.467977000000000309e+00
4.473239000000000409e+00
4.478501999999999761e+00
4.483765000000000001e+00
4.489027000000000100e+00
4.494290000000000340e+00
4.499552999999999692e+00
4.504814999999999792e+00
4.510078000000000031e+00
4.515340000000000131e+00
4.520603000000000371e+00
4.525865999999999723e+00
4.531127999999999822e+00
4.536391000000000062e+00
4.541654000000000302e+00
4.546916000000000402e+00
4.552178999999999753e+00
4.557441999999999993e+00
4.562704000000000093e+00
4.567967000000000333e+00
4.573229000000000433e+00
4.578491999999999784e+00
4.583755000000000024e+00
4.589017000000000124e+00
4.594280000000000364e+00
4.599542999999999715e+00
4.604804999999999815e+00
4.610068000000000055e+00
4.615330000000000155e+00
4.620593000000000394e+00
4.625855999999999746e+00
4.631117999999999846e+00
4.636381000000000085e+00
4.641644000000000325e+00
4.646906000000000425e+00
4.652168999999999777e+00
4.657432000000000016e+00
4.662694000000000116e+00
4.667957000000000356e+00
4.673218999999999568e+00
4.678481999999999807e+00
4.683745000000000047e+00
4.689007000000000147e+00
4.694270000000000387e+00
4.699532999999999738e+00
4.704794999999999838e+00
4.710058000000000078e+00
4.715321000000000318e+00
4.720583000000000418e+00
4.725845999999999769e+00
4.731107999999999869e+00
4.736371000000000109e+00
4.741634000000000349e+00
4.746895999999999560e+00
4.752158999999999800e+00
4.757422000000000040e+00
4.762684000000000140e+00
4.767947000000000379e+00
4.773209999999999731e+00
4.778471999999999831e+00
4.783735000000000070e+00
4.788997000000000170e+00
4.794260000000000410e+00
4.799522999999999762e+00
4.804784999999999862e+00
4.810048000000000101e+00
4.815311000000000341e+00
4.820573000000000441e+00
4.825835999999999792e+00
4.831099000000000032e+00
4.836361000000000132e+00
4.841624000000000372e+00
4.846885999999999584e+00
4.852148999999999823e+00
4.857412000000000063e+00
4.862674000000000163e+00
4.867937000000000403e+00
4.873199999999999754e+00
4.878461999999999854e+00
4.883725000000000094e+00
4.888987000000000194e+00
4.894250000000000433e+00
4.899512999999999785e+00
4.904774999999999885e+00
4.910038000000000125e+00
4.915301000000000364e+00
4.920562999999999576e+00
4.925825999999999816e+00
4.931089000000000055e+00
4.936351000000000155e+00
4.941614000000000395e+00
4.946875999999999607e+00
4.952138999999999847e+00
4.957402000000000086e+00
4.962664000000000186e+00
4.967927000000000426e+00
4.973189999999999777e+00
4.978451999999999877e+00
4.983715000000000117e+00
4.988978000000000357e+00
4.994239999999999569e+00
4.999502999999999808e+00
5.004764999999999908e+00
5.010028000000000148e+00
5.015291000000000388e+00
5.020552999999999599e+00
5.025815999999999839e+00
5.031079000000000079e+00
5.036341000000000179e+00
5.041604000000000418e+00
5.046866999999999770e+00
5.052128999999999870e+00
5.057392000000000110e+00
5.062654000000000210e+00
5.067916999999999561e+00
5.073179999999999801e+00
5.078441999999999901e+00
5.083705000000000140e+00
5.088968000000000380e+00
5.094229999999999592e+00
5.099492999999999832e+00
5.104756000000000071e+00
5.110018000000000171e+00
5.115281000000000411e+00
5.120542999999999623e+00
5.125805999999999862e+00
5.131069000000000102e+00
5.136331000000000202e+00
5.141594000000000442e+00
5.146856999999999793e+00
5.152118999999999893e+00
5.157382000000000133e+00
5.162644000000000233e+00
5.167906999999999584e+00
5.173169999999999824e+00
5.178431999999999924e+00
5.183695000000000164e+00
5.188958000000000403e+00
5.194219999999999615e+00
5.199482999999999855e+00
5.204746000000000095e+00
5.210008000000000195e+00
5.215271000000000434e+00
5.220532999999999646e+00
5.225795999999999886e+00
5.231059000000000125e+00
5.236321000000000225e+00
5.241583999999999577e+00
5.246846999999999817e+00
5.252108999999999916e+00
5.257372000000000156e+00
