0.000000000000000000e+00
4.998780999999999884e-03
9.997561000000000295e-03
1.499634000000000036e-02
1.999512000000000164e-02
2.499389999999999945e-02
2.999268000000000073e-02
3.499146000000000201e-02
3.999024000000000328e-02
4.498902999999999930e-02
4.998781000000000058e-02
5.498659000000000185e-02
5.998537000000000313e-02
6.498415000000000441e-02
6.998292999999999875e-02
7.498170999999999309e-02
7.998049000000000130e-02
8.497926999999999564e-02
8.997805000000000386e-02
9.497682999999999820e-02
9.997561000000000642e-02
1.049743999999999955e-01
1.099731999999999932e-01
1.149720000000000047e-01
1.199706999999999996e-01
1.249694999999999973e-01
1.299683000000000088e-01
1.349671000000000065e-01
1.399659000000000042e-01
1.449645999999999990e-01
1.499633999999999967e-01
1.549621999999999944e-01
1.599609999999999921e-01
1.649597999999999898e-01
1.699585000000000123e-01
1.749573000000000100e-01
1.799561000000000077e-01
1.849549000000000054e-01
1.899537000000000031e-01
1.949523999999999979e-01
1.999511999999999956e-01
2.049499999999999933e-01
2.099487999999999910e-01
2.149475999999999887e-01
2.199463000000000112e-01
2.249451000000000089e-01
2.299439000000000066e-01
2.349427000000000043e-01
2.399415000000000020e-01
2.449402999999999997e-01
2.499389999999999945e-01
2.549377999999999922e-01
2.599366000000000176e-01
2.649353999999999876e-01
2.699342000000000130e-01
2.749328999999999801e-01
2.799317000000000055e-01
2.849304999999999755e-01
2.899293000000000009e-01
2.949281000000000263e-01
2.999267999999999934e-01
3.049256000000000189e-01
3.099243999999999888e-01
3.149232000000000142e-01
3.199219999999999842e-01
3.249207000000000067e-01
3.299194999999999767e-01
3.349183000000000021e-01
3.399171000000000276e-01
3.449158999999999975e-01
3.499146000000000201e-01
3.549133999999999900e-01
3.599122000000000154e-01
3.649109999999999854e-01
3.699098000000000108e-01
3.749084999999999779e-01
3.799073000000000033e-01
3.849060999999999733e-01
3.899048999999999987e-01
3.949037000000000242e-01
3.999023999999999912e-01
4.049012000000000167e-01
4.098999999999999866e-01
4.148988000000000120e-01
4.198975999999999820e-01
4.248964000000000074e-01
4.298950999999999745e-01
4.348938999999999999e-01
4.398927000000000254e-01
4.448914999999999953e-01
4.498903000000000207e-01
4.548889999999999878e-01
4.598878000000000132e-01
4.648865999999999832e-01
4.698854000000000086e-01
4.748841999999999786e-01
4.798829000000000011e-01
4.848817000000000266e-01
4.898804999999999965e-01
4.948793000000000220e-01
4.998780999999999919e-01
5.048768000000000145e-01
5.098755999999999844e-01
5.148743999999999543e-01
5.198732000000000353e-01
5.248720000000000052e-01
5.298707000000000278e-01
5.348694999999999977e-01
5.398682999999999677e-01
5.448671000000000486e-01
5.498659000000000185e-01
5.548646000000000411e-01
5.598634000000000110e-01
5.648621999999999810e-01
5.698609999999999509e-01
5.748598000000000319e-01
5.798586000000000018e-01
5.848573000000000244e-01
5.898560999999999943e-01
5.948548999999999642e-01
5.998537000000000452e-01
6.048525000000000151e-01
6.098512000000000377e-01
6.148500000000000076e-01
6.198487999999999776e-01
6.248475999999999475e-01
6.298464000000000285e-01
6.348451000000000510e-01
6.398439000000000210e-01
6.448426999999999909e-01
6.498414999999999608e-01
6.548403000000000418e-01
6.598389999999999533e-01
6.648378000000000343e-01
6.698366000000000042e-01
6.748353999999999742e-01
6.798342000000000551e-01
6.848328999999999667e-01
6.898317000000000476e-01
6.948305000000000176e-01
6.998292999999999875e-01
7.048280999999999574e-01
7.098267999999999800e-01
7.148255999999999499e-01
7.198244000000000309e-01
7.248232000000000008e-01
7.298219999999999708e-01
7.348208000000000517e-01
7.398194999999999633e-01
7.448183000000000442e-01
7.498171000000000141e-01
7.548158999999999841e-01
7.598146999999999540e-01
7.648133999999999766e-01
7.698121999999999465e-01
7.748110000000000275e-01
7.798097999999999974e-01
7.848085999999999673e-01
7.898072999999999899e-01
7.948060999999999598e-01
7.998049000000000408e-01
8.048037000000000107e-01
8.098024999999999807e-01
8.148012000000000032e-01
8.197999999999999732e-01
8.247988000000000541e-01
8.297976000000000241e-01
8.347963999999999940e-01
8.397951000000000166e-01
8.447938999999999865e-01
8.497926999999999564e-01
8.547915000000000374e-01
8.597903000000000073e-01
8.647890000000000299e-01
8.697877999999999998e-01
8.747865999999999698e-01
8.797854000000000507e-01
8.847842000000000207e-01
8.897829000000000432e-01
8.947817000000000132e-01
8.997804999999999831e-01
9.047792999999999530e-01
9.097781000000000340e-01
9.147769000000000039e-01
9.197756000000000265e-01
9.247743999999999964e-01
9.297731999999999664e-01
9.347720000000000473e-01
9.397708000000000172e-01
9.447695000000000398e-01
9.497683000000000098e-01
9.547670999999999797e-01
9.597658999999999496e-01
9.647647000000000306e-01
9.697634000000000531e-01
9.747622000000000231e-01
9.797609999999999930e-01
9.847597999999999629e-01
9.897586000000000439e-01
9.947572999999999555e-01
9.997561000000000364e-01
1.004755000000000065e+00
1.009754000000000040e+00
1.014752000000000098e+00
1.019751000000000074e+00
1.024750000000000050e+00
1.029749000000000025e+00
1.034748000000000001e+00
1.039746000000000059e+00
1.044745000000000035e+00
1.049744000000000010e+00
1.054742999999999986e+00
1.059741000000000044e+00
1.064740000000000020e+00
1.069738999999999995e+00
1.074737999999999971e+00
1.079736999999999947e+00
1.084735000000000005e+00
1.089733999999999980e+00
1.094732999999999956e+00
1.099731999999999932e+00
1.104730999999999908e+00
1.109728999999999965e+00
1.114727999999999941e+00
1.119726999999999917e+00
1.124725999999999893e+00
1.129723999999999950e+00
1.134722999999999926e+00
1.139721999999999902e+00
1.144721000000000100e+00
1.149720000000000075e+00
1.154717999999999911e+00
1.159717000000000109e+00
1.164716000000000085e+00
1.169715000000000060e+00
1.174712999999999896e+00
1.179712000000000094e+00
1.184711000000000070e+00
1.189710000000000045e+00
1.194709000000000021e+00
1.199707000000000079e+00
1.204706000000000055e+00
1.209705000000000030e+00
1.214704000000000006e+00
1.219702000000000064e+00
1.224701000000000040e+00
1.229700000000000015e+00
1.234698999999999991e+00
1.239697999999999967e+00
1.244696000000000025e+00
1.249695000000000000e+00
1.254693999999999976e+00
1.259692999999999952e+00
1.264691000000000010e+00
1.269689999999999985e+00
1.274688999999999961e+00
1.279687999999999937e+00
1.284686999999999912e+00
1.289684999999999970e+00
1.294683999999999946e+00
1.299682999999999922e+00
1.304681999999999897e+00
1.309681000000000095e+00
1.314678999999999931e+00
1.319677999999999907e+00
1.324677000000000104e+00
1.329676000000000080e+00
1.334673999999999916e+00
1.339672999999999892e+00
1.344672000000000089e+00
1.349671000000000065e+00
1.354670000000000041e+00
1.359668000000000099e+00
1.364667000000000074e+00
1.369666000000000050e+00
1.374665000000000026e+00
1.379663000000000084e+00
1.384662000000000059e+00
1.389661000000000035e+00
1.394660000000000011e+00
1.399658999999999986e+00
1.404657000000000044e+00
1.409656000000000020e+00
1.414654999999999996e+00
1.419653999999999971e+00
1.424652000000000029e+00
1.429651000000000005e+00
1.434649999999999981e+00
1.439648999999999957e+00
1.444647999999999932e+00
1.449645999999999990e+00
1.454644999999999966e+00
1.459643999999999942e+00
1.464642999999999917e+00
1.469641999999999893e+00
1.474639999999999951e+00
1.479638999999999927e+00
1.484637999999999902e+00
1.489637000000000100e+00
1.494634999999999936e+00
1.499633999999999912e+00
1.504633000000000109e+00
1.509632000000000085e+00
1.514631000000000061e+00
1.519628999999999897e+00
1.524628000000000094e+00
1.529627000000000070e+00
1.534626000000000046e+00
1.539624000000000104e+00
1.544623000000000079e+00
1.549622000000000055e+00
1.554621000000000031e+00
1.559620000000000006e+00
1.564618000000000064e+00
1.569617000000000040e+00
1.574616000000000016e+00
1.579614999999999991e+00
1.584613000000000049e+00
1.589612000000000025e+00
1.594611000000000001e+00
1.599609999999999976e+00
1.604608999999999952e+00
1.609607000000000010e+00
1.614605999999999986e+00
1.619604999999999961e+00
1.624603999999999937e+00
1.629601999999999995e+00
1.634600999999999971e+00
1.639599999999999946e+00
1.644598999999999922e+00
1.649597999999999898e+00
1.654595999999999956e+00
1.659594999999999931e+00
1.664593999999999907e+00
1.669593000000000105e+00
1.674592000000000080e+00
1.679589999999999916e+00
1.684588999999999892e+00
1.689588000000000090e+00
1.694587000000000065e+00
1.699584999999999901e+00
1.704584000000000099e+00
1.709583000000000075e+00
1.714582000000000050e+00
1.719581000000000026e+00
1.724579000000000084e+00
1.729578000000000060e+00
1.734577000000000035e+00
1.739576000000000011e+00
1.744574000000000069e+00
1.749573000000000045e+00
1.754572000000000020e+00
1.759570999999999996e+00
1.764569999999999972e+00
1.769568000000000030e+00
1.774567000000000005e+00
1.779565999999999981e+00
1.784564999999999957e+00
1.789563000000000015e+00
1.794561999999999991e+00
1.799560999999999966e+00
1.804559999999999942e+00
1.809558999999999918e+00
1.814556999999999976e+00
1.819555999999999951e+00
1.824554999999999927e+00
1.829553999999999903e+00
1.834551999999999961e+00
1.839550999999999936e+00
1.844549999999999912e+00
1.849549000000000110e+00
1.854548000000000085e+00
1.859545999999999921e+00
1.864544999999999897e+00
1.869544000000000095e+00
1.874543000000000070e+00
1.879542000000000046e+00
1.884540000000000104e+00
1.889539000000000080e+00
1.894538000000000055e+00
1.899537000000000031e+00
1.904535000000000089e+00
1.909534000000000065e+00
1.914533000000000040e+00
1.919532000000000016e+00
1.924530999999999992e+00
1.929529000000000050e+00
1.934528000000000025e+00
1.939527000000000001e+00
1.944525999999999977e+00
1.949524000000000035e+00
1.954523000000000010e+00
1.959521999999999986e+00
1.964520999999999962e+00
1.969519999999999937e+00
1.974517999999999995e+00
1.979516999999999971e+00
1.984515999999999947e+00
1.989514999999999922e+00
1.994512999999999980e+00
1.999511999999999956e+00
2.004510999999999932e+00
2.009510000000000129e+00
2.014508999999999883e+00
2.019506999999999941e+00
2.024506000000000139e+00
2.029504999999999892e+00
2.034504000000000090e+00
2.039502000000000148e+00
2.044500999999999902e+00
2.049500000000000099e+00
2.054498999999999853e+00
2.059498000000000051e+00
2.064496000000000109e+00
2.069494999999999862e+00
2.074494000000000060e+00
2.079492999999999814e+00
2.084492000000000012e+00
2.089490000000000069e+00
2.094488999999999823e+00
2.099488000000000021e+00
2.104487000000000219e+00
2.109484999999999832e+00
2.114484000000000030e+00
2.119482999999999784e+00
2.124481999999999982e+00
2.129481000000000179e+00
2.134478999999999793e+00
2.139477999999999991e+00
2.144477000000000189e+00
2.149475999999999942e+00
2.154474000000000000e+00
2.159473000000000198e+00
2.164471999999999952e+00
2.169471000000000149e+00
2.174469999999999903e+00
2.179467999999999961e+00
2.184467000000000159e+00
2.189465999999999912e+00
2.194465000000000110e+00
2.199463000000000168e+00
2.204461999999999922e+00
2.209461000000000119e+00
2.214459999999999873e+00
2.219459000000000071e+00
2.224457000000000129e+00
2.229455999999999882e+00
2.234455000000000080e+00
2.239453999999999834e+00
2.244451999999999892e+00
2.249451000000000089e+00
2.254449999999999843e+00
2.259449000000000041e+00
2.264447999999999794e+00
2.269445999999999852e+00
2.274445000000000050e+00
2.279443999999999804e+00
2.284443000000000001e+00
2.289442000000000199e+00
2.294439999999999813e+00
2.299439000000000011e+00
2.304438000000000208e+00
2.309436999999999962e+00
2.314435000000000020e+00
2.319434000000000218e+00
2.324432999999999971e+00
2.329432000000000169e+00
2.334430999999999923e+00
2.339428999999999981e+00
2.344428000000000178e+00
2.349426999999999932e+00
2.354426000000000130e+00
2.359424000000000188e+00
2.364422999999999941e+00
2.369422000000000139e+00
2.374420999999999893e+00
2.379420000000000091e+00
2.384418000000000148e+00
2.389416999999999902e+00
2.394416000000000100e+00
2.399414999999999853e+00
2.404412999999999911e+00
2.409412000000000109e+00
2.414410999999999863e+00
2.419410000000000061e+00
2.424408999999999814e+00
2.429406999999999872e+00
2.434406000000000070e+00
2.439404999999999824e+00
2.444404000000000021e+00
2.449403000000000219e+00
2.454400999999999833e+00
2.459400000000000031e+00
2.464398999999999784e+00
2.469397999999999982e+00
2.474396000000000040e+00
2.479394999999999794e+00
2.484393999999999991e+00
2.489393000000000189e+00
2.494391999999999943e+00
2.499390000000000001e+00
2.504389000000000198e+00
2.509387999999999952e+00
2.514387000000000150e+00
2.519385000000000208e+00
2.524383999999999961e+00
2.529383000000000159e+00
2.534381999999999913e+00
2.539381000000000110e+00
2.544379000000000168e+00
2.549377999999999922e+00
2.554377000000000120e+00
2.559375999999999873e+00
2.564373999999999931e+00
2.569373000000000129e+00
2.574371999999999883e+00
2.579371000000000080e+00
2.584369999999999834e+00
2.589367999999999892e+00
2.594367000000000090e+00
2.599365999999999843e+00
2.604365000000000041e+00
2.609363000000000099e+00
2.614361999999999853e+00
2.619361000000000050e+00
2.624359999999999804e+00
2.629359000000000002e+00
2.634357000000000060e+00
2.639355999999999813e+00
2.644355000000000011e+00
2.649354000000000209e+00
2.654352999999999962e+00
2.659351000000000020e+00
2.664350000000000218e+00
2.669348999999999972e+00
2.674348000000000170e+00
2.679345999999999783e+00
2.684344999999999981e+00
2.689344000000000179e+00
2.694342999999999932e+00
2.699342000000000130e+00
2.704340000000000188e+00
2.709338999999999942e+00
2.714338000000000140e+00
2.719336999999999893e+00
2.724334999999999951e+00
2.729334000000000149e+00
2.734332999999999902e+00
2.739332000000000100e+00
2.744330999999999854e+00
2.749328999999999912e+00
2.754328000000000110e+00
2.759326999999999863e+00
2.764326000000000061e+00
2.769324000000000119e+00
2.774322999999999873e+00
2.779322000000000070e+00
2.784320999999999824e+00
2.789320000000000022e+00
2.794318000000000080e+00
2.799316999999999833e+00
2.804316000000000031e+00
2.809314999999999785e+00
2.814312999999999843e+00
2.819312000000000040e+00
2.824310999999999794e+00
2.829309999999999992e+00
2.834309000000000189e+00
2.839306999999999803e+00
2.844306000000000001e+00
2.849305000000000199e+00
2.854303999999999952e+00
2.859303000000000150e+00
2.864301000000000208e+00
2.869299999999999962e+00
2.874299000000000159e+00
2.879297999999999913e+00
2.884295999999999971e+00
2.889295000000000169e+00
2.894293999999999922e+00
2.899293000000000120e+00
2.904291999999999874e+00
2.909289999999999932e+00
2.914289000000000129e+00
2.919287999999999883e+00
2.924287000000000081e+00
2.929285000000000139e+00
2.934283999999999892e+00
2.939283000000000090e+00
2.944281999999999844e+00
2.949281000000000041e+00
2.954279000000000099e+00
2.959277999999999853e+00
2.964277000000000051e+00
2.969275999999999804e+00
2.974273999999999862e+00
2.979273000000000060e+00
2.984271999999999814e+00
2.989271000000000011e+00
2.994270000000000209e+00
2.999267999999999823e+00
3.004267000000000021e+00
3.009266000000000219e+00
3.014264999999999972e+00
3.019263000000000030e+00
3.024261999999999784e+00
3.029260999999999981e+00
3.034260000000000179e+00
3.039258999999999933e+00
3.044256999999999991e+00
3.049256000000000189e+00
3.054254999999999942e+00
3.059254000000000140e+00
3.064252999999999894e+00
3.069250999999999951e+00
3.074250000000000149e+00
3.079248999999999903e+00
3.084248000000000101e+00
3.089246000000000159e+00
3.094244999999999912e+00
3.099244000000000110e+00
3.104242999999999864e+00
3.109242000000000061e+00
3.114240000000000119e+00
3.119238999999999873e+00
3.124238000000000071e+00
3.129236999999999824e+00
3.134234999999999882e+00
3.139234000000000080e+00
3.144232999999999834e+00
3.149232000000000031e+00
3.154230999999999785e+00
3.159228999999999843e+00
3.164228000000000041e+00
3.169226999999999794e+00
3.174225999999999992e+00
3.179224000000000050e+00
3.184222999999999804e+00
3.189222000000000001e+00
3.194221000000000199e+00
3.199219999999999953e+00
3.204218000000000011e+00
3.209217000000000208e+00
3.214215999999999962e+00
3.219215000000000160e+00
3.224213000000000218e+00
3.229211999999999971e+00
3.234211000000000169e+00
3.239209999999999923e+00
3.244209000000000120e+00
3.249207000000000178e+00
3.254205999999999932e+00
3.259205000000000130e+00
3.264203999999999883e+00
3.269203000000000081e+00
3.274201000000000139e+00
3.279199999999999893e+00
3.284199000000000090e+00
3.289197999999999844e+00
3.294195999999999902e+00
3.299195000000000100e+00
3.304193999999999853e+00
3.309193000000000051e+00
3.314191999999999805e+00
3.319189999999999863e+00
3.324189000000000060e+00
3.329187999999999814e+00
3.334187000000000012e+00
3.339185000000000070e+00
3.344183999999999823e+00
3.349183000000000021e+00
3.354182000000000219e+00
3.359180999999999973e+00
3.364179000000000030e+00
3.369177999999999784e+00
3.374176999999999982e+00
3.379176000000000180e+00
3.384173999999999793e+00
3.389172999999999991e+00
3.394172000000000189e+00
3.399170999999999943e+00
3.404170000000000140e+00
3.409168000000000198e+00
3.414166999999999952e+00
3.419166000000000150e+00
3.424164999999999903e+00
3.429164000000000101e+00
3.434162000000000159e+00
3.439160999999999913e+00
3.444160000000000110e+00
3.449158999999999864e+00
3.454156999999999922e+00
3.459156000000000120e+00
3.464154999999999873e+00
3.469154000000000071e+00
3.474152999999999825e+00
3.479150999999999883e+00
3.484150000000000080e+00
3.489148999999999834e+00
3.494148000000000032e+00
3.499146000000000090e+00
3.504144999999999843e+00
3.509144000000000041e+00
3.514142999999999795e+00
3.519141999999999992e+00
3.524140000000000050e+00
3.529138999999999804e+00
3.534138000000000002e+00
3.539137000000000199e+00
3.544134999999999813e+00
3.549134000000000011e+00
3.554133000000000209e+00
3.559131999999999962e+00
3.564131000000000160e+00
3.569129000000000218e+00
3.574127999999999972e+00
3.579127000000000169e+00
3.584125999999999923e+00
3.589123999999999981e+00
3.594123000000000179e+00
3.599121999999999932e+00
3.604121000000000130e+00
3.609119999999999884e+00
3.614117999999999942e+00
3.619117000000000139e+00
3.624115999999999893e+00
3.629115000000000091e+00
3.634113999999999844e+00
3.639111999999999902e+00
3.644111000000000100e+00
3.649109999999999854e+00
3.654109000000000052e+00
3.659107000000000109e+00
3.664105999999999863e+00
3.669105000000000061e+00
3.674103999999999814e+00
3.679103000000000012e+00
3.684101000000000070e+00
3.689099999999999824e+00
3.694099000000000022e+00
3.699098000000000219e+00
3.704095999999999833e+00
3.709095000000000031e+00
3.714093999999999784e+00
3.719092999999999982e+00
3.724092000000000180e+00
3.729089999999999794e+00
3.734088999999999992e+00
3.739088000000000189e+00
3.744086999999999943e+00
3.749085000000000001e+00
3.754084000000000199e+00
3.759082999999999952e+00
3.764082000000000150e+00
3.769080999999999904e+00
3.774078999999999962e+00
3.779078000000000159e+00
3.784076999999999913e+00
3.789076000000000111e+00
3.794074000000000169e+00
3.799072999999999922e+00
3.804072000000000120e+00
3.809070999999999874e+00
3.814070000000000071e+00
3.819068000000000129e+00
3.824066999999999883e+00
3.829066000000000081e+00
3.834064999999999834e+00
3.839064000000000032e+00
3.844062000000000090e+00
3.849060999999999844e+00
3.854060000000000041e+00
3.859058999999999795e+00
3.864056999999999853e+00
3.869056000000000051e+00
3.874054999999999804e+00
3.879054000000000002e+00
3.884053000000000200e+00
3.889050999999999814e+00
3.894050000000000011e+00
3.899049000000000209e+00
3.904047999999999963e+00
3.909046000000000021e+00
3.914045000000000218e+00
3.919043999999999972e+00
3.924043000000000170e+00
3.929041999999999923e+00
3.934039999999999981e+00
3.939039000000000179e+00
3.944037999999999933e+00
3.949037000000000130e+00
3.954035000000000188e+00
3.959033999999999942e+00
3.964033000000000140e+00
3.969031999999999893e+00
3.974031000000000091e+00
3.979029000000000149e+00
3.984027999999999903e+00
3.989027000000000100e+00
3.994025999999999854e+00
3.999023999999999912e+00
4.004023000000000110e+00
4.009021999999999863e+00
4.014020999999999617e+00
4.019020000000000259e+00
4.024017999999999873e+00
4.029016999999999626e+00
4.034016000000000268e+00
4.039015000000000022e+00
4.044013999999999776e+00
4.049012000000000278e+00
4.054011000000000031e+00
4.059009999999999785e+00
4.064009000000000427e+00
4.069007000000000041e+00
4.074005999999999794e+00
4.079005000000000436e+00
4.084004000000000190e+00
4.089002999999999943e+00
4.094000999999999557e+00
4.099000000000000199e+00
4.103998999999999953e+00
4.108997999999999706e+00
4.113996000000000208e+00
4.118994999999999962e+00
4.123993999999999716e+00
4.128993000000000357e+00
4.133992000000000111e+00
4.138989999999999725e+00
4.143989000000000367e+00
4.148988000000000120e+00
4.153986999999999874e+00
4.158985000000000376e+00
4.163984000000000130e+00
4.168982999999999883e+00
4.173981999999999637e+00
4.178981000000000279e+00
4.183978999999999893e+00
4.188977999999999646e+00
4.193977000000000288e+00
4.198976000000000042e+00
4.203973999999999656e+00
4.208973000000000297e+00
4.213972000000000051e+00
4.218970999999999805e+00
4.223969999999999558e+00
4.228968000000000060e+00
4.233966999999999814e+00
4.238965999999999568e+00
4.243965000000000209e+00
4.248963999999999963e+00
4.253961999999999577e+00
4.258961000000000219e+00
4.263959999999999972e+00
4.268958999999999726e+00
4.273957000000000228e+00
4.278955999999999982e+00
4.283954999999999735e+00
4.288954000000000377e+00
4.293953000000000131e+00
4.298950999999999745e+00
4.303950000000000387e+00
4.308949000000000140e+00
4.313947999999999894e+00
4.318946000000000396e+00
4.323945000000000149e+00
4.328943999999999903e+00
4.333942999999999657e+00
4.338942000000000299e+00
4.343939999999999912e+00
4.348938999999999666e+00
4.353938000000000308e+00
4.358937000000000062e+00
4.363934999999999675e+00
4.368934000000000317e+00
4.373933000000000071e+00
4.378931999999999825e+00
4.383930999999999578e+00
4.388929000000000080e+00
4.393927999999999834e+00
4.398926999999999587e+00
4.403926000000000229e+00
4.408924999999999983e+00
4.413922999999999597e+00
4.418922000000000239e+00
4.423920999999999992e+00
4.428919999999999746e+00
4.433918000000000248e+00
4.438917000000000002e+00
4.443915999999999755e+00
4.448915000000000397e+00
4.453914000000000151e+00
4.458911999999999765e+00
4.463911000000000406e+00
4.468910000000000160e+00
4.473908999999999914e+00
4.478907000000000416e+00
4.483906000000000169e+00
4.488904999999999923e+00
4.493903999999999677e+00
4.498903000000000318e+00
4.503900999999999932e+00
4.508899999999999686e+00
4.513899000000000328e+00
4.518898000000000081e+00
4.523895999999999695e+00
4.528895000000000337e+00
4.533894000000000091e+00
4.538892999999999844e+00
4.543891999999999598e+00
4.548890000000000100e+00
4.553888999999999854e+00
4.558887999999999607e+00
4.563887000000000249e+00
4.568884999999999863e+00
4.573883999999999617e+00
4.578883000000000258e+00
4.583882000000000012e+00
4.588880999999999766e+00
4.593879000000000268e+00
4.598878000000000021e+00
4.603876999999999775e+00
4.608876000000000417e+00
4.613875000000000171e+00
4.618872999999999784e+00
4.623872000000000426e+00
4.628871000000000180e+00
4.633869999999999933e+00
4.638868000000000436e+00
4.643867000000000189e+00
4.648865999999999943e+00
4.653864999999999696e+00
4.658864000000000338e+00
4.663861999999999952e+00
4.668860999999999706e+00
4.673860000000000348e+00
4.678859000000000101e+00
4.683856999999999715e+00
4.688856000000000357e+00
4.693855000000000111e+00
4.698853999999999864e+00
4.703852999999999618e+00
4.708851000000000120e+00
4.713849999999999874e+00
4.718848999999999627e+00
4.723848000000000269e+00
4.728845999999999883e+00
4.733844999999999636e+00
4.738844000000000278e+00
4.743843000000000032e+00
4.748841999999999786e+00
4.753840000000000288e+00
4.758839000000000041e+00
4.763837999999999795e+00
4.768837000000000437e+00
4.773835000000000051e+00
4.778833999999999804e+00
4.783832999999999558e+00
4.788832000000000200e+00
4.793830999999999953e+00
4.798828999999999567e+00
4.803828000000000209e+00
4.808826999999999963e+00
4.813825999999999716e+00
4.818825000000000358e+00
4.823822999999999972e+00
4.828821999999999726e+00
4.833821000000000367e+00
4.838820000000000121e+00
4.843817999999999735e+00
4.848817000000000377e+00
4.853816000000000130e+00
4.858814999999999884e+00
4.863813999999999638e+00
4.868812000000000140e+00
4.873810999999999893e+00
4.878809999999999647e+00
4.883809000000000289e+00
4.888806999999999903e+00
4.893805999999999656e+00
4.898805000000000298e+00
4.903804000000000052e+00
4.908802999999999805e+00
4.913801000000000307e+00
4.918800000000000061e+00
4.923798999999999815e+00
4.928797999999999568e+00
4.933796000000000070e+00
4.938794999999999824e+00
4.943793999999999578e+00
4.948793000000000220e+00
4.953791999999999973e+00
4.958789999999999587e+00
4.963789000000000229e+00
4.968787999999999982e+00
4.973786999999999736e+00
4.978785000000000238e+00
4.983783999999999992e+00
4.988782999999999745e+00
4.993782000000000387e+00
