0.000000000000000000e+00
5.375663000000000143e-03
1.075132999999999991e-02
1.612699000000000077e-02
2.150265000000000162e-02
2.687830999999999901e-02
3.225398000000000154e-02
3.762963999999999892e-02
4.300530000000000325e-02
4.838097000000000231e-02
5.375662999999999969e-02
5.913228999999999708e-02
6.450794999999999446e-02
6.988361999999999352e-02
7.525927999999999785e-02
8.063494000000000217e-02
8.601060000000000649e-02
9.138627000000000555e-02
9.676192999999999600e-02
1.021375999999999951e-01
1.075133000000000061e-01
1.128889000000000004e-01
1.182645999999999975e-01
1.236402000000000057e-01
1.290158999999999889e-01
1.343915999999999999e-01
1.397672000000000081e-01
1.451428999999999914e-01
1.505186000000000024e-01
1.558942000000000105e-01
1.612698999999999938e-01
1.666455000000000020e-01
1.720212000000000130e-01
1.773968999999999963e-01
1.827725000000000044e-01
1.881481999999999877e-01
1.935238999999999987e-01
1.988995000000000068e-01
2.042751999999999901e-01
2.096507999999999983e-01
2.150265000000000093e-01
2.204021999999999926e-01
2.257778000000000007e-01
2.311535000000000117e-01
2.365291999999999950e-01
2.419048000000000032e-01
2.472804999999999864e-01
2.526561999999999975e-01
2.580317999999999778e-01
2.634075000000000166e-01
2.687830999999999970e-01
2.741587999999999803e-01
2.795345000000000191e-01
2.849100999999999995e-01
2.902857999999999827e-01
2.956615000000000215e-01
3.010371000000000019e-01
3.064127999999999852e-01
3.117884000000000211e-01
3.171641000000000044e-01
3.225397999999999876e-01
3.279154000000000235e-01
3.332911000000000068e-01
3.386667999999999901e-01
3.440424000000000260e-01
3.494181000000000092e-01
3.547936999999999896e-01
3.601693999999999729e-01
3.655451000000000117e-01
3.709206999999999921e-01
3.762963999999999753e-01
3.816721000000000141e-01
3.870476999999999945e-01
3.924233999999999778e-01
3.977990000000000137e-01
4.031746999999999970e-01
4.085503999999999802e-01
4.139260000000000161e-01
4.193016999999999994e-01
4.246773999999999827e-01
4.300530000000000186e-01
4.354287000000000019e-01
4.408042999999999823e-01
4.461800000000000210e-01
4.515557000000000043e-01
4.569312999999999847e-01
4.623070000000000235e-01
4.676827000000000067e-01
4.730582999999999871e-01
4.784340000000000259e-01
4.838097000000000092e-01
4.891852999999999896e-01
4.945609999999999729e-01
4.999366000000000088e-01
5.053123000000000475e-01
5.106880000000000308e-01
5.160635999999999557e-01
5.214393000000000500e-01
5.268150000000000333e-01
5.321905999999999581e-01
5.375663000000000524e-01
5.429418999999999773e-01
5.483175999999999606e-01
5.536933000000000549e-01
5.590688999999999798e-01
5.644445999999999630e-01
5.698202999999999463e-01
5.751958999999999822e-01
5.805715999999999655e-01
5.859472000000000014e-01
5.913228999999999846e-01
5.966985999999999679e-01
6.020742000000000038e-01
6.074498999999999871e-01
6.128255999999999704e-01
6.182012000000000063e-01
6.235768999999999895e-01
6.289525000000000254e-01
6.343282000000000087e-01
6.397038999999999920e-01
6.450795000000000279e-01
6.504552000000000112e-01
6.558308999999999944e-01
6.612065000000000303e-01
6.665822000000000136e-01
6.719578000000000495e-01
6.773335000000000328e-01
6.827092000000000160e-01
6.880848000000000519e-01
6.934605000000000352e-01
6.988362000000000185e-01
7.042118000000000544e-01
7.095875000000000377e-01
7.149632000000000209e-01
7.203387999999999458e-01
7.257145000000000401e-01
7.310900999999999650e-01
7.364657999999999483e-01
7.418415000000000425e-01
7.472170999999999674e-01
7.525927999999999507e-01
7.579685000000000450e-01
7.633440999999999699e-01
7.687197999999999531e-01
7.740953999999999890e-01
7.794710999999999723e-01
7.848467999999999556e-01
7.902223999999999915e-01
7.955980999999999748e-01
8.009737999999999580e-01
8.063493999999999939e-01
8.117250999999999772e-01
8.171007000000000131e-01
8.224763999999999964e-01
8.278520999999999797e-01
8.332277000000000156e-01
8.386033999999999988e-01
8.439790999999999821e-01
8.493547000000000180e-01
8.547304000000000013e-01
8.601060000000000372e-01
8.654817000000000204e-01
8.708574000000000037e-01
8.762330000000000396e-01
8.816087000000000229e-01
8.869844000000000062e-01
8.923600000000000421e-01
8.977357000000000253e-01
9.031112999999999502e-01
9.084870000000000445e-01
9.138627000000000278e-01
9.192382999999999527e-01
9.246140000000000470e-01
9.299897000000000302e-01
9.353652999999999551e-01
9.407410000000000494e-01
9.461167000000000327e-01
9.514922999999999575e-01
9.568680000000000518e-01
9.622435999999999767e-01
9.676192999999999600e-01
9.729950000000000543e-01
9.783705999999999792e-01
9.837462999999999624e-01
9.891219999999999457e-01
9.944975999999999816e-01
9.998732999999999649e-01
1.005249000000000059e+00
1.010625000000000107e+00
1.016000000000000014e+00
1.021376000000000062e+00
1.026752000000000109e+00
1.032127000000000017e+00
1.037503000000000064e+00
1.042878999999999889e+00
1.048254000000000019e+00
1.053630000000000067e+00
1.059005999999999892e+00
1.064381000000000022e+00
1.069757000000000069e+00
1.075132999999999894e+00
1.080508000000000024e+00
1.085884000000000071e+00
1.091259999999999897e+00
1.096635000000000026e+00
1.102011000000000074e+00
1.107386999999999899e+00
1.112762000000000029e+00
1.118138000000000076e+00
1.123513999999999902e+00
1.128889000000000031e+00
1.134265000000000079e+00
1.139640999999999904e+00
1.145016000000000034e+00
1.150392000000000081e+00
1.155766999999999989e+00
1.161143000000000036e+00
1.166519000000000084e+00
1.171893999999999991e+00
1.177270000000000039e+00
1.182646000000000086e+00
1.188020999999999994e+00
1.193397000000000041e+00
1.198773000000000089e+00
1.204147999999999996e+00
1.209524000000000044e+00
1.214900000000000091e+00
1.220274999999999999e+00
1.225651000000000046e+00
1.231027000000000093e+00
1.236402000000000001e+00
1.241778000000000048e+00
1.247154000000000096e+00
1.252529000000000003e+00
1.257905000000000051e+00
1.263281000000000098e+00
1.268656000000000006e+00
1.274032000000000053e+00
1.279408000000000101e+00
1.284783000000000008e+00
1.290159000000000056e+00
1.295535000000000103e+00
1.300910000000000011e+00
1.306286000000000058e+00
1.311662000000000106e+00
1.317037000000000013e+00
1.322413000000000061e+00
1.327789000000000108e+00
1.333164000000000016e+00
1.338540000000000063e+00
1.343916000000000111e+00
1.349291000000000018e+00
1.354667000000000066e+00
1.360042999999999891e+00
1.365418000000000021e+00
1.370794000000000068e+00
1.376169999999999893e+00
1.381545000000000023e+00
1.386921000000000070e+00
1.392296999999999896e+00
1.397672000000000025e+00
1.403048000000000073e+00
1.408423999999999898e+00
1.413799000000000028e+00
1.419175000000000075e+00
1.424550999999999901e+00
1.429926000000000030e+00
1.435302000000000078e+00
1.440677999999999903e+00
1.446053000000000033e+00
1.451429000000000080e+00
1.456804999999999906e+00
1.462180000000000035e+00
1.467556000000000083e+00
1.472931999999999908e+00
1.478307000000000038e+00
1.483683000000000085e+00
1.489058999999999910e+00
1.494434000000000040e+00
1.499810000000000088e+00
1.505185999999999913e+00
1.510561000000000043e+00
1.515937000000000090e+00
1.521312999999999915e+00
1.526688000000000045e+00
1.532064000000000092e+00
1.537439999999999918e+00
1.542815000000000047e+00
1.548191000000000095e+00
1.553566999999999920e+00
1.558942000000000050e+00
1.564318000000000097e+00
1.569693999999999923e+00
1.575069000000000052e+00
1.580445000000000100e+00
1.585820999999999925e+00
1.591196000000000055e+00
1.596572000000000102e+00
1.601947999999999928e+00
1.607323000000000057e+00
1.612699000000000105e+00
1.618074000000000012e+00
1.623450000000000060e+00
1.628826000000000107e+00
1.634201000000000015e+00
1.639577000000000062e+00
1.644953000000000110e+00
1.650328000000000017e+00
1.655704000000000065e+00
1.661079999999999890e+00
1.666455000000000020e+00
1.671831000000000067e+00
1.677206999999999892e+00
1.682582000000000022e+00
1.687958000000000069e+00
1.693333999999999895e+00
1.698709000000000024e+00
1.704085000000000072e+00
1.709460999999999897e+00
1.714836000000000027e+00
1.720212000000000074e+00
1.725587999999999900e+00
1.730963000000000029e+00
1.736339000000000077e+00
1.741714999999999902e+00
1.747090000000000032e+00
1.752466000000000079e+00
1.757841999999999905e+00
1.763217000000000034e+00
1.768593000000000082e+00
1.773968999999999907e+00
1.779344000000000037e+00
1.784720000000000084e+00
1.790095999999999909e+00
1.795471000000000039e+00
1.800847000000000087e+00
1.806222999999999912e+00
1.811598000000000042e+00
1.816974000000000089e+00
1.822349999999999914e+00
1.827725000000000044e+00
1.833101000000000091e+00
1.838476999999999917e+00
1.843852000000000046e+00
1.849228000000000094e+00
1.854603999999999919e+00
1.859979000000000049e+00
1.865355000000000096e+00
1.870730999999999922e+00
1.876106000000000051e+00
1.881482000000000099e+00
1.886857999999999924e+00
1.892233000000000054e+00
1.897609000000000101e+00
1.902984999999999927e+00
1.908360000000000056e+00
1.913736000000000104e+00
1.919111999999999929e+00
1.924487000000000059e+00
1.929863000000000106e+00
1.935238999999999931e+00
1.940614000000000061e+00
1.945990000000000109e+00
1.951365999999999934e+00
1.956741000000000064e+00
1.962117000000000111e+00
1.967492999999999936e+00
1.972868000000000066e+00
1.978243999999999891e+00
1.983619999999999939e+00
1.988995000000000068e+00
1.994370999999999894e+00
1.999746999999999941e+00
2.005122000000000071e+00
2.010498000000000118e+00
2.015874000000000166e+00
2.021249000000000073e+00
2.026625000000000121e+00
2.032001000000000168e+00
2.037376000000000076e+00
2.042752000000000123e+00
2.048128000000000171e+00
2.053503000000000078e+00
2.058879000000000126e+00
2.064255000000000173e+00
2.069630000000000081e+00
2.075006000000000128e+00
2.080381000000000036e+00
2.085757000000000083e+00
2.091133000000000131e+00
2.096508000000000038e+00
2.101884000000000086e+00
2.107260000000000133e+00
2.112635000000000041e+00
2.118011000000000088e+00
2.123387000000000135e+00
2.128762000000000043e+00
2.134138000000000090e+00
2.139514000000000138e+00
2.144889000000000046e+00
2.150265000000000093e+00
2.155641000000000140e+00
2.161016000000000048e+00
2.166392000000000095e+00
2.171768000000000143e+00
2.177143000000000050e+00
2.182519000000000098e+00
2.187895000000000145e+00
2.193270000000000053e+00
2.198646000000000100e+00
2.204022000000000148e+00
2.209397000000000055e+00
2.214773000000000103e+00
2.220149000000000150e+00
2.225524000000000058e+00
2.230900000000000105e+00
2.236276000000000153e+00
2.241651000000000060e+00
2.247027000000000108e+00
2.252403000000000155e+00
2.257778000000000063e+00
2.263154000000000110e+00
2.268530000000000157e+00
2.273905000000000065e+00
2.279281000000000112e+00
2.284657000000000160e+00
2.290032000000000068e+00
2.295408000000000115e+00
2.300784000000000162e+00
2.306159000000000070e+00
2.311535000000000117e+00
2.316911000000000165e+00
2.322286000000000072e+00
2.327662000000000120e+00
2.333038000000000167e+00
2.338413000000000075e+00
2.343789000000000122e+00
2.349165000000000170e+00
2.354540000000000077e+00
2.359916000000000125e+00
2.365292000000000172e+00
2.370667000000000080e+00
2.376043000000000127e+00
2.381419000000000175e+00
2.386794000000000082e+00
2.392170000000000130e+00
2.397546000000000177e+00
2.402921000000000085e+00
2.408297000000000132e+00
2.413673000000000179e+00
2.419048000000000087e+00
2.424424000000000134e+00
2.429800000000000182e+00
2.435175000000000090e+00
2.440551000000000137e+00
2.445927000000000184e+00
2.451302000000000092e+00
2.456678000000000139e+00
2.462054000000000187e+00
2.467429000000000094e+00
2.472805000000000142e+00
2.478181000000000189e+00
2.483556000000000097e+00
2.488932000000000144e+00
2.494308000000000192e+00
2.499683000000000099e+00
2.505059000000000147e+00
2.510435000000000194e+00
2.515810000000000102e+00
2.521186000000000149e+00
2.526562000000000197e+00
2.531937000000000104e+00
2.537313000000000152e+00
2.542688000000000059e+00
2.548064000000000107e+00
2.553440000000000154e+00
2.558815000000000062e+00
2.564191000000000109e+00
2.569567000000000156e+00
2.574942000000000064e+00
2.580318000000000112e+00
2.585694000000000159e+00
2.591069000000000067e+00
2.596445000000000114e+00
2.601821000000000161e+00
2.607196000000000069e+00
2.612572000000000116e+00
2.617948000000000164e+00
2.623323000000000071e+00
2.628699000000000119e+00
2.634075000000000166e+00
2.639450000000000074e+00
2.644826000000000121e+00
2.650202000000000169e+00
2.655577000000000076e+00
2.660953000000000124e+00
2.666329000000000171e+00
2.671704000000000079e+00
2.677080000000000126e+00
2.682456000000000174e+00
2.687831000000000081e+00
2.693207000000000129e+00
2.698583000000000176e+00
2.703958000000000084e+00
2.709334000000000131e+00
2.714710000000000178e+00
2.720085000000000086e+00
2.725461000000000134e+00
2.730837000000000181e+00
2.736212000000000089e+00
2.741588000000000136e+00
2.746964000000000183e+00
2.752339000000000091e+00
2.757715000000000138e+00
2.763091000000000186e+00
2.768466000000000093e+00
2.773842000000000141e+00
2.779218000000000188e+00
2.784593000000000096e+00
2.789969000000000143e+00
2.795345000000000191e+00
2.800720000000000098e+00
2.806096000000000146e+00
2.811472000000000193e+00
2.816847000000000101e+00
2.822223000000000148e+00
2.827599000000000196e+00
2.832974000000000103e+00
2.838350000000000151e+00
2.843726000000000198e+00
2.849101000000000106e+00
2.854477000000000153e+00
2.859853000000000200e+00
2.865228000000000108e+00
2.870604000000000156e+00
2.875980000000000203e+00
2.881355000000000111e+00
2.886731000000000158e+00
2.892107000000000205e+00
2.897482000000000113e+00
2.902858000000000160e+00
2.908234000000000208e+00
2.913609000000000115e+00
2.918985000000000163e+00
2.924361000000000210e+00
2.929736000000000118e+00
2.935112000000000165e+00
2.940488000000000213e+00
2.945863000000000120e+00
2.951239000000000168e+00
2.956615000000000215e+00
2.961990000000000123e+00
2.967366000000000170e+00
2.972742000000000218e+00
2.978117000000000125e+00
2.983493000000000173e+00
2.988869000000000220e+00
2.994244000000000128e+00
2.999620000000000175e+00
3.004995000000000083e+00
3.010371000000000130e+00
3.015747000000000178e+00
3.021122000000000085e+00
3.026498000000000133e+00
3.031874000000000180e+00
3.037249000000000088e+00
3.042625000000000135e+00
3.048001000000000182e+00
3.053376000000000090e+00
3.058752000000000137e+00
3.064128000000000185e+00
3.069503000000000092e+00
3.074879000000000140e+00
3.080255000000000187e+00
3.085630000000000095e+00
3.091006000000000142e+00
3.096382000000000190e+00
3.101757000000000097e+00
3.107133000000000145e+00
3.112509000000000192e+00
3.117884000000000100e+00
3.123260000000000147e+00
3.128636000000000195e+00
3.134011000000000102e+00
3.139387000000000150e+00
3.144763000000000197e+00
3.150138000000000105e+00
3.155514000000000152e+00
3.160890000000000200e+00
3.166265000000000107e+00
3.171641000000000155e+00
3.177017000000000202e+00
3.182392000000000110e+00
3.187768000000000157e+00
3.193144000000000204e+00
3.198519000000000112e+00
3.203895000000000159e+00
3.209271000000000207e+00
3.214646000000000114e+00
3.220022000000000162e+00
3.225398000000000209e+00
3.230773000000000117e+00
3.236149000000000164e+00
3.241525000000000212e+00
3.246900000000000119e+00
3.252276000000000167e+00
3.257652000000000214e+00
3.263027000000000122e+00
3.268403000000000169e+00
3.273779000000000217e+00
3.279154000000000124e+00
3.284530000000000172e+00
3.289906000000000219e+00
3.295281000000000127e+00
3.300657000000000174e+00
3.306033000000000222e+00
3.311408000000000129e+00
3.316784000000000177e+00
3.322159999999999780e+00
3.327535000000000132e+00
3.332911000000000179e+00
3.338286999999999782e+00
3.343662000000000134e+00
3.349038000000000181e+00
3.354413999999999785e+00
3.359789000000000136e+00
3.365165000000000184e+00
3.370540999999999787e+00
3.375916000000000139e+00
3.381292000000000186e+00
3.386667999999999790e+00
3.392043000000000141e+00
3.397419000000000189e+00
3.402794999999999792e+00
3.408170000000000144e+00
3.413546000000000191e+00
3.418921999999999795e+00
3.424297000000000146e+00
3.429673000000000194e+00
3.435048999999999797e+00
3.440424000000000149e+00
3.445800000000000196e+00
3.451175999999999799e+00
3.456551000000000151e+00
3.461927000000000199e+00
3.467302000000000106e+00
3.472678000000000154e+00
3.478054000000000201e+00
3.483429000000000109e+00
3.488805000000000156e+00
3.494181000000000203e+00
3.499556000000000111e+00
3.504932000000000158e+00
3.510308000000000206e+00
3.515683000000000114e+00
3.521059000000000161e+00
3.526435000000000208e+00
3.531810000000000116e+00
3.537186000000000163e+00
3.542562000000000211e+00
3.547937000000000118e+00
3.553313000000000166e+00
3.558689000000000213e+00
3.564064000000000121e+00
3.569440000000000168e+00
3.574816000000000216e+00
3.580191000000000123e+00
3.585567000000000171e+00
3.590943000000000218e+00
3.596318000000000126e+00
3.601694000000000173e+00
3.607070000000000221e+00
3.612445000000000128e+00
3.617821000000000176e+00
3.623196999999999779e+00
3.628572000000000131e+00
3.633948000000000178e+00
3.639323999999999781e+00
3.644699000000000133e+00
3.650075000000000180e+00
3.655450999999999784e+00
3.660826000000000136e+00
3.666202000000000183e+00
3.671577999999999786e+00
3.676953000000000138e+00
3.682329000000000185e+00
3.687704999999999789e+00
3.693080000000000140e+00
3.698456000000000188e+00
3.703831999999999791e+00
3.709207000000000143e+00
3.714583000000000190e+00
3.719958999999999794e+00
3.725334000000000145e+00
3.730710000000000193e+00
3.736085999999999796e+00
3.741461000000000148e+00
3.746837000000000195e+00
3.752212999999999798e+00
3.757588000000000150e+00
3.762964000000000198e+00
3.768339999999999801e+00
3.773715000000000153e+00
3.779091000000000200e+00
3.784466999999999803e+00
3.789842000000000155e+00
3.795218000000000202e+00
3.800593999999999806e+00
3.805969000000000158e+00
3.811345000000000205e+00
3.816720999999999808e+00
3.822096000000000160e+00
3.827472000000000207e+00
3.832847999999999811e+00
3.838223000000000162e+00
3.843599000000000210e+00
3.848974999999999813e+00
3.854350000000000165e+00
3.859726000000000212e+00
3.865101999999999816e+00
3.870477000000000167e+00
3.875853000000000215e+00
3.881228999999999818e+00
3.886604000000000170e+00
3.891980000000000217e+00
3.897355999999999820e+00
3.902731000000000172e+00
3.908107000000000220e+00
3.913482999999999823e+00
3.918858000000000175e+00
3.924234000000000222e+00
3.929609000000000130e+00
3.934985000000000177e+00
3.940360999999999780e+00
3.945736000000000132e+00
3.951112000000000180e+00
3.956487999999999783e+00
3.961863000000000135e+00
3.967239000000000182e+00
3.972614999999999785e+00
3.977990000000000137e+00
3.983366000000000184e+00
3.988741999999999788e+00
3.994117000000000139e+00
3.999493000000000187e+00
4.004869000000000234e+00
4.010244000000000142e+00
4.015620000000000189e+00
4.020996000000000237e+00
4.026371000000000144e+00
4.031747000000000192e+00
4.037123000000000239e+00
4.042498000000000147e+00
4.047874000000000194e+00
4.053250000000000242e+00
4.058625000000000149e+00
4.064001000000000197e+00
4.069377000000000244e+00
4.074752000000000152e+00
4.080128000000000199e+00
4.085504000000000246e+00
4.090879000000000154e+00
4.096255000000000202e+00
4.101631000000000249e+00
4.107006000000000157e+00
4.112382000000000204e+00
4.117758000000000251e+00
4.123133000000000159e+00
4.128509000000000206e+00
4.133885000000000254e+00
4.139260000000000161e+00
4.144636000000000209e+00
4.150012000000000256e+00
4.155387000000000164e+00
4.160763000000000211e+00
4.166139000000000259e+00
4.171514000000000166e+00
4.176890000000000214e+00
4.182266000000000261e+00
4.187641000000000169e+00
4.193017000000000216e+00
4.198393000000000264e+00
4.203768000000000171e+00
4.209144000000000219e+00
4.214520000000000266e+00
4.219895000000000174e+00
4.225271000000000221e+00
4.230647000000000268e+00
4.236022000000000176e+00
4.241398000000000224e+00
4.246774000000000271e+00
4.252149000000000179e+00
4.257525000000000226e+00
4.262901000000000273e+00
4.268276000000000181e+00
4.273652000000000228e+00
4.279028000000000276e+00
4.284403000000000183e+00
4.289779000000000231e+00
4.295155000000000278e+00
4.300530000000000186e+00
4.305906000000000233e+00
4.311282000000000281e+00
4.316657000000000188e+00
4.322033000000000236e+00
4.327409000000000283e+00
4.332784000000000191e+00
4.338160000000000238e+00
4.343536000000000286e+00
4.348911000000000193e+00
4.354287000000000241e+00
4.359663000000000288e+00
4.365038000000000196e+00
4.370414000000000243e+00
4.375790000000000290e+00
4.381165000000000198e+00
4.386541000000000246e+00
4.391916000000000153e+00
4.397292000000000201e+00
4.402668000000000248e+00
4.408043000000000156e+00
4.413419000000000203e+00
4.418795000000000250e+00
4.424170000000000158e+00
4.429546000000000205e+00
4.434922000000000253e+00
4.440297000000000160e+00
4.445673000000000208e+00
4.451049000000000255e+00
4.456424000000000163e+00
4.461800000000000210e+00
4.467176000000000258e+00
4.472551000000000165e+00
4.477927000000000213e+00
4.483303000000000260e+00
4.488678000000000168e+00
4.494054000000000215e+00
4.499430000000000263e+00
4.504805000000000170e+00
4.510181000000000218e+00
4.515557000000000265e+00
4.520932000000000173e+00
4.526308000000000220e+00
4.531684000000000268e+00
4.537059000000000175e+00
4.542435000000000223e+00
4.547811000000000270e+00
4.553186000000000178e+00
4.558562000000000225e+00
4.563938000000000272e+00
4.569313000000000180e+00
4.574689000000000227e+00
4.580065000000000275e+00
4.585440000000000182e+00
4.590816000000000230e+00
4.596192000000000277e+00
4.601567000000000185e+00
4.606943000000000232e+00
4.612319000000000280e+00
4.617694000000000187e+00
4.623070000000000235e+00
4.628446000000000282e+00
4.633821000000000190e+00
4.639197000000000237e+00
4.644573000000000285e+00
4.649948000000000192e+00
4.655324000000000240e+00
4.660700000000000287e+00
4.666075000000000195e+00
4.671451000000000242e+00
4.676827000000000290e+00
4.682202000000000197e+00
4.687578000000000245e+00
4.692954000000000292e+00
4.698329000000000200e+00
4.703705000000000247e+00
4.709081000000000294e+00
4.714456000000000202e+00
4.719832000000000249e+00
4.725208000000000297e+00
4.730583000000000204e+00
4.735959000000000252e+00
4.741335000000000299e+00
4.746710000000000207e+00
4.752086000000000254e+00
4.757462000000000302e+00
4.762837000000000209e+00
4.768213000000000257e+00
4.773589000000000304e+00
4.778964000000000212e+00
4.784340000000000259e+00
4.789716000000000307e+00
4.795091000000000214e+00
4.800467000000000262e+00
4.805843000000000309e+00
4.811218000000000217e+00
4.816594000000000264e+00
4.821970000000000312e+00
4.827345000000000219e+00
4.832721000000000267e+00
4.838097000000000314e+00
4.843472000000000222e+00
4.848848000000000269e+00
4.854223000000000177e+00
4.859599000000000224e+00
4.864975000000000271e+00
4.870350000000000179e+00
4.875726000000000226e+00
4.881102000000000274e+00
4.886477000000000182e+00
4.891853000000000229e+00
4.897229000000000276e+00
4.902604000000000184e+00
4.907980000000000231e+00
4.913356000000000279e+00
4.918731000000000186e+00
4.924107000000000234e+00
4.929483000000000281e+00
4.934858000000000189e+00
4.940234000000000236e+00
4.945610000000000284e+00
4.950985000000000191e+00
4.956361000000000239e+00
4.961737000000000286e+00
4.967112000000000194e+00
4.972488000000000241e+00
4.977864000000000289e+00
4.983239000000000196e+00
4.988615000000000244e+00
4.993991000000000291e+00
4.999366000000000199e+00
5.004742000000000246e+00
5.010118000000000293e+00
5.015493000000000201e+00
5.020869000000000248e+00
5.026245000000000296e+00
5.031620000000000203e+00
5.036996000000000251e+00
5.042372000000000298e+00
5.047747000000000206e+00
5.053123000000000253e+00
5.058499000000000301e+00
5.063874000000000208e+00
5.069250000000000256e+00
5.074626000000000303e+00
5.080001000000000211e+00
5.085377000000000258e+00
5.090753000000000306e+00
5.096128000000000213e+00
5.101504000000000261e+00
5.106880000000000308e+00
5.112255000000000216e+00
5.117631000000000263e+00
5.123007000000000311e+00
5.128382000000000218e+00
5.133758000000000266e+00
5.139134000000000313e+00
5.144509000000000221e+00
5.149885000000000268e+00
5.155261000000000315e+00
5.160636000000000223e+00
5.166012000000000270e+00
5.171388000000000318e+00
5.176763000000000225e+00
5.182139000000000273e+00
5.187515000000000320e+00
5.192890000000000228e+00
5.198266000000000275e+00
5.203642000000000323e+00
5.209017000000000230e+00
5.214393000000000278e+00
5.219769000000000325e+00
5.225144000000000233e+00
5.230520000000000280e+00
5.235896000000000328e+00
5.241271000000000235e+00
5.246647000000000283e+00
5.252023000000000330e+00
5.257398000000000238e+00
5.262774000000000285e+00
5.268150000000000333e+00
5.273525000000000240e+00
5.278901000000000288e+00
5.284277000000000335e+00
5.289652000000000243e+00
5.295028000000000290e+00
5.300404000000000337e+00
5.305779000000000245e+00
5.311155000000000292e+00
5.316530000000000200e+00
5.321906000000000247e+00
5.327282000000000295e+00
5.332657000000000203e+00
5.338033000000000250e+00
5.343409000000000297e+00
5.348784000000000205e+00
5.354160000000000252e+00
5.359536000000000300e+00
5.364911000000000207e+00
5.370287000000000255e+00
