0.000000000000000000e+00
5.996366000000000369e-03
1.199273000000000006e-02
1.798910000000000092e-02
2.398546000000000011e-02
2.998183000000000098e-02
3.597820000000000185e-02
4.197456000000000104e-02
4.797093000000000190e-02
5.396730000000000277e-02
5.996366000000000196e-02
6.596003000000000283e-02
7.195638999999999508e-02
7.795275999999999594e-02
8.394912999999999681e-02
8.994549000000000294e-02
9.594186000000000381e-02
1.019382000000000066e-01
1.079346000000000055e-01
1.139310000000000045e-01
1.199273000000000006e-01
1.259236999999999995e-01
1.319201000000000124e-01
1.379163999999999946e-01
1.439128000000000074e-01
1.499091999999999925e-01
1.559055000000000024e-01
1.619018999999999875e-01
1.678983000000000003e-01
1.738946000000000103e-01
1.798909999999999954e-01
1.858874000000000082e-01
1.918836999999999904e-01
1.978801000000000032e-01
2.038764000000000132e-01
2.098727999999999982e-01
2.158692000000000111e-01
2.218654999999999933e-01
2.278619000000000061e-01
2.338582999999999912e-01
2.398546000000000011e-01
2.458509999999999862e-01
2.518473999999999990e-01
2.578437000000000090e-01
2.638401000000000218e-01
2.698364999999999791e-01
2.758327999999999891e-01
2.818292000000000019e-01
2.878256000000000148e-01
2.938219000000000247e-01
2.998182999999999820e-01
3.058146999999999949e-01
3.118110000000000048e-01
3.178074000000000177e-01
3.238037999999999750e-01
3.298000999999999849e-01
3.357964999999999978e-01
3.417929000000000106e-01
3.477892000000000206e-01
3.537855999999999779e-01
3.597819999999999907e-01
3.657783000000000007e-01
3.717747000000000135e-01
3.777711000000000263e-01
3.837673999999999808e-01
3.897637999999999936e-01
3.957602000000000064e-01
4.017565000000000164e-01
4.077528999999999737e-01
4.137492999999999865e-01
4.197455999999999965e-01
4.257420000000000093e-01
4.317384000000000221e-01
4.377346999999999766e-01
4.437310999999999894e-01
4.497275000000000023e-01
4.557238000000000122e-01
4.617202000000000250e-01
4.677165999999999824e-01
4.737128999999999923e-01
4.797093000000000051e-01
4.857057000000000180e-01
4.917019999999999724e-01
4.976983999999999853e-01
5.036947999999999981e-01
5.096910999999999525e-01
5.156874999999999654e-01
5.216838999999999782e-01
5.276802000000000437e-01
5.336765999999999455e-01
5.396729999999999583e-01
5.456693000000000238e-01
5.516657000000000366e-01
5.576621000000000494e-01
5.636584000000000039e-01
5.696548000000000167e-01
5.756510999999999711e-01
5.816474999999999840e-01
5.876438999999999968e-01
5.936401999999999513e-01
5.996365999999999641e-01
6.056329999999999769e-01
6.116293000000000424e-01
6.176257000000000552e-01
6.236220999999999570e-01
6.296184000000000225e-01
6.356148000000000353e-01
6.416112000000000481e-01
6.476075000000000026e-01
6.536039000000000154e-01
6.596003000000000283e-01
6.655965999999999827e-01
6.715929999999999955e-01
6.775894000000000084e-01
6.835856999999999628e-01
6.895820999999999756e-01
6.955784999999999885e-01
7.015748000000000539e-01
7.075711999999999557e-01
7.135675999999999686e-01
7.195639000000000340e-01
7.255603000000000469e-01
7.315566999999999487e-01
7.375530000000000141e-01
7.435494000000000270e-01
7.495458000000000398e-01
7.555420999999999943e-01
7.615385000000000071e-01
7.675349000000000199e-01
7.735311999999999744e-01
7.795275999999999872e-01
7.855240000000000000e-01
7.915202999999999545e-01
7.975166999999999673e-01
8.035130999999999801e-01
8.095094000000000456e-01
8.155057999999999474e-01
8.215021999999999602e-01
8.274985000000000257e-01
8.334949000000000385e-01
8.394913000000000514e-01
8.454876000000000058e-01
8.514840000000000186e-01
8.574804000000000315e-01
8.634766999999999859e-01
8.694730999999999987e-01
8.754695000000000116e-01
8.814657999999999660e-01
8.874621999999999788e-01
8.934585999999999917e-01
8.994548999999999461e-01
9.054512999999999590e-01
9.114476999999999718e-01
9.174440000000000373e-01
9.234404000000000501e-01
9.294367999999999519e-01
9.354331000000000174e-01
9.414295000000000302e-01
9.474257999999999846e-01
9.534221999999999975e-01
9.594186000000000103e-01
9.654148999999999647e-01
9.714112999999999776e-01
9.774076999999999904e-01
9.834039999999999448e-01
9.894003999999999577e-01
9.953967999999999705e-01
1.001392999999999978e+00
1.007390000000000008e+00
1.013385999999999898e+00
1.019382000000000010e+00
1.025379000000000040e+00
1.031374999999999931e+00
1.037371000000000043e+00
1.043368000000000073e+00
1.049363999999999963e+00
1.055360000000000076e+00
1.061357000000000106e+00
1.067352999999999996e+00
1.073350000000000026e+00
1.079345999999999917e+00
1.085342000000000029e+00
1.091339000000000059e+00
1.097334999999999949e+00
1.103331000000000062e+00
1.109328000000000092e+00
1.115323999999999982e+00
1.121320000000000094e+00
1.127316999999999902e+00
1.133313000000000015e+00
1.139310000000000045e+00
1.145305999999999935e+00
1.151302000000000048e+00
1.157299000000000078e+00
1.163294999999999968e+00
1.169291000000000080e+00
1.175288000000000110e+00
1.181284000000000001e+00
1.187279999999999891e+00
1.193276999999999921e+00
1.199273000000000033e+00
1.205270000000000064e+00
1.211265999999999954e+00
1.217262000000000066e+00
1.223259000000000096e+00
1.229254999999999987e+00
1.235251000000000099e+00
1.241247999999999907e+00
1.247244000000000019e+00
1.253241000000000049e+00
1.259236999999999940e+00
1.265233000000000052e+00
1.271230000000000082e+00
1.277225999999999972e+00
1.283222000000000085e+00
1.289218999999999893e+00
1.295215000000000005e+00
1.301210999999999895e+00
1.307207999999999926e+00
1.313204000000000038e+00
1.319201000000000068e+00
1.325196999999999958e+00
1.331193000000000071e+00
1.337190000000000101e+00
1.343185999999999991e+00
1.349182000000000103e+00
1.355178999999999911e+00
1.361175000000000024e+00
1.367170999999999914e+00
1.373167999999999944e+00
1.379164000000000057e+00
1.385161000000000087e+00
1.391156999999999977e+00
1.397153000000000089e+00
1.403149999999999897e+00
1.409146000000000010e+00
1.415141999999999900e+00
1.421138999999999930e+00
1.427135000000000042e+00
1.433132000000000073e+00
1.439127999999999963e+00
1.445124000000000075e+00
1.451121000000000105e+00
1.457116999999999996e+00
1.463113000000000108e+00
1.469109999999999916e+00
1.475106000000000028e+00
1.481101999999999919e+00
1.487098999999999949e+00
1.493095000000000061e+00
1.499092000000000091e+00
1.505087999999999981e+00
1.511084000000000094e+00
1.517080999999999902e+00
1.523077000000000014e+00
1.529072999999999904e+00
1.535069999999999935e+00
1.541066000000000047e+00
1.547061999999999937e+00
1.553058999999999967e+00
1.559055000000000080e+00
1.565052000000000110e+00
1.571048000000000000e+00
1.577043999999999890e+00
1.583040999999999920e+00
1.589037000000000033e+00
1.595032999999999923e+00
1.601029999999999953e+00
1.607026000000000066e+00
1.613021999999999956e+00
1.619018999999999986e+00
1.625015000000000098e+00
1.631011999999999906e+00
1.637008000000000019e+00
1.643003999999999909e+00
1.649000999999999939e+00
1.654997000000000051e+00
1.660992999999999942e+00
1.666989999999999972e+00
1.672986000000000084e+00
1.678982999999999892e+00
1.684979000000000005e+00
1.690974999999999895e+00
1.696971999999999925e+00
1.702968000000000037e+00
1.708963999999999928e+00
1.714960999999999958e+00
1.720957000000000070e+00
1.726952999999999960e+00
1.732949999999999990e+00
1.738946000000000103e+00
1.744942999999999911e+00
1.750939000000000023e+00
1.756934999999999913e+00
1.762931999999999944e+00
1.768928000000000056e+00
1.774923999999999946e+00
1.780920999999999976e+00
1.786917000000000089e+00
1.792912999999999979e+00
1.798910000000000009e+00
1.804905999999999899e+00
1.810902999999999929e+00
1.816899000000000042e+00
1.822894999999999932e+00
1.828891999999999962e+00
1.834888000000000075e+00
1.840883999999999965e+00
1.846880999999999995e+00
1.852877000000000107e+00
1.858873999999999915e+00
1.864870000000000028e+00
1.870865999999999918e+00
1.876862999999999948e+00
1.882859000000000060e+00
1.888854999999999951e+00
1.894851999999999981e+00
1.900848000000000093e+00
1.906843999999999983e+00
1.912841000000000014e+00
1.918836999999999904e+00
1.924833999999999934e+00
1.930830000000000046e+00
1.936825999999999937e+00
1.942822999999999967e+00
1.948819000000000079e+00
1.954814999999999969e+00
1.960811999999999999e+00
1.966807999999999890e+00
1.972804000000000002e+00
1.978801000000000032e+00
1.984796999999999922e+00
1.990793999999999953e+00
1.996790000000000065e+00
2.002785999999999955e+00
2.008783000000000207e+00
2.014778999999999876e+00
2.020774999999999988e+00
2.026771999999999796e+00
2.032767999999999908e+00
2.038764000000000021e+00
2.044760999999999829e+00
2.050756999999999941e+00
2.056754000000000193e+00
2.062749999999999861e+00
2.068745999999999974e+00
2.074742999999999782e+00
2.080738999999999894e+00
2.086735000000000007e+00
2.092731999999999815e+00
2.098727999999999927e+00
2.104725000000000179e+00
2.110720999999999847e+00
2.116716999999999960e+00
2.122714000000000212e+00
2.128709999999999880e+00
2.134705999999999992e+00
2.140702999999999800e+00
2.146698999999999913e+00
2.152695000000000025e+00
2.158691999999999833e+00
2.164687999999999946e+00
2.170685000000000198e+00
2.176680999999999866e+00
2.182676999999999978e+00
2.188673999999999786e+00
2.194669999999999899e+00
2.200666000000000011e+00
2.206662999999999819e+00
2.212658999999999931e+00
2.218655000000000044e+00
2.224651999999999852e+00
2.230647999999999964e+00
2.236645000000000216e+00
2.242640999999999885e+00
2.248636999999999997e+00
2.254633999999999805e+00
2.260629999999999917e+00
2.266626000000000030e+00
2.272622999999999838e+00
2.278618999999999950e+00
2.284615000000000062e+00
2.290611999999999870e+00
2.296607999999999983e+00
2.302604999999999791e+00
2.308600999999999903e+00
2.314597000000000016e+00
2.320593999999999824e+00
2.326589999999999936e+00
2.332586000000000048e+00
2.338582999999999856e+00
2.344578999999999969e+00
2.350576000000000221e+00
2.356571999999999889e+00
2.362568000000000001e+00
2.368564999999999809e+00
2.374560999999999922e+00
2.380557000000000034e+00
2.386553999999999842e+00
2.392549999999999955e+00
2.398546000000000067e+00
2.404542999999999875e+00
2.410538999999999987e+00
2.416535999999999795e+00
2.422531999999999908e+00
2.428528000000000020e+00
2.434524999999999828e+00
2.440520999999999940e+00
2.446517000000000053e+00
2.452513999999999861e+00
2.458509999999999973e+00
2.464506000000000085e+00
2.470502999999999894e+00
2.476499000000000006e+00
2.482495999999999814e+00
2.488491999999999926e+00
2.494488000000000039e+00
2.500484999999999847e+00
2.506480999999999959e+00
2.512477000000000071e+00
2.518473999999999879e+00
2.524469999999999992e+00
2.530466999999999800e+00
2.536462999999999912e+00
2.542459000000000024e+00
2.548455999999999833e+00
2.554451999999999945e+00
2.560448000000000057e+00
2.566444999999999865e+00
2.572440999999999978e+00
2.578437000000000090e+00
2.584433999999999898e+00
2.590430000000000010e+00
2.596426999999999818e+00
2.602422999999999931e+00
2.608419000000000043e+00
2.614415999999999851e+00
2.620411999999999964e+00
2.626408000000000076e+00
2.632404999999999884e+00
2.638400999999999996e+00
2.644397000000000109e+00
2.650393999999999917e+00
2.656390000000000029e+00
2.662386999999999837e+00
2.668382999999999949e+00
2.674379000000000062e+00
2.680375999999999870e+00
2.686371999999999982e+00
2.692368000000000094e+00
2.698364999999999903e+00
2.704361000000000015e+00
2.710357000000000127e+00
2.716353999999999935e+00
2.722350000000000048e+00
2.728346999999999856e+00
2.734342999999999968e+00
2.740339000000000080e+00
2.746335999999999888e+00
2.752332000000000001e+00
2.758328000000000113e+00
2.764324999999999921e+00
2.770321000000000033e+00
2.776317999999999842e+00
2.782313999999999954e+00
2.788310000000000066e+00
2.794306999999999874e+00
2.800302999999999987e+00
2.806299000000000099e+00
2.812295999999999907e+00
2.818292000000000019e+00
2.824288000000000132e+00
2.830284999999999940e+00
2.836281000000000052e+00
2.842277999999999860e+00
2.848273999999999972e+00
2.854270000000000085e+00
2.860266999999999893e+00
2.866263000000000005e+00
2.872259000000000118e+00
2.878255999999999926e+00
2.884252000000000038e+00
2.890248000000000150e+00
2.896244999999999958e+00
2.902241000000000071e+00
2.908237999999999879e+00
2.914233999999999991e+00
2.920230000000000103e+00
2.926226999999999911e+00
2.932223000000000024e+00
2.938219000000000136e+00
2.944215999999999944e+00
2.950212000000000057e+00
2.956208999999999865e+00
2.962204999999999977e+00
2.968201000000000089e+00
2.974197999999999897e+00
2.980194000000000010e+00
2.986190000000000122e+00
2.992186999999999930e+00
2.998183000000000042e+00
3.004179000000000155e+00
3.010175999999999963e+00
3.016172000000000075e+00
3.022168999999999883e+00
3.028164999999999996e+00
3.034161000000000108e+00
3.040157999999999916e+00
3.046154000000000028e+00
3.052150000000000141e+00
3.058146999999999949e+00
3.064143000000000061e+00
3.070139000000000173e+00
3.076135999999999981e+00
3.082132000000000094e+00
3.088128999999999902e+00
3.094125000000000014e+00
3.100121000000000127e+00
3.106117999999999935e+00
3.112114000000000047e+00
3.118110000000000159e+00
3.124106999999999967e+00
3.130103000000000080e+00
3.136099000000000192e+00
3.142096000000000000e+00
3.148092000000000112e+00
3.154088999999999920e+00
3.160085000000000033e+00
3.166081000000000145e+00
3.172077999999999953e+00
3.178074000000000066e+00
3.184070000000000178e+00
3.190066999999999986e+00
3.196063000000000098e+00
3.202059999999999906e+00
3.208056000000000019e+00
3.214052000000000131e+00
3.220048999999999939e+00
3.226045000000000051e+00
3.232041000000000164e+00
3.238037999999999972e+00
3.244034000000000084e+00
3.250030000000000197e+00
3.256027000000000005e+00
3.262023000000000117e+00
3.268019999999999925e+00
3.274016000000000037e+00
3.280012000000000150e+00
3.286008999999999958e+00
3.292005000000000070e+00
3.298001000000000182e+00
3.303997999999999990e+00
3.309994000000000103e+00
3.315990000000000215e+00
3.321987000000000023e+00
3.327983000000000136e+00
3.333979999999999944e+00
3.339976000000000056e+00
3.345972000000000168e+00
3.351968999999999976e+00
3.357965000000000089e+00
3.363961000000000201e+00
3.369958000000000009e+00
3.375954000000000121e+00
3.381949999999999790e+00
3.387947000000000042e+00
3.393943000000000154e+00
3.399939999999999962e+00
3.405936000000000075e+00
3.411932000000000187e+00
3.417928999999999995e+00
3.423925000000000107e+00
3.429921000000000220e+00
3.435918000000000028e+00
3.441914000000000140e+00
3.447910999999999948e+00
3.453907000000000060e+00
3.459903000000000173e+00
3.465899999999999981e+00
3.471896000000000093e+00
3.477892000000000206e+00
3.483889000000000014e+00
3.489885000000000126e+00
3.495880999999999794e+00
3.501878000000000046e+00
3.507874000000000159e+00
3.513870999999999967e+00
3.519867000000000079e+00
3.525863000000000191e+00
3.531859999999999999e+00
3.537856000000000112e+00
3.543851999999999780e+00
3.549849000000000032e+00
3.555845000000000145e+00
3.561840999999999813e+00
3.567838000000000065e+00
3.573834000000000177e+00
3.579830999999999985e+00
3.585827000000000098e+00
3.591823000000000210e+00
3.597820000000000018e+00
3.603816000000000130e+00
3.609811999999999799e+00
3.615809000000000051e+00
3.621805000000000163e+00
3.627801999999999971e+00
3.633798000000000084e+00
3.639794000000000196e+00
3.645791000000000004e+00
3.651787000000000116e+00
3.657782999999999785e+00
3.663780000000000037e+00
3.669776000000000149e+00
3.675771999999999817e+00
3.681769000000000069e+00
3.687765000000000182e+00
3.693761999999999990e+00
3.699758000000000102e+00
3.705754000000000214e+00
3.711751000000000023e+00
3.717747000000000135e+00
3.723742999999999803e+00
3.729740000000000055e+00
3.735736000000000168e+00
3.741731999999999836e+00
3.747729000000000088e+00
3.753725000000000200e+00
3.759722000000000008e+00
3.765718000000000121e+00
3.771713999999999789e+00
3.777711000000000041e+00
3.783707000000000154e+00
3.789702999999999822e+00
3.795700000000000074e+00
3.801696000000000186e+00
3.807691999999999855e+00
3.813689000000000107e+00
3.819685000000000219e+00
3.825682000000000027e+00
3.831678000000000139e+00
3.837673999999999808e+00
3.843671000000000060e+00
3.849667000000000172e+00
3.855662999999999840e+00
3.861660000000000093e+00
3.867656000000000205e+00
3.873653000000000013e+00
3.879649000000000125e+00
3.885644999999999794e+00
3.891642000000000046e+00
3.897638000000000158e+00
3.903633999999999826e+00
3.909631000000000078e+00
3.915627000000000191e+00
3.921622999999999859e+00
3.927620000000000111e+00
3.933615999999999779e+00
3.939613000000000032e+00
3.945609000000000144e+00
3.951604999999999812e+00
3.957602000000000064e+00
3.963598000000000177e+00
3.969593999999999845e+00
3.975591000000000097e+00
3.981587000000000209e+00
3.987582999999999878e+00
3.993580000000000130e+00
3.999575999999999798e+00
4.005573000000000050e+00
4.011568999999999718e+00
4.017565000000000275e+00
4.023562000000000083e+00
4.029557999999999751e+00
4.035554000000000308e+00
4.041551000000000116e+00
4.047546999999999784e+00
4.053543999999999592e+00
4.059540000000000148e+00
4.065535999999999817e+00
4.071532999999999625e+00
4.077529000000000181e+00
4.083524999999999849e+00
4.089521999999999657e+00
4.095518000000000214e+00
4.101513999999999882e+00
4.107510999999999690e+00
4.113507000000000247e+00
4.119504000000000055e+00
4.125499999999999723e+00
4.131496000000000279e+00
4.137493000000000087e+00
4.143488999999999756e+00
4.149485000000000312e+00
4.155482000000000120e+00
4.161477999999999788e+00
4.167474000000000345e+00
4.173471000000000153e+00
4.179466999999999821e+00
4.185463999999999629e+00
4.191460000000000186e+00
4.197455999999999854e+00
4.203452999999999662e+00
4.209449000000000218e+00
4.215444999999999887e+00
4.221441999999999695e+00
4.227438000000000251e+00
4.233433999999999919e+00
4.239430999999999727e+00
4.245427000000000284e+00
4.251424000000000092e+00
4.257419999999999760e+00
4.263416000000000317e+00
4.269413000000000125e+00
4.275408999999999793e+00
4.281405000000000349e+00
4.287402000000000157e+00
4.293397999999999826e+00
4.299394999999999634e+00
4.305391000000000190e+00
4.311386999999999858e+00
4.317383999999999666e+00
4.323380000000000223e+00
4.329375999999999891e+00
4.335372999999999699e+00
4.341369000000000256e+00
4.347364999999999924e+00
4.353361999999999732e+00
4.359358000000000288e+00
4.365355000000000096e+00
4.371350999999999765e+00
4.377347000000000321e+00
4.383344000000000129e+00
4.389339999999999797e+00
4.395336000000000354e+00
4.401333000000000162e+00
4.407328999999999830e+00
4.413325000000000387e+00
4.419322000000000195e+00
4.425317999999999863e+00
4.431314999999999671e+00
4.437311000000000227e+00
4.443306999999999896e+00
4.449303999999999704e+00
4.455300000000000260e+00
4.461295999999999928e+00
4.467292999999999736e+00
4.473289000000000293e+00
4.479286000000000101e+00
4.485281999999999769e+00
4.491278000000000326e+00
4.497275000000000134e+00
4.503270999999999802e+00
4.509267000000000358e+00
4.515264000000000166e+00
4.521259999999999835e+00
4.527256000000000391e+00
4.533253000000000199e+00
4.539248999999999867e+00
4.545245999999999675e+00
4.551242000000000232e+00
4.557237999999999900e+00
4.563234999999999708e+00
4.569231000000000265e+00
4.575226999999999933e+00
4.581223999999999741e+00
4.587220000000000297e+00
4.593215999999999966e+00
4.599212999999999774e+00
4.605209000000000330e+00
4.611206000000000138e+00
4.617201999999999806e+00
4.623198000000000363e+00
4.629195000000000171e+00
4.635190999999999839e+00
4.641187000000000396e+00
4.647184000000000204e+00
4.653179999999999872e+00
4.659176000000000428e+00
4.665173000000000236e+00
4.671168999999999905e+00
4.677165999999999713e+00
4.683162000000000269e+00
4.689157999999999937e+00
4.695154999999999745e+00
4.701151000000000302e+00
4.707146999999999970e+00
4.713143999999999778e+00
4.719140000000000335e+00
4.725137000000000143e+00
4.731132999999999811e+00
4.737129000000000367e+00
4.743126000000000175e+00
4.749121999999999844e+00
4.755118000000000400e+00
4.761115000000000208e+00
4.767110999999999876e+00
4.773107000000000433e+00
4.779104000000000241e+00
4.785099999999999909e+00
4.791096999999999717e+00
4.797093000000000274e+00
4.803088999999999942e+00
4.809085999999999750e+00
4.815082000000000306e+00
4.821077999999999975e+00
4.827074999999999783e+00
4.833071000000000339e+00
4.839067000000000007e+00
4.845063999999999815e+00
4.851060000000000372e+00
4.857057000000000180e+00
4.863052999999999848e+00
4.869049000000000404e+00
4.875046000000000213e+00
4.881041999999999881e+00
4.887038000000000437e+00
4.893035000000000245e+00
4.899030999999999914e+00
4.905026999999999582e+00
4.911024000000000278e+00
4.917019999999999946e+00
4.923016999999999754e+00
4.929013000000000311e+00
4.935008999999999979e+00
4.941005999999999787e+00
4.947002000000000344e+00
4.952998000000000012e+00
4.958994999999999820e+00
4.964991000000000376e+00
4.970988000000000184e+00
4.976983999999999853e+00
4.982980000000000409e+00
4.988977000000000217e+00
4.994972999999999885e+00
5.000969000000000442e+00
5.006966000000000250e+00
5.012961999999999918e+00
5.018957999999999586e+00
5.024955000000000283e+00
5.030950999999999951e+00
5.036947999999999759e+00
5.042944000000000315e+00
5.048939999999999984e+00
5.054936999999999792e+00
5.060933000000000348e+00
5.066929000000000016e+00
5.072925999999999824e+00
5.078922000000000381e+00
5.084918000000000049e+00
5.090914999999999857e+00
5.096911000000000413e+00
5.102908000000000222e+00
5.108903999999999890e+00
5.114899999999999558e+00
5.120897000000000254e+00
5.126892999999999923e+00
5.132888999999999591e+00
5.138886000000000287e+00
5.144881999999999955e+00
5.150878999999999763e+00
5.156875000000000320e+00
5.162870999999999988e+00
5.168867999999999796e+00
5.174864000000000352e+00
5.180860000000000021e+00
5.186856999999999829e+00
5.192853000000000385e+00
5.198849000000000053e+00
5.204845999999999862e+00
5.210842000000000418e+00
5.216839000000000226e+00
5.222834999999999894e+00
5.228830999999999563e+00
5.234828000000000259e+00
5.240823999999999927e+00
5.246819999999999595e+00
5.252817000000000291e+00
5.258812999999999960e+00
5.264808999999999628e+00
5.270806000000000324e+00
5.276801999999999992e+00
5.282798999999999801e+00
5.288795000000000357e+00
5.294791000000000025e+00
5.300787999999999833e+00
5.306784000000000390e+00
5.312780000000000058e+00
5.318776999999999866e+00
5.324773000000000422e+00
5.330769000000000091e+00
5.336765999999999899e+00
5.342761999999999567e+00
5.348759000000000263e+00
5.354754999999999932e+00
5.360750999999999600e+00
5.366748000000000296e+00
5.372743999999999964e+00
5.378739999999999633e+00
5.384737000000000329e+00
5.390732999999999997e+00
5.396729999999999805e+00
5.402726000000000361e+00
5.408722000000000030e+00
5.414718999999999838e+00
5.420715000000000394e+00
5.426711000000000062e+00
5.432707999999999871e+00
5.438704000000000427e+00
5.444700000000000095e+00
5.450696999999999903e+00
5.456692999999999572e+00
5.462690000000000268e+00
5.468685999999999936e+00
5.474681999999999604e+00
5.480679000000000300e+00
5.486674999999999969e+00
5.492670999999999637e+00
5.498668000000000333e+00
5.504664000000000001e+00
5.510659999999999670e+00
5.516657000000000366e+00
5.522653000000000034e+00
5.528649999999999842e+00
5.534646000000000399e+00
5.540642000000000067e+00
5.546638999999999875e+00
5.552635000000000431e+00
5.558631000000000100e+00
5.564627999999999908e+00
5.570623999999999576e+00
5.576621000000000272e+00
5.582616999999999940e+00
5.588612999999999609e+00
5.594610000000000305e+00
5.600605999999999973e+00
5.606601999999999641e+00
5.612599000000000338e+00
5.618595000000000006e+00
5.624590999999999674e+00
5.630588000000000370e+00
5.636584000000000039e+00
5.642580999999999847e+00
5.648577000000000403e+00
5.654573000000000071e+00
5.660569999999999879e+00
5.666566000000000436e+00
5.672562000000000104e+00
5.678558999999999912e+00
5.684554999999999580e+00
5.690551000000000137e+00
5.696547999999999945e+00
5.702543999999999613e+00
5.708541000000000309e+00
5.714536999999999978e+00
5.720532999999999646e+00
5.726530000000000342e+00
5.732526000000000010e+00
5.738521999999999679e+00
5.744519000000000375e+00
5.750515000000000043e+00
5.756510999999999711e+00
5.762508000000000408e+00
5.768504000000000076e+00
5.774500999999999884e+00
5.780497000000000440e+00
5.786493000000000109e+00
5.792489999999999917e+00
5.798485999999999585e+00
5.804482000000000141e+00
5.810478999999999949e+00
5.816474999999999618e+00
5.822472000000000314e+00
5.828467999999999982e+00
5.834463999999999650e+00
5.840461000000000347e+00
5.846457000000000015e+00
5.852452999999999683e+00
5.858450000000000379e+00
5.864446000000000048e+00
5.870441999999999716e+00
5.876439000000000412e+00
5.882435000000000080e+00
5.888431999999999888e+00
5.894427999999999557e+00
5.900424000000000113e+00
5.906420999999999921e+00
5.912416999999999589e+00
5.918413000000000146e+00
5.924409999999999954e+00
5.930405999999999622e+00
5.936402000000000179e+00
5.942398999999999987e+00
5.948394999999999655e+00
5.954392000000000351e+00
5.960388000000000019e+00
5.966383999999999688e+00
5.972381000000000384e+00
5.978377000000000052e+00
5.984372999999999720e+00
5.990370000000000417e+00
