0.000000000000000000e+00
4.407236999999999613e-03
8.814473999999999226e-03
1.322170999999999937e-02
1.762895000000000087e-02
2.203619000000000064e-02
2.644341999999999873e-02
3.085065999999999850e-02
3.525790000000000174e-02
3.966512999999999983e-02
4.407236999999999960e-02
4.847960999999999937e-02
5.288684999999999914e-02
5.729407999999999723e-02
6.170131999999999700e-02
6.610855999999999677e-02
7.051578999999999486e-02
7.492303000000000157e-02
7.933026999999999440e-02
8.373751000000000111e-02
8.814473999999999920e-02
9.255198000000000591e-02
9.695921999999999874e-02
1.013664999999999983e-01
1.057736999999999983e-01
1.101808999999999983e-01
1.145882000000000012e-01
1.189954000000000012e-01
1.234026000000000012e-01
1.278099000000000041e-01
1.322171000000000041e-01
1.366244000000000069e-01
1.410316000000000070e-01
1.454388000000000070e-01
1.498461000000000098e-01
1.542533000000000099e-01
1.586605000000000099e-01
1.630678000000000127e-01
1.674750000000000127e-01
1.718822000000000128e-01
1.762894999999999879e-01
1.806966999999999879e-01
1.851039999999999908e-01
1.895111999999999908e-01
1.939183999999999908e-01
1.983256999999999937e-01
2.027328999999999937e-01
2.071400999999999937e-01
2.115473999999999966e-01
2.159545999999999966e-01
2.203618999999999994e-01
2.247690999999999995e-01
2.291762999999999995e-01
2.335836000000000023e-01
2.379908000000000023e-01
2.423980000000000024e-01
2.468053000000000052e-01
2.512125000000000052e-01
2.556198000000000081e-01
2.600270000000000081e-01
2.644342000000000081e-01
2.688415000000000110e-01
2.732487000000000110e-01
2.776559000000000110e-01
2.820632000000000139e-01
2.864704000000000139e-01
2.908777000000000168e-01
2.952849000000000168e-01
2.996921000000000168e-01
3.040994000000000197e-01
3.085066000000000197e-01
3.129138000000000197e-01
3.173211000000000226e-01
3.217283000000000226e-01
3.261355000000000226e-01
3.305428000000000255e-01
3.349500000000000255e-01
3.393572999999999729e-01
3.437644999999999729e-01
3.481716999999999729e-01
3.525789999999999758e-01
3.569861999999999758e-01
3.613933999999999758e-01
3.658006999999999787e-01
3.702078999999999787e-01
3.746151999999999815e-01
3.790223999999999815e-01
3.834295999999999816e-01
3.878368999999999844e-01
3.922440999999999844e-01
3.966512999999999844e-01
4.010585999999999873e-01
4.054657999999999873e-01
4.098730999999999902e-01
4.142802999999999902e-01
4.186874999999999902e-01
4.230947999999999931e-01
4.275019999999999931e-01
4.319091999999999931e-01
4.363164999999999960e-01
4.407236999999999960e-01
4.451309999999999989e-01
4.495381999999999989e-01
4.539453999999999989e-01
4.583527000000000018e-01
4.627599000000000018e-01
4.671671000000000018e-01
4.715744000000000047e-01
4.759816000000000047e-01
4.803889000000000076e-01
4.847961000000000076e-01
4.892033000000000076e-01
4.936106000000000105e-01
4.980178000000000105e-01
5.024250000000000105e-01
5.068323000000000134e-01
5.112394999999999579e-01
5.156467000000000134e-01
5.200540000000000163e-01
5.244611999999999608e-01
5.288684999999999636e-01
5.332757000000000192e-01
5.376828999999999636e-01
5.420901999999999665e-01
5.464974000000000220e-01
5.509045999999999665e-01
5.553118999999999694e-01
5.597191000000000249e-01
5.641264000000000278e-01
5.685335999999999723e-01
5.729408000000000278e-01
5.773481000000000307e-01
5.817552999999999752e-01
5.861625000000000307e-01
5.905698000000000336e-01
5.949769999999999781e-01
5.993842999999999810e-01
6.037915000000000365e-01
6.081986999999999810e-01
6.126059999999999839e-01
6.170132000000000394e-01
6.214203999999999839e-01
6.258276999999999868e-01
6.302349000000000423e-01
6.346422000000000452e-01
6.390493999999999897e-01
6.434566000000000452e-01
6.478639000000000481e-01
6.522710999999999926e-01
6.566783000000000481e-01
6.610856000000000510e-01
6.654927999999999955e-01
6.699000000000000510e-01
6.743073000000000539e-01
6.787144999999999984e-01
6.831218000000000012e-01
6.875289999999999457e-01
6.919362000000000013e-01
6.963435000000000041e-01
7.007506999999999486e-01
7.051579000000000041e-01
7.095652000000000070e-01
7.139723999999999515e-01
7.183796999999999544e-01
7.227869000000000099e-01
7.271940999999999544e-01
7.316013999999999573e-01
7.360086000000000128e-01
7.404157999999999573e-01
7.448230999999999602e-01
7.492303000000000157e-01
7.536376000000000186e-01
7.580447999999999631e-01
7.624520000000000186e-01
7.668593000000000215e-01
7.712664999999999660e-01
7.756737000000000215e-01
7.800810000000000244e-01
7.844881999999999689e-01
7.888954999999999718e-01
7.933027000000000273e-01
7.977098999999999718e-01
8.021171999999999747e-01
8.065244000000000302e-01
8.109315999999999747e-01
8.153388999999999776e-01
8.197461000000000331e-01
8.241532999999999776e-01
8.285605999999999804e-01
8.329678000000000360e-01
8.373751000000000388e-01
8.417822999999999833e-01
8.461895000000000389e-01
8.505968000000000417e-01
8.550039999999999862e-01
8.594112000000000418e-01
8.638185000000000446e-01
8.682256999999999891e-01
8.726329999999999920e-01
8.770402000000000475e-01
8.814473999999999920e-01
8.858546999999999949e-01
8.902619000000000504e-01
8.946690999999999949e-01
8.990763999999999978e-01
9.034836000000000533e-01
9.078908999999999452e-01
9.122981000000000007e-01
9.167052999999999452e-01
9.211125999999999481e-01
9.255198000000000036e-01
9.299269999999999481e-01
9.343342999999999510e-01
9.387415000000000065e-01
9.431488000000000094e-01
9.475559999999999539e-01
9.519632000000000094e-01
9.563705000000000123e-01
9.607776999999999568e-01
9.651849000000000123e-01
9.695922000000000152e-01
9.739993999999999597e-01
9.784066000000000152e-01
9.828139000000000181e-01
9.872210999999999625e-01
9.916283999999999654e-01
9.960356000000000209e-01
1.000442999999999971e+00
1.004850000000000021e+00
1.009257000000000071e+00
1.013665000000000038e+00
1.018072000000000088e+00
1.022478999999999916e+00
1.026885999999999965e+00
1.031293000000000015e+00
1.035700999999999983e+00
1.040108000000000033e+00
1.044515000000000082e+00
1.048921999999999910e+00
1.053330000000000100e+00
1.057736999999999927e+00
1.062143999999999977e+00
1.066551000000000027e+00
1.070958999999999994e+00
1.075366000000000044e+00
1.079773000000000094e+00
1.084179999999999922e+00
1.088587999999999889e+00
1.092994999999999939e+00
1.097401999999999989e+00
1.101809000000000038e+00
1.106217000000000006e+00
1.110624000000000056e+00
1.115031000000000105e+00
1.119437999999999933e+00
1.123844999999999983e+00
1.128252999999999950e+00
1.132660000000000000e+00
1.137067000000000050e+00
1.141474000000000100e+00
1.145882000000000067e+00
1.150288999999999895e+00
1.154695999999999945e+00
1.159102999999999994e+00
1.163510999999999962e+00
1.167918000000000012e+00
1.172325000000000061e+00
1.176731999999999889e+00
1.181140000000000079e+00
1.185546999999999906e+00
1.189953999999999956e+00
1.194361000000000006e+00
1.198768999999999973e+00
1.203176000000000023e+00
1.207583000000000073e+00
1.211989999999999901e+00
1.216396999999999951e+00
1.220804999999999918e+00
1.225211999999999968e+00
1.229619000000000018e+00
1.234026000000000067e+00
1.238434000000000035e+00
1.242841000000000085e+00
1.247247999999999912e+00
1.251654999999999962e+00
1.256062999999999930e+00
1.260469999999999979e+00
1.264877000000000029e+00
1.269284000000000079e+00
1.273692000000000046e+00
1.278099000000000096e+00
1.282505999999999924e+00
1.286912999999999974e+00
1.291320000000000023e+00
1.295727999999999991e+00
1.300135000000000041e+00
1.304542000000000090e+00
1.308948999999999918e+00
1.313357000000000108e+00
1.317763999999999935e+00
1.322170999999999985e+00
1.326578000000000035e+00
1.330986000000000002e+00
1.335393000000000052e+00
1.339800000000000102e+00
1.344206999999999930e+00
1.348614999999999897e+00
1.353021999999999947e+00
1.357428999999999997e+00
1.361836000000000046e+00
1.366244000000000014e+00
1.370651000000000064e+00
1.375057999999999891e+00
1.379464999999999941e+00
1.383871999999999991e+00
1.388279999999999959e+00
1.392687000000000008e+00
1.397094000000000058e+00
1.401501000000000108e+00
1.405909000000000075e+00
1.410315999999999903e+00
1.414722999999999953e+00
1.419130000000000003e+00
1.423537999999999970e+00
1.427945000000000020e+00
1.432352000000000070e+00
1.436758999999999897e+00
1.441167000000000087e+00
1.445573999999999915e+00
1.449980999999999964e+00
1.454388000000000014e+00
1.458795000000000064e+00
1.463203000000000031e+00
1.467610000000000081e+00
1.472016999999999909e+00
1.476423999999999959e+00
1.480831999999999926e+00
1.485238999999999976e+00
1.489646000000000026e+00
1.494053000000000075e+00
1.498461000000000043e+00
1.502868000000000093e+00
1.507274999999999920e+00
1.511681999999999970e+00
1.516089999999999938e+00
1.520496999999999987e+00
1.524904000000000037e+00
1.529311000000000087e+00
1.533719000000000054e+00
1.538126000000000104e+00
1.542532999999999932e+00
1.546939999999999982e+00
1.551347000000000032e+00
1.555754999999999999e+00
1.560162000000000049e+00
1.564569000000000099e+00
1.568975999999999926e+00
1.573383999999999894e+00
1.577790999999999944e+00
1.582197999999999993e+00
1.586605000000000043e+00
1.591013000000000011e+00
1.595420000000000060e+00
1.599827000000000110e+00
1.604233999999999938e+00
1.608641999999999905e+00
1.613048999999999955e+00
1.617456000000000005e+00
1.621863000000000055e+00
1.626271000000000022e+00
1.630678000000000072e+00
1.635084999999999900e+00
1.639491999999999949e+00
1.643898999999999999e+00
1.648306999999999967e+00
1.652714000000000016e+00
1.657121000000000066e+00
1.661527999999999894e+00
1.665936000000000083e+00
1.670342999999999911e+00
1.674749999999999961e+00
1.679157000000000011e+00
1.683564999999999978e+00
1.687972000000000028e+00
1.692379000000000078e+00
1.696785999999999905e+00
1.701194000000000095e+00
1.705600999999999923e+00
1.710007999999999972e+00
1.714415000000000022e+00
1.718822000000000072e+00
1.723230000000000040e+00
1.727637000000000089e+00
1.732043999999999917e+00
1.736450999999999967e+00
1.740858999999999934e+00
1.745265999999999984e+00
1.749673000000000034e+00
1.754080000000000084e+00
1.758488000000000051e+00
1.762895000000000101e+00
1.767301999999999929e+00
1.771708999999999978e+00
1.776116999999999946e+00
1.780523999999999996e+00
1.784931000000000045e+00
1.789338000000000095e+00
1.793746000000000063e+00
1.798152999999999890e+00
1.802559999999999940e+00
1.806966999999999990e+00
1.811374000000000040e+00
1.815782000000000007e+00
1.820189000000000057e+00
1.824596000000000107e+00
1.829002999999999934e+00
1.833410999999999902e+00
1.837817999999999952e+00
1.842225000000000001e+00
1.846632000000000051e+00
1.851040000000000019e+00
1.855447000000000068e+00
1.859853999999999896e+00
1.864260999999999946e+00
1.868668999999999913e+00
1.873075999999999963e+00
1.877483000000000013e+00
1.881890000000000063e+00
1.886298000000000030e+00
1.890705000000000080e+00
1.895111999999999908e+00
1.899518999999999957e+00
1.903926000000000007e+00
1.908333999999999975e+00
1.912741000000000025e+00
1.917148000000000074e+00
1.921554999999999902e+00
1.925963000000000092e+00
1.930369999999999919e+00
1.934776999999999969e+00
1.939184000000000019e+00
1.943591999999999986e+00
1.947999000000000036e+00
1.952406000000000086e+00
1.956812999999999914e+00
1.961221000000000103e+00
1.965627999999999931e+00
1.970034999999999981e+00
1.974442000000000030e+00
1.978849000000000080e+00
1.983257000000000048e+00
1.987664000000000097e+00
1.992070999999999925e+00
1.996477999999999975e+00
2.000885999999999942e+00
2.005292999999999992e+00
2.009700000000000042e+00
2.014107000000000092e+00
2.018514999999999837e+00
2.022921999999999887e+00
2.027328999999999937e+00
2.031735999999999986e+00
2.036144000000000176e+00
2.040550999999999782e+00
2.044957999999999831e+00
2.049364999999999881e+00
2.053773000000000071e+00
2.058180000000000121e+00
2.062587000000000170e+00
2.066994000000000220e+00
2.071400999999999826e+00
2.075809000000000015e+00
2.080216000000000065e+00
2.084623000000000115e+00
2.089030000000000165e+00
2.093437999999999910e+00
2.097844999999999960e+00
2.102252000000000010e+00
2.106659000000000059e+00
2.111066999999999805e+00
2.115473999999999855e+00
2.119880999999999904e+00
2.124287999999999954e+00
2.128696000000000144e+00
2.133103000000000193e+00
2.137509999999999799e+00
2.141916999999999849e+00
2.146323999999999899e+00
2.150732000000000088e+00
2.155139000000000138e+00
2.159546000000000188e+00
2.163952999999999793e+00
2.168360999999999983e+00
2.172768000000000033e+00
2.177175000000000082e+00
2.181582000000000132e+00
2.185989999999999878e+00
2.190396999999999927e+00
2.194803999999999977e+00
2.199211000000000027e+00
2.203619000000000216e+00
2.208025999999999822e+00
2.212432999999999872e+00
2.216839999999999922e+00
2.221248000000000111e+00
2.225655000000000161e+00
2.230062000000000211e+00
2.234468999999999816e+00
2.238875999999999866e+00
2.243284000000000056e+00
2.247691000000000106e+00
2.252098000000000155e+00
2.256505000000000205e+00
2.260912999999999951e+00
2.265320000000000000e+00
2.269727000000000050e+00
2.274134000000000100e+00
2.278541999999999845e+00
2.282948999999999895e+00
2.287355999999999945e+00
2.291762999999999995e+00
2.296171000000000184e+00
2.300577999999999790e+00
2.304984999999999840e+00
2.309391999999999889e+00
2.313800000000000079e+00
2.318207000000000129e+00
2.322614000000000178e+00
2.327020999999999784e+00
2.331427999999999834e+00
2.335836000000000023e+00
2.340243000000000073e+00
2.344650000000000123e+00
2.349057000000000173e+00
2.353464999999999918e+00
2.357871999999999968e+00
2.362279000000000018e+00
2.366686000000000067e+00
2.371093999999999813e+00
2.375500999999999863e+00
2.379907999999999912e+00
2.384314999999999962e+00
2.388723000000000152e+00
2.393130000000000202e+00
2.397536999999999807e+00
2.401943999999999857e+00
2.406350999999999907e+00
2.410759000000000096e+00
2.415166000000000146e+00
2.419573000000000196e+00
2.423979999999999801e+00
2.428387999999999991e+00
2.432795000000000041e+00
2.437202000000000091e+00
2.441609000000000140e+00
2.446016999999999886e+00
2.450423999999999936e+00
2.454830999999999985e+00
2.459238000000000035e+00
2.463645999999999781e+00
2.468052999999999830e+00
2.472459999999999880e+00
2.476866999999999930e+00
2.481275000000000119e+00
2.485682000000000169e+00
2.490089000000000219e+00
2.494495999999999825e+00
2.498902999999999874e+00
2.503311000000000064e+00
2.507718000000000114e+00
2.512125000000000163e+00
2.516532000000000213e+00
2.520939999999999959e+00
2.525347000000000008e+00
2.529754000000000058e+00
2.534161000000000108e+00
2.538568999999999853e+00
2.542975999999999903e+00
2.547382999999999953e+00
2.551790000000000003e+00
2.556198000000000192e+00
2.560604999999999798e+00
2.565011999999999848e+00
2.569418999999999897e+00
2.573827000000000087e+00
2.578234000000000137e+00
2.582641000000000187e+00
2.587047999999999792e+00
2.591454999999999842e+00
2.595863000000000032e+00
2.600270000000000081e+00
2.604677000000000131e+00
2.609084000000000181e+00
2.613491999999999926e+00
2.617898999999999976e+00
2.622306000000000026e+00
2.626713000000000076e+00
2.631120999999999821e+00
2.635527999999999871e+00
2.639934999999999921e+00
2.644341999999999970e+00
2.648750000000000160e+00
2.653157000000000210e+00
2.657563999999999815e+00
2.661970999999999865e+00
2.666377999999999915e+00
2.670786000000000104e+00
2.675193000000000154e+00
2.679600000000000204e+00
2.684006999999999810e+00
2.688414999999999999e+00
2.692822000000000049e+00
2.697229000000000099e+00
2.701636000000000148e+00
2.706043999999999894e+00
2.710450999999999944e+00
2.714857999999999993e+00
2.719265000000000043e+00
2.723672999999999789e+00
2.728079999999999838e+00
2.732486999999999888e+00
2.736893999999999938e+00
2.741302000000000127e+00
2.745709000000000177e+00
2.750115999999999783e+00
2.754522999999999833e+00
2.758929999999999882e+00
2.763338000000000072e+00
2.767745000000000122e+00
2.772152000000000172e+00
2.776559000000000221e+00
2.780966999999999967e+00
2.785374000000000017e+00
2.789781000000000066e+00
2.794188000000000116e+00
2.798595999999999862e+00
2.803002999999999911e+00
2.807409999999999961e+00
2.811817000000000011e+00
2.816225000000000200e+00
2.820631999999999806e+00
2.825038999999999856e+00
2.829445999999999906e+00
2.833852999999999955e+00
2.838261000000000145e+00
2.842668000000000195e+00
2.847074999999999800e+00
2.851481999999999850e+00
2.855890000000000040e+00
2.860297000000000089e+00
2.864704000000000139e+00
2.869111000000000189e+00
2.873518999999999934e+00
2.877925999999999984e+00
2.882333000000000034e+00
2.886740000000000084e+00
2.891147999999999829e+00
2.895554999999999879e+00
2.899961999999999929e+00
2.904368999999999978e+00
2.908777000000000168e+00
2.913184000000000218e+00
2.917590999999999823e+00
2.921997999999999873e+00
2.926404999999999923e+00
2.930813000000000113e+00
2.935220000000000162e+00
2.939627000000000212e+00
2.944033999999999818e+00
2.948442000000000007e+00
2.952849000000000057e+00
2.957256000000000107e+00
2.961663000000000157e+00
2.966070999999999902e+00
2.970477999999999952e+00
2.974885000000000002e+00
2.979292000000000051e+00
2.983699999999999797e+00
2.988106999999999847e+00
2.992513999999999896e+00
2.996920999999999946e+00
3.001329000000000136e+00
3.005736000000000185e+00
3.010142999999999791e+00
3.014549999999999841e+00
3.018956999999999891e+00
3.023365000000000080e+00
3.027772000000000130e+00
3.032179000000000180e+00
3.036585999999999785e+00
3.040993999999999975e+00
3.045401000000000025e+00
3.049808000000000074e+00
3.054215000000000124e+00
3.058622999999999870e+00
3.063029999999999919e+00
3.067436999999999969e+00
3.071844000000000019e+00
3.076252000000000209e+00
3.080658999999999814e+00
3.085065999999999864e+00
3.089472999999999914e+00
3.093879999999999963e+00
3.098288000000000153e+00
3.102695000000000203e+00
3.107101999999999808e+00
3.111508999999999858e+00
3.115917000000000048e+00
3.120324000000000098e+00
3.124731000000000147e+00
3.129138000000000197e+00
3.133545999999999943e+00
3.137952999999999992e+00
3.142360000000000042e+00
3.146767000000000092e+00
3.151174999999999837e+00
3.155581999999999887e+00
3.159988999999999937e+00
3.164395999999999987e+00
3.168804000000000176e+00
3.173210999999999782e+00
3.177617999999999832e+00
3.182024999999999881e+00
3.186431999999999931e+00
3.190840000000000121e+00
3.195247000000000170e+00
3.199654000000000220e+00
3.204060999999999826e+00
3.208469000000000015e+00
3.212876000000000065e+00
3.217283000000000115e+00
3.221690000000000165e+00
3.226097999999999910e+00
3.230504999999999960e+00
3.234912000000000010e+00
3.239319000000000059e+00
3.243726999999999805e+00
3.248133999999999855e+00
3.252540999999999904e+00
3.256947999999999954e+00
3.261355000000000004e+00
3.265763000000000194e+00
3.270169999999999799e+00
3.274576999999999849e+00
3.278983999999999899e+00
3.283392000000000088e+00
3.287799000000000138e+00
3.292206000000000188e+00
3.296612999999999793e+00
3.301020999999999983e+00
3.305428000000000033e+00
3.309835000000000083e+00
3.314242000000000132e+00
3.318649999999999878e+00
3.323056999999999928e+00
3.327463999999999977e+00
3.331871000000000027e+00
3.336279000000000217e+00
3.340685999999999822e+00
3.345092999999999872e+00
3.349499999999999922e+00
3.353906999999999972e+00
3.358315000000000161e+00
3.362722000000000211e+00
3.367128999999999817e+00
3.371535999999999866e+00
3.375944000000000056e+00
3.380351000000000106e+00
3.384758000000000155e+00
3.389165000000000205e+00
3.393572999999999951e+00
3.397980000000000000e+00
3.402387000000000050e+00
3.406794000000000100e+00
3.411201999999999845e+00
3.415608999999999895e+00
3.420015999999999945e+00
3.424422999999999995e+00
3.428831000000000184e+00
3.433237999999999790e+00
3.437644999999999840e+00
3.442051999999999889e+00
3.446458999999999939e+00
3.450867000000000129e+00
3.455274000000000179e+00
3.459680999999999784e+00
3.464087999999999834e+00
3.468496000000000024e+00
3.472903000000000073e+00
3.477310000000000123e+00
3.481717000000000173e+00
3.486124999999999918e+00
3.490531999999999968e+00
3.494939000000000018e+00
3.499346000000000068e+00
3.503753999999999813e+00
3.508160999999999863e+00
3.512567999999999913e+00
3.516974999999999962e+00
3.521382000000000012e+00
3.525790000000000202e+00
3.530196999999999807e+00
3.534603999999999857e+00
3.539010999999999907e+00
3.543419000000000096e+00
3.547826000000000146e+00
3.552233000000000196e+00
3.556639999999999802e+00
3.561047999999999991e+00
3.565455000000000041e+00
3.569862000000000091e+00
3.574269000000000140e+00
3.578676999999999886e+00
3.583083999999999936e+00
3.587490999999999985e+00
3.591898000000000035e+00
3.596305999999999781e+00
3.600712999999999830e+00
3.605119999999999880e+00
3.609526999999999930e+00
3.613933999999999980e+00
3.618342000000000169e+00
3.622749000000000219e+00
3.627155999999999825e+00
3.631562999999999874e+00
3.635971000000000064e+00
3.640378000000000114e+00
3.644785000000000164e+00
3.649192000000000213e+00
3.653599999999999959e+00
3.658007000000000009e+00
3.662414000000000058e+00
3.666821000000000108e+00
3.671228999999999854e+00
3.675635999999999903e+00
3.680042999999999953e+00
3.684450000000000003e+00
3.688858000000000192e+00
3.693264999999999798e+00
3.697671999999999848e+00
3.702078999999999898e+00
3.706485999999999947e+00
3.710894000000000137e+00
3.715301000000000187e+00
3.719707999999999792e+00
3.724114999999999842e+00
3.728523000000000032e+00
3.732930000000000081e+00
3.737337000000000131e+00
3.741744000000000181e+00
3.746151999999999926e+00
3.750558999999999976e+00
3.754966000000000026e+00
3.759373000000000076e+00
3.763780999999999821e+00
3.768187999999999871e+00
3.772594999999999921e+00
3.777001999999999970e+00
3.781409000000000020e+00
3.785817000000000210e+00
3.790223999999999815e+00
3.794630999999999865e+00
3.799037999999999915e+00
3.803446000000000105e+00
3.807853000000000154e+00
3.812260000000000204e+00
3.816666999999999810e+00
3.821074999999999999e+00
3.825482000000000049e+00
3.829889000000000099e+00
3.834296000000000149e+00
3.838703999999999894e+00
3.843110999999999944e+00
3.847517999999999994e+00
3.851925000000000043e+00
3.856332999999999789e+00
3.860739999999999839e+00
3.865146999999999888e+00
3.869553999999999938e+00
3.873960999999999988e+00
3.878369000000000177e+00
3.882775999999999783e+00
3.887182999999999833e+00
3.891589999999999883e+00
3.895998000000000072e+00
3.900405000000000122e+00
3.904812000000000172e+00
3.909219000000000221e+00
3.913626999999999967e+00
3.918034000000000017e+00
3.922441000000000066e+00
3.926848000000000116e+00
3.931255999999999862e+00
3.935662999999999911e+00
3.940069999999999961e+00
3.944477000000000011e+00
3.948884000000000061e+00
3.953291999999999806e+00
3.957698999999999856e+00
3.962105999999999906e+00
3.966512999999999955e+00
3.970921000000000145e+00
3.975328000000000195e+00
3.979734999999999800e+00
3.984141999999999850e+00
3.988550000000000040e+00
3.992957000000000090e+00
3.997364000000000139e+00
4.001770999999999745e+00
4.006179000000000379e+00
4.010585999999999984e+00
4.014992999999999590e+00
4.019400000000000084e+00
4.023807999999999829e+00
4.028215000000000323e+00
4.032621999999999929e+00
4.037029000000000423e+00
4.041436000000000028e+00
4.045843999999999774e+00
4.050251000000000268e+00
4.054657999999999873e+00
4.059065000000000367e+00
4.063473000000000113e+00
4.067879999999999718e+00
4.072287000000000212e+00
4.076693999999999818e+00
4.081101999999999563e+00
4.085509000000000057e+00
4.089915999999999663e+00
4.094323000000000157e+00
4.098730999999999902e+00
4.103138000000000396e+00
4.107545000000000002e+00
4.111951999999999607e+00
4.116360000000000241e+00
4.120766999999999847e+00
4.125174000000000341e+00
4.129580999999999946e+00
4.133988000000000440e+00
4.138396000000000186e+00
4.142802999999999791e+00
4.147210000000000285e+00
4.151616999999999891e+00
4.156024999999999636e+00
4.160432000000000130e+00
4.164838999999999736e+00
4.169246000000000230e+00
4.173653999999999975e+00
4.178060999999999581e+00
4.182468000000000075e+00
4.186874999999999680e+00
4.191283000000000314e+00
4.195689999999999920e+00
4.200097000000000413e+00
4.204504000000000019e+00
4.208910999999999625e+00
4.213319000000000258e+00
4.217725999999999864e+00
4.222133000000000358e+00
4.226539999999999964e+00
4.230947999999999709e+00
4.235355000000000203e+00
4.239761999999999809e+00
4.244169000000000302e+00
4.248577000000000048e+00
4.252983999999999654e+00
4.257391000000000147e+00
4.261797999999999753e+00
4.266206000000000387e+00
4.270612999999999992e+00
4.275019999999999598e+00
4.279427000000000092e+00
4.283834999999999837e+00
4.288242000000000331e+00
4.292648999999999937e+00
4.297056000000000431e+00
4.301463000000000036e+00
4.305870999999999782e+00
4.310278000000000276e+00
4.314684999999999881e+00
4.319092000000000375e+00
4.323500000000000121e+00
4.327906999999999726e+00
4.332314000000000220e+00
4.336720999999999826e+00
4.341128999999999571e+00
4.345536000000000065e+00
4.349942999999999671e+00
4.354350000000000165e+00
4.358757999999999910e+00
4.363165000000000404e+00
4.367572000000000010e+00
4.371978999999999616e+00
4.376386000000000109e+00
4.380793999999999855e+00
4.385201000000000349e+00
4.389607999999999954e+00
4.394014999999999560e+00
4.398423000000000194e+00
4.402829999999999799e+00
