0.000000000000000000e+00
4.923583999999999947e-03
9.847167999999999893e-03
1.477074999999999916e-02
1.969434000000000115e-02
2.461792000000000147e-02
2.954150999999999999e-02
3.446508999999999684e-02
3.938867000000000063e-02
4.431225999999999915e-02
4.923584000000000294e-02
5.415943000000000146e-02
5.908300999999999831e-02
6.400659999999999683e-02
6.893017999999999368e-02
7.385376000000000440e-02
7.877734999999999599e-02
8.370093000000000671e-02
8.862451999999999830e-02
9.354809999999999515e-02
9.847168000000000587e-02
1.033952999999999955e-01
1.083188999999999957e-01
1.132423999999999931e-01
1.181659999999999933e-01
1.230895999999999935e-01
1.280131999999999937e-01
1.329367999999999939e-01
1.378603999999999941e-01
1.427838999999999914e-01
1.477074999999999916e-01
1.526310999999999918e-01
1.575546999999999920e-01
1.624782999999999922e-01
1.674018999999999924e-01
1.723253999999999897e-01
1.772489999999999899e-01
1.821725999999999901e-01
1.870961999999999903e-01
1.920197999999999905e-01
1.969433999999999907e-01
2.018669999999999909e-01
2.067904999999999882e-01
2.117140999999999884e-01
2.166376999999999886e-01
2.215612999999999888e-01
2.264848999999999890e-01
2.314084999999999892e-01
2.363319999999999865e-01
2.412555999999999867e-01
2.461791999999999869e-01
2.511028000000000149e-01
2.560263999999999873e-01
2.609500000000000153e-01
2.658734999999999848e-01
2.707971000000000128e-01
2.757206999999999852e-01
2.806443000000000132e-01
2.855678999999999856e-01
2.904915000000000136e-01
2.954150999999999860e-01
3.003386000000000111e-01
3.052621999999999836e-01
3.101858000000000115e-01
3.151093999999999840e-01
3.200330000000000119e-01
3.249565999999999844e-01
3.298801000000000094e-01
3.348036999999999819e-01
3.397273000000000098e-01
3.446508999999999823e-01
3.495745000000000102e-01
3.544980999999999827e-01
3.594216000000000077e-01
3.643451999999999802e-01
3.692688000000000081e-01
3.741923999999999806e-01
3.791160000000000085e-01
3.840395999999999810e-01
3.889632000000000089e-01
3.938866999999999785e-01
3.988103000000000065e-01
4.037338999999999789e-01
4.086575000000000069e-01
4.135810999999999793e-01
4.185047000000000073e-01
4.234281999999999768e-01
4.283518000000000048e-01
4.332753999999999772e-01
4.381990000000000052e-01
4.431225999999999776e-01
4.480462000000000056e-01
4.529697999999999780e-01
4.578933000000000031e-01
4.628168999999999755e-01
4.677405000000000035e-01
4.726640999999999759e-01
4.775877000000000039e-01
4.825112999999999763e-01
4.874348000000000014e-01
4.923583999999999739e-01
4.972820000000000018e-01
5.022056000000000298e-01
5.071291999999999467e-01
5.120527999999999746e-01
5.169763000000000552e-01
5.218998999999999722e-01
5.268235000000000001e-01
5.317471000000000281e-01
5.366706999999999450e-01
5.415942999999999730e-01
5.465179000000000009e-01
5.514413999999999705e-01
5.563649999999999984e-01
5.612886000000000264e-01
5.662122000000000543e-01
5.711357999999999713e-01
5.760593999999999992e-01
5.809828999999999688e-01
5.859064999999999968e-01
5.908301000000000247e-01
5.957537000000000527e-01
6.006772999999999696e-01
6.056008999999999975e-01
6.105243999999999671e-01
6.154479999999999951e-01
6.203716000000000230e-01
6.252952000000000510e-01
6.302187999999999679e-01
6.351423999999999959e-01
6.400660000000000238e-01
6.449894999999999934e-01
6.499131000000000213e-01
6.548367000000000493e-01
6.597602999999999662e-01
6.646838999999999942e-01
6.696075000000000221e-01
6.745309999999999917e-01
6.794546000000000197e-01
6.843782000000000476e-01
6.893017999999999645e-01
6.942253999999999925e-01
6.991490000000000204e-01
7.040724999999999900e-01
7.089961000000000180e-01
7.139197000000000459e-01
7.188432999999999629e-01
7.237668999999999908e-01
7.286905000000000188e-01
7.336141000000000467e-01
7.385376000000000163e-01
7.434612000000000442e-01
7.483847999999999612e-01
7.533083999999999891e-01
7.582320000000000171e-01
7.631556000000000450e-01
7.680791000000000146e-01
7.730027000000000426e-01
7.779262999999999595e-01
7.828498999999999874e-01
7.877735000000000154e-01
7.926971000000000434e-01
7.976206000000000129e-01
8.025442000000000409e-01
8.074677999999999578e-01
8.123913999999999858e-01
8.173150000000000137e-01
8.222386000000000417e-01
8.271621999999999586e-01
8.320857000000000392e-01
8.370092999999999561e-01
8.419328999999999841e-01
8.468565000000000120e-01
8.517801000000000400e-01
8.567036999999999569e-01
8.616272000000000375e-01
8.665507999999999544e-01
8.714743999999999824e-01
8.763980000000000103e-01
8.813216000000000383e-01
8.862451999999999552e-01
8.911687000000000358e-01
8.960922999999999528e-01
9.010158999999999807e-01
9.059395000000000087e-01
9.108631000000000366e-01
9.157866999999999535e-01
9.207102999999999815e-01
9.256337999999999511e-01
9.305573999999999790e-01
9.354810000000000070e-01
9.404046000000000349e-01
9.453281999999999519e-01
9.502517999999999798e-01
9.551752999999999494e-01
9.600988999999999773e-01
9.650225000000000053e-01
9.699461000000000332e-01
9.748696999999999502e-01
9.797932999999999781e-01
9.847167999999999477e-01
9.896403999999999757e-01
9.945640000000000036e-01
9.994876000000000316e-01
1.004410999999999943e+00
1.009335000000000093e+00
1.014258000000000104e+00
1.019182000000000032e+00
1.024105999999999961e+00
1.029028999999999971e+00
1.033952999999999900e+00
1.038875999999999911e+00
1.043800000000000061e+00
1.048723000000000072e+00
1.053647000000000000e+00
1.058570999999999929e+00
1.063493999999999939e+00
1.068418000000000090e+00
1.073341000000000101e+00
1.078265000000000029e+00
1.083188999999999957e+00
1.088111999999999968e+00
1.093035999999999897e+00
1.097958999999999907e+00
1.102883000000000058e+00
1.107806000000000068e+00
1.112729999999999997e+00
1.117653999999999925e+00
1.122576999999999936e+00
1.127501000000000086e+00
1.132424000000000097e+00
1.137348000000000026e+00
1.142271999999999954e+00
1.147194999999999965e+00
1.152118999999999893e+00
1.157041999999999904e+00
1.161966000000000054e+00
1.166889000000000065e+00
1.171812999999999994e+00
1.176736999999999922e+00
1.181659999999999933e+00
1.186584000000000083e+00
1.191507000000000094e+00
1.196431000000000022e+00
1.201354999999999951e+00
1.206277999999999961e+00
1.211201999999999890e+00
1.216124999999999901e+00
1.221049000000000051e+00
1.225972000000000062e+00
1.230895999999999990e+00
1.235819999999999919e+00
1.240742999999999929e+00
1.245667000000000080e+00
1.250590000000000090e+00
1.255514000000000019e+00
1.260437999999999947e+00
1.265360999999999958e+00
1.270285000000000108e+00
1.275207999999999897e+00
1.280132000000000048e+00
1.285055000000000058e+00
1.289978999999999987e+00
1.294902999999999915e+00
1.299825999999999926e+00
1.304750000000000076e+00
1.309673000000000087e+00
1.314597000000000016e+00
1.319520999999999944e+00
1.324443999999999955e+00
1.329368000000000105e+00
1.334290999999999894e+00
1.339215000000000044e+00
1.344138000000000055e+00
1.349061999999999983e+00
1.353985999999999912e+00
1.358908999999999923e+00
1.363833000000000073e+00
1.368756000000000084e+00
1.373680000000000012e+00
1.378603999999999941e+00
1.383526999999999951e+00
1.388451000000000102e+00
1.393373999999999890e+00
1.398298000000000041e+00
1.403221999999999969e+00
1.408144999999999980e+00
1.413068999999999908e+00
1.417991999999999919e+00
1.422916000000000070e+00
1.427839000000000080e+00
1.432763000000000009e+00
1.437686999999999937e+00
1.442609999999999948e+00
1.447534000000000098e+00
1.452457000000000109e+00
1.457381000000000038e+00
1.462304999999999966e+00
1.467227999999999977e+00
1.472151999999999905e+00
1.477074999999999916e+00
1.481999000000000066e+00
1.486922000000000077e+00
1.491846000000000005e+00
1.496769999999999934e+00
1.501692999999999945e+00
1.506617000000000095e+00
1.511540000000000106e+00
1.516464000000000034e+00
1.521387999999999963e+00
1.526310999999999973e+00
1.531234999999999902e+00
1.536157999999999912e+00
1.541082000000000063e+00
1.546005000000000074e+00
1.550929000000000002e+00
1.555852999999999930e+00
1.560775999999999941e+00
1.565700000000000092e+00
1.570623000000000102e+00
1.575547000000000031e+00
1.580470999999999959e+00
1.585393999999999970e+00
1.590317999999999898e+00
1.595240999999999909e+00
1.600165000000000060e+00
1.605088000000000070e+00
1.610011999999999999e+00
1.614935999999999927e+00
1.619858999999999938e+00
1.624783000000000088e+00
1.629706000000000099e+00
1.634630000000000027e+00
1.639553999999999956e+00
1.644476999999999967e+00
1.649400999999999895e+00
1.654323999999999906e+00
1.659248000000000056e+00
1.664171000000000067e+00
1.669094999999999995e+00
1.674018999999999924e+00
1.678941999999999934e+00
1.683866000000000085e+00
1.688789000000000096e+00
1.693713000000000024e+00
1.698636999999999952e+00
1.703559999999999963e+00
1.708483999999999892e+00
1.713406999999999902e+00
1.718331000000000053e+00
1.723254000000000064e+00
1.728177999999999992e+00
1.733101999999999920e+00
1.738024999999999931e+00
1.742949000000000082e+00
1.747872000000000092e+00
1.752796000000000021e+00
1.757719999999999949e+00
1.762642999999999960e+00
1.767567000000000110e+00
1.772489999999999899e+00
1.777414000000000049e+00
1.782337000000000060e+00
1.787260999999999989e+00
1.792184999999999917e+00
1.797107999999999928e+00
1.802032000000000078e+00
1.806955000000000089e+00
1.811879000000000017e+00
1.816802999999999946e+00
1.821725999999999956e+00
1.826650000000000107e+00
1.831572999999999896e+00
1.836497000000000046e+00
1.841420999999999975e+00
1.846343999999999985e+00
1.851267999999999914e+00
1.856190999999999924e+00
1.861115000000000075e+00
1.866038000000000086e+00
1.870962000000000014e+00
1.875885999999999942e+00
1.880808999999999953e+00
1.885733000000000104e+00
1.890655999999999892e+00
1.895580000000000043e+00
1.900503999999999971e+00
1.905426999999999982e+00
1.910350999999999910e+00
1.915273999999999921e+00
1.920198000000000071e+00
1.925121000000000082e+00
1.930045000000000011e+00
1.934968999999999939e+00
1.939891999999999950e+00
1.944816000000000100e+00
1.949739000000000111e+00
1.954663000000000039e+00
1.959586999999999968e+00
1.964509999999999978e+00
1.969433999999999907e+00
1.974356999999999918e+00
1.979281000000000068e+00
1.984204000000000079e+00
1.989128000000000007e+00
1.994051999999999936e+00
1.998974999999999946e+00
2.003899000000000097e+00
2.008821999999999885e+00
2.013745999999999814e+00
2.018670000000000186e+00
2.023592999999999975e+00
2.028516999999999904e+00
2.033440000000000136e+00
2.038364000000000065e+00
2.043286999999999853e+00
2.048210999999999782e+00
2.053135000000000154e+00
2.058057999999999943e+00
2.062981999999999871e+00
2.067905000000000104e+00
2.072829000000000033e+00
2.077752999999999961e+00
2.082676000000000194e+00
2.087600000000000122e+00
2.092522999999999911e+00
2.097446999999999839e+00
2.102370000000000072e+00
2.107294000000000000e+00
2.112217999999999929e+00
2.117141000000000162e+00
2.122065000000000090e+00
2.126987999999999879e+00
2.131911999999999807e+00
2.136836000000000180e+00
2.141758999999999968e+00
2.146682999999999897e+00
2.151606000000000130e+00
2.156530000000000058e+00
2.161452999999999847e+00
2.166377000000000219e+00
2.171301000000000148e+00
2.176223999999999936e+00
2.181147999999999865e+00
2.186071000000000097e+00
2.190995000000000026e+00
2.195918999999999954e+00
2.200842000000000187e+00
2.205766000000000115e+00
2.210688999999999904e+00
2.215612999999999833e+00
2.220536000000000065e+00
2.225459999999999994e+00
2.230383999999999922e+00
2.235307000000000155e+00
2.240231000000000083e+00
2.245153999999999872e+00
2.250077999999999800e+00
2.255002000000000173e+00
2.259924999999999962e+00
2.264848999999999890e+00
2.269772000000000123e+00
2.274696000000000051e+00
2.279619999999999980e+00
2.284543000000000212e+00
2.289467000000000141e+00
2.294389999999999930e+00
2.299313999999999858e+00
2.304237000000000091e+00
2.309161000000000019e+00
2.314084999999999948e+00
2.319008000000000180e+00
2.323932000000000109e+00
2.328854999999999897e+00
2.333778999999999826e+00
2.338703000000000198e+00
2.343625999999999987e+00
2.348549999999999915e+00
2.353473000000000148e+00
2.358397000000000077e+00
2.363319999999999865e+00
2.368243999999999794e+00
2.373168000000000166e+00
2.378090999999999955e+00
2.383014999999999883e+00
2.387938000000000116e+00
2.392862000000000045e+00
2.397785999999999973e+00
2.402709000000000206e+00
2.407633000000000134e+00
2.412555999999999923e+00
2.417479999999999851e+00
2.422403000000000084e+00
2.427327000000000012e+00
2.432250999999999941e+00
2.437174000000000174e+00
2.442098000000000102e+00
2.447020999999999891e+00
2.451944999999999819e+00
2.456869000000000192e+00
2.461791999999999980e+00
2.466715999999999909e+00
2.471639000000000141e+00
2.476563000000000070e+00
2.481485999999999859e+00
2.486409999999999787e+00
2.491334000000000160e+00
2.496256999999999948e+00
2.501180999999999877e+00
2.506104000000000109e+00
2.511028000000000038e+00
2.515951999999999966e+00
2.520875000000000199e+00
2.525799000000000127e+00
2.530721999999999916e+00
2.535645999999999844e+00
2.540569000000000077e+00
2.545493000000000006e+00
2.550416999999999934e+00
2.555340000000000167e+00
2.560264000000000095e+00
2.565186999999999884e+00
2.570110999999999812e+00
2.575035000000000185e+00
2.579957999999999974e+00
2.584881999999999902e+00
2.589805000000000135e+00
2.594729000000000063e+00
2.599651999999999852e+00
2.604575999999999780e+00
2.609500000000000153e+00
2.614422999999999941e+00
2.619346999999999870e+00
2.624270000000000103e+00
2.629194000000000031e+00
2.634117999999999959e+00
2.639041000000000192e+00
2.643965000000000121e+00
2.648887999999999909e+00
2.653811999999999838e+00
2.658735000000000070e+00
2.663658999999999999e+00
2.668582999999999927e+00
2.673506000000000160e+00
2.678430000000000089e+00
2.683352999999999877e+00
2.688276999999999806e+00
2.693201000000000178e+00
2.698123999999999967e+00
2.703047999999999895e+00
2.707971000000000128e+00
2.712895000000000056e+00
2.717818999999999985e+00
2.722742000000000218e+00
2.727666000000000146e+00
2.732588999999999935e+00
2.737512999999999863e+00
2.742436000000000096e+00
2.747360000000000024e+00
2.752283999999999953e+00
2.757207000000000185e+00
2.762131000000000114e+00
2.767053999999999903e+00
2.771977999999999831e+00
2.776902000000000204e+00
2.781824999999999992e+00
2.786748999999999921e+00
2.791672000000000153e+00
2.796596000000000082e+00
2.801518999999999870e+00
2.806442999999999799e+00
2.811367000000000171e+00
2.816289999999999960e+00
2.821213999999999889e+00
2.826137000000000121e+00
2.831061000000000050e+00
2.835984999999999978e+00
2.840908000000000211e+00
2.845832000000000139e+00
2.850754999999999928e+00
2.855678999999999856e+00
2.860602000000000089e+00
2.865526000000000018e+00
2.870449999999999946e+00
2.875373000000000179e+00
2.880297000000000107e+00
2.885219999999999896e+00
2.890143999999999824e+00
2.895068000000000197e+00
2.899990999999999985e+00
2.904914999999999914e+00
2.909838000000000147e+00
2.914762000000000075e+00
2.919684999999999864e+00
2.924608999999999792e+00
2.929533000000000165e+00
2.934455999999999953e+00
2.939379999999999882e+00
2.944303000000000115e+00
2.949227000000000043e+00
2.954150999999999971e+00
2.959074000000000204e+00
2.963998000000000133e+00
2.968920999999999921e+00
2.973844999999999850e+00
2.978768000000000082e+00
2.983692000000000011e+00
2.988615999999999939e+00
2.993539000000000172e+00
2.998463000000000100e+00
3.003385999999999889e+00
3.008309999999999818e+00
3.013234000000000190e+00
3.018156999999999979e+00
3.023080999999999907e+00
3.028004000000000140e+00
3.032928000000000068e+00
3.037850999999999857e+00
3.042774999999999785e+00
3.047699000000000158e+00
3.052621999999999947e+00
3.057545999999999875e+00
3.062469000000000108e+00
3.067393000000000036e+00
3.072316999999999965e+00
3.077240000000000197e+00
3.082164000000000126e+00
3.087086999999999914e+00
3.092010999999999843e+00
3.096934000000000076e+00
3.101858000000000004e+00
3.106781999999999933e+00
3.111705000000000165e+00
3.116629000000000094e+00
3.121551999999999882e+00
3.126475999999999811e+00
3.131400000000000183e+00
3.136322999999999972e+00
3.141246999999999900e+00
3.146170000000000133e+00
3.151094000000000062e+00
3.156017999999999990e+00
3.160940999999999779e+00
3.165865000000000151e+00
3.170787999999999940e+00
3.175711999999999868e+00
3.180635000000000101e+00
3.185559000000000029e+00
3.190482999999999958e+00
3.195406000000000191e+00
3.200330000000000119e+00
3.205252999999999908e+00
3.210176999999999836e+00
3.215101000000000209e+00
3.220023999999999997e+00
3.224947999999999926e+00
3.229871000000000159e+00
3.234795000000000087e+00
3.239717999999999876e+00
3.244641999999999804e+00
3.249566000000000177e+00
3.254488999999999965e+00
3.259412999999999894e+00
3.264336000000000126e+00
3.269260000000000055e+00
3.274183999999999983e+00
3.279107000000000216e+00
3.284031000000000144e+00
3.288953999999999933e+00
3.293877999999999862e+00
3.298801000000000094e+00
3.303725000000000023e+00
3.308648999999999951e+00
3.313572000000000184e+00
3.318496000000000112e+00
3.323418999999999901e+00
3.328342999999999829e+00
3.333267000000000202e+00
3.338189999999999991e+00
3.343113999999999919e+00
3.348037000000000152e+00
3.352961000000000080e+00
3.357883999999999869e+00
3.362807999999999797e+00
3.367732000000000170e+00
3.372654999999999959e+00
3.377578999999999887e+00
3.382502000000000120e+00
3.387426000000000048e+00
3.392349999999999977e+00
3.397273000000000209e+00
3.402197000000000138e+00
3.407119999999999926e+00
3.412043999999999855e+00
3.416967000000000088e+00
3.421891000000000016e+00
3.426814999999999944e+00
3.431738000000000177e+00
3.436662000000000106e+00
3.441584999999999894e+00
3.446508999999999823e+00
3.451433000000000195e+00
3.456355999999999984e+00
3.461279999999999912e+00
3.466203000000000145e+00
3.471127000000000073e+00
3.476049999999999862e+00
3.480973999999999791e+00
3.485898000000000163e+00
3.490820999999999952e+00
3.495744999999999880e+00
3.500668000000000113e+00
3.505592000000000041e+00
3.510515999999999970e+00
3.515439000000000203e+00
3.520363000000000131e+00
3.525285999999999920e+00
3.530209999999999848e+00
3.535133000000000081e+00
3.540057000000000009e+00
3.544980999999999938e+00
3.549904000000000170e+00
3.554828000000000099e+00
3.559750999999999888e+00
3.564674999999999816e+00
3.569599000000000188e+00
3.574521999999999977e+00
3.579445999999999906e+00
3.584369000000000138e+00
3.589293000000000067e+00
3.594215999999999855e+00
3.599139999999999784e+00
3.604064000000000156e+00
3.608986999999999945e+00
3.613910999999999873e+00
3.618834000000000106e+00
3.623758000000000035e+00
3.628681999999999963e+00
3.633605000000000196e+00
3.638529000000000124e+00
3.643451999999999913e+00
3.648375999999999841e+00
3.653300000000000214e+00
3.658223000000000003e+00
3.663146999999999931e+00
3.668070000000000164e+00
3.672994000000000092e+00
3.677916999999999881e+00
3.682840999999999809e+00
3.687765000000000182e+00
3.692687999999999970e+00
3.697611999999999899e+00
3.702535000000000132e+00
3.707459000000000060e+00
3.712382999999999988e+00
3.717306000000000221e+00
3.722230000000000150e+00
3.727152999999999938e+00
3.732076999999999867e+00
3.737000000000000099e+00
3.741924000000000028e+00
3.746847999999999956e+00
3.751771000000000189e+00
3.756695000000000118e+00
3.761617999999999906e+00
3.766541999999999835e+00
3.771466000000000207e+00
3.776388999999999996e+00
3.781312999999999924e+00
3.786236000000000157e+00
3.791160000000000085e+00
3.796082999999999874e+00
3.801006999999999802e+00
3.805931000000000175e+00
3.810853999999999964e+00
3.815777999999999892e+00
3.820701000000000125e+00
3.825625000000000053e+00
3.830548999999999982e+00
3.835472000000000214e+00
3.840396000000000143e+00
3.845318999999999932e+00
3.850242999999999860e+00
3.855166000000000093e+00
3.860090000000000021e+00
3.865013999999999950e+00
3.869937000000000182e+00
3.874861000000000111e+00
3.879783999999999899e+00
3.884707999999999828e+00
3.889632000000000200e+00
3.894554999999999989e+00
3.899478999999999917e+00
3.904402000000000150e+00
3.909326000000000079e+00
3.914248999999999867e+00
3.919172999999999796e+00
3.924097000000000168e+00
3.929019999999999957e+00
3.933943999999999885e+00
3.938867000000000118e+00
3.943791000000000047e+00
3.948714999999999975e+00
3.953638000000000208e+00
3.958562000000000136e+00
3.963484999999999925e+00
3.968408999999999853e+00
3.973332000000000086e+00
3.978256000000000014e+00
3.983179999999999943e+00
3.988103000000000176e+00
3.993027000000000104e+00
3.997949999999999893e+00
4.002874000000000265e+00
4.007798000000000194e+00
4.012720999999999982e+00
4.017644999999999911e+00
4.022567999999999699e+00
4.027491999999999628e+00
4.032415000000000305e+00
4.037339000000000233e+00
4.042263000000000162e+00
4.047185999999999950e+00
4.052109999999999879e+00
4.057032999999999667e+00
4.061956999999999596e+00
4.066881000000000412e+00
4.071804000000000201e+00
4.076728000000000129e+00
4.081650999999999918e+00
4.086574999999999847e+00
4.091498999999999775e+00
4.096421999999999564e+00
4.101346000000000380e+00
4.106269000000000169e+00
4.111193000000000097e+00
4.116115999999999886e+00
4.121039999999999814e+00
4.125963999999999743e+00
4.130887000000000420e+00
4.135811000000000348e+00
4.140734000000000137e+00
4.145658000000000065e+00
4.150581999999999994e+00
4.155504999999999782e+00
4.160428999999999711e+00
4.165352000000000388e+00
4.170276000000000316e+00
4.175199000000000105e+00
4.180123000000000033e+00
4.185046999999999962e+00
4.189969999999999750e+00
4.194893999999999679e+00
4.199817000000000355e+00
4.204741000000000284e+00
4.209665000000000212e+00
4.214588000000000001e+00
4.219511999999999929e+00
4.224434999999999718e+00
4.229358999999999646e+00
4.234282000000000323e+00
4.239206000000000252e+00
4.244130000000000180e+00
4.249052999999999969e+00
4.253976999999999897e+00
4.258899999999999686e+00
4.263823999999999614e+00
4.268748000000000431e+00
4.273671000000000220e+00
4.278595000000000148e+00
4.283517999999999937e+00
4.288441999999999865e+00
4.293364999999999654e+00
4.298288999999999582e+00
4.303213000000000399e+00
4.308136000000000188e+00
4.313060000000000116e+00
4.317982999999999905e+00
4.322906999999999833e+00
4.327830999999999761e+00
4.332754000000000438e+00
4.337678000000000367e+00
4.342601000000000155e+00
4.347525000000000084e+00
4.352447999999999873e+00
4.357371999999999801e+00
4.362295999999999729e+00
4.367219000000000406e+00
4.372143000000000335e+00
4.377066000000000123e+00
4.381990000000000052e+00
4.386913999999999980e+00
4.391836999999999769e+00
4.396760999999999697e+00
4.401684000000000374e+00
4.406608000000000303e+00
4.411531000000000091e+00
4.416455000000000020e+00
4.421378999999999948e+00
4.426301999999999737e+00
4.431225999999999665e+00
4.436149000000000342e+00
4.441073000000000270e+00
4.445997000000000199e+00
4.450919999999999987e+00
4.455843999999999916e+00
4.460766999999999705e+00
4.465690999999999633e+00
4.470614000000000310e+00
4.475538000000000238e+00
4.480462000000000167e+00
4.485384999999999955e+00
4.490308999999999884e+00
4.495231999999999672e+00
4.500155999999999601e+00
4.505080000000000418e+00
4.510003000000000206e+00
4.514927000000000135e+00
4.519849999999999923e+00
4.524773999999999852e+00
4.529697999999999780e+00
4.534620999999999569e+00
4.539545000000000385e+00
4.544468000000000174e+00
4.549392000000000102e+00
4.554314999999999891e+00
4.559238999999999820e+00
4.564162999999999748e+00
4.569086000000000425e+00
4.574010000000000353e+00
4.578933000000000142e+00
4.583857000000000070e+00
4.588780999999999999e+00
4.593703999999999787e+00
4.598627999999999716e+00
4.603551000000000393e+00
4.608475000000000321e+00
4.613398000000000110e+00
4.618322000000000038e+00
4.623245999999999967e+00
4.628168999999999755e+00
4.633092999999999684e+00
4.638016000000000361e+00
4.642940000000000289e+00
4.647864000000000217e+00
4.652787000000000006e+00
4.657710999999999935e+00
4.662633999999999723e+00
4.667557999999999652e+00
4.672481000000000328e+00
4.677405000000000257e+00
4.682329000000000185e+00
4.687251999999999974e+00
4.692175999999999902e+00
4.697098999999999691e+00
4.702022999999999620e+00
4.706947000000000436e+00
4.711870000000000225e+00
4.716794000000000153e+00
4.721716999999999942e+00
4.726640999999999870e+00
4.731563999999999659e+00
4.736487999999999587e+00
4.741412000000000404e+00
4.746335000000000193e+00
4.751259000000000121e+00
4.756181999999999910e+00
4.761105999999999838e+00
4.766029999999999767e+00
4.770953000000000443e+00
4.775877000000000372e+00
4.780800000000000161e+00
4.785724000000000089e+00
4.790646999999999878e+00
4.795570999999999806e+00
4.800494999999999735e+00
4.805418000000000411e+00
4.810342000000000340e+00
4.815265000000000128e+00
4.820189000000000057e+00
4.825112999999999985e+00
4.830035999999999774e+00
4.834959999999999702e+00
4.839883000000000379e+00
4.844807000000000308e+00
4.849730000000000096e+00
4.854654000000000025e+00
4.859577999999999953e+00
4.864500999999999742e+00
4.869424999999999670e+00
4.874348000000000347e+00
4.879272000000000276e+00
4.884196000000000204e+00
4.889118999999999993e+00
4.894042999999999921e+00
4.898965999999999710e+00
4.903889999999999638e+00
4.908813000000000315e+00
4.913737000000000243e+00
4.918661000000000172e+00
