0.000000000000000000e+00
4.521759999999999668e-03
9.043519999999999337e-03
1.356528000000000074e-02
1.808703999999999867e-02
2.260879999999999834e-02
2.713056000000000148e-02
3.165231999999999768e-02
3.617407999999999735e-02
4.069583999999999702e-02
4.521759999999999668e-02
4.973936000000000329e-02
5.426112000000000296e-02
5.878288000000000263e-02
6.330463999999999536e-02
6.782639999999999503e-02
7.234815999999999470e-02
7.686991999999999436e-02
8.139167999999999403e-02
8.591343999999999370e-02
9.043519999999999337e-02
9.495696000000000692e-02
9.947872000000000658e-02
1.040004999999999957e-01
1.085221999999999992e-01
1.130440000000000056e-01
1.175657999999999981e-01
1.220875000000000016e-01
1.266093000000000079e-01
1.311309999999999976e-01
1.356527999999999901e-01
1.401746000000000103e-01
1.446962999999999999e-01
1.492180999999999924e-01
1.537398000000000098e-01
1.582616000000000023e-01
1.627833999999999948e-01
1.673051000000000121e-01
1.718269000000000046e-01
1.763485999999999942e-01
1.808703999999999867e-01
1.853922000000000070e-01
1.899138999999999966e-01
1.944356999999999891e-01
1.989574000000000065e-01
2.034791999999999990e-01
2.080009999999999915e-01
2.125227000000000088e-01
2.170445000000000013e-01
2.215661999999999909e-01
2.260880000000000112e-01
2.306098000000000037e-01
2.351314999999999933e-01
2.396533000000000135e-01
2.441750000000000032e-01
2.486967999999999956e-01
2.532186000000000159e-01
2.577402999999999778e-01
2.622620999999999980e-01
2.667838000000000154e-01
2.713055999999999801e-01
2.758274000000000004e-01
2.803491000000000177e-01
2.848708999999999825e-01
2.893925999999999998e-01
2.939144000000000201e-01
2.984361999999999848e-01
3.029579000000000022e-01
3.074797000000000224e-01
3.120013999999999843e-01
3.165232000000000046e-01
3.210450000000000248e-01
3.255666999999999867e-01
3.300885000000000069e-01
3.346102000000000243e-01
3.391319999999999890e-01
3.436538000000000093e-01
3.481755000000000266e-01
3.526972999999999914e-01
3.572190000000000087e-01
3.617407999999999735e-01
3.662625999999999937e-01
3.707843000000000111e-01
3.753060999999999758e-01
3.798277999999999932e-01
3.843496000000000135e-01
3.888713999999999782e-01
3.933930999999999956e-01
3.979149000000000158e-01
4.024365999999999777e-01
4.069583999999999979e-01
4.114802000000000182e-01
4.160018999999999800e-01
4.205237000000000003e-01
4.250454000000000176e-01
4.295671999999999824e-01
4.340890000000000026e-01
4.386107000000000200e-01
4.431324999999999847e-01
4.476542000000000021e-01
4.521760000000000224e-01
4.566977999999999871e-01
4.612195000000000045e-01
4.657413000000000247e-01
4.702629999999999866e-01
4.747848000000000068e-01
4.793066000000000271e-01
4.838282999999999889e-01
4.883501000000000092e-01
4.928718000000000266e-01
4.973935999999999913e-01
5.019154000000000115e-01
5.064370999999999734e-01
5.109588999999999936e-01
5.154805999999999555e-01
5.200023999999999758e-01
5.245241999999999960e-01
5.290458999999999579e-01
5.335676999999999781e-01
5.380894000000000510e-01
5.426111999999999602e-01
5.471329999999999805e-01
5.516547000000000534e-01
5.561764999999999626e-01
5.606982000000000355e-01
5.652199999999999447e-01
5.697417999999999649e-01
5.742635000000000378e-01
5.787852999999999470e-01
5.833070999999999673e-01
5.878288000000000402e-01
5.923505999999999494e-01
5.968723000000000223e-01
6.013941000000000425e-01
6.059158999999999518e-01
6.104376000000000246e-01
6.149594000000000449e-01
6.194811000000000067e-01
6.240029000000000270e-01
6.285247000000000472e-01
6.330464000000000091e-01
6.375682000000000293e-01
6.420898999999999912e-01
6.466117000000000115e-01
6.511335000000000317e-01
6.556551999999999936e-01
6.601770000000000138e-01
6.646986999999999757e-01
6.692204999999999959e-01
6.737423000000000162e-01
6.782639999999999780e-01
6.827857999999999983e-01
6.873074999999999601e-01
6.918292999999999804e-01
6.963511000000000006e-01
7.008727999999999625e-01
7.053945999999999827e-01
7.099162999999999446e-01
7.144380999999999649e-01
7.189598999999999851e-01
7.234815999999999470e-01
7.280033999999999672e-01
7.325251000000000401e-01
7.370468999999999493e-01
7.415686999999999696e-01
7.460904000000000424e-01
7.506121999999999517e-01
7.551339000000000246e-01
7.596557000000000448e-01
7.641774999999999540e-01
7.686992000000000269e-01
7.732210000000000472e-01
7.777427000000000090e-01
7.822645000000000293e-01
7.867863000000000495e-01
7.913080000000000114e-01
7.958298000000000316e-01
8.003514999999999935e-01
8.048733000000000137e-01
8.093951000000000340e-01
8.139167999999999958e-01
8.184386000000000161e-01
8.229602999999999779e-01
8.274820999999999982e-01
8.320039000000000184e-01
8.365255999999999803e-01
8.410474000000000006e-01
8.455690999999999624e-01
8.500908999999999827e-01
8.546127000000000029e-01
8.591343999999999648e-01
8.636561999999999850e-01
8.681778999999999469e-01
8.726996999999999671e-01
8.772214999999999874e-01
8.817431999999999492e-01
8.862649999999999695e-01
8.907867000000000424e-01
8.953084999999999516e-01
8.998302999999999718e-01
9.043520000000000447e-01
9.088737999999999539e-01
9.133955000000000268e-01
9.179173000000000471e-01
9.224390999999999563e-01
9.269608000000000292e-01
9.314826000000000494e-01
9.360043000000000113e-01
9.405261000000000315e-01
9.450479000000000518e-01
9.495696000000000137e-01
9.540914000000000339e-01
9.586130999999999958e-01
9.631349000000000160e-01
9.676567000000000363e-01
9.721783999999999981e-01
9.767002000000000184e-01
9.812218999999999802e-01
9.857437000000000005e-01
9.902655000000000207e-01
9.947871999999999826e-01
9.993090000000000028e-01
1.003830999999999918e+00
1.008351999999999915e+00
1.012874000000000052e+00
1.017395999999999967e+00
1.021918000000000104e+00
1.026440000000000019e+00
1.030961000000000016e+00
1.035482999999999931e+00
1.040005000000000068e+00
1.044526999999999983e+00
1.049047999999999981e+00
1.053569999999999895e+00
1.058092000000000033e+00
1.062613999999999947e+00
1.067134999999999945e+00
1.071657000000000082e+00
1.076178999999999997e+00
1.080700999999999912e+00
1.085221999999999909e+00
1.089744000000000046e+00
1.094265999999999961e+00
1.098788000000000098e+00
1.103309000000000095e+00
1.107831000000000010e+00
1.112352999999999925e+00
1.116875000000000062e+00
1.121396000000000059e+00
1.125917999999999974e+00
1.130439999999999889e+00
1.134962000000000026e+00
1.139483999999999941e+00
1.144004999999999939e+00
1.148527000000000076e+00
1.153048999999999991e+00
1.157570999999999906e+00
1.162091999999999903e+00
1.166614000000000040e+00
1.171135999999999955e+00
1.175658000000000092e+00
1.180179000000000089e+00
1.184701000000000004e+00
1.189222999999999919e+00
1.193745000000000056e+00
1.198266000000000053e+00
1.202787999999999968e+00
1.207310000000000105e+00
1.211832000000000020e+00
1.216353000000000018e+00
1.220874999999999932e+00
1.225397000000000070e+00
1.229918999999999984e+00
1.234440999999999899e+00
1.238961999999999897e+00
1.243484000000000034e+00
1.248005999999999949e+00
1.252528000000000086e+00
1.257049000000000083e+00
1.261570999999999998e+00
1.266092999999999913e+00
1.270615000000000050e+00
1.275136000000000047e+00
1.279657999999999962e+00
1.284180000000000099e+00
1.288702000000000014e+00
1.293223000000000011e+00
1.297744999999999926e+00
1.302267000000000063e+00
1.306788999999999978e+00
1.311309999999999976e+00
1.315831999999999891e+00
1.320354000000000028e+00
1.324875999999999943e+00
1.329396999999999940e+00
1.333919000000000077e+00
1.338440999999999992e+00
1.342962999999999907e+00
1.347485000000000044e+00
1.352006000000000041e+00
1.356527999999999956e+00
1.361050000000000093e+00
1.365572000000000008e+00
1.370093000000000005e+00
1.374614999999999920e+00
1.379137000000000057e+00
1.383658999999999972e+00
1.388179999999999970e+00
1.392702000000000107e+00
1.397224000000000022e+00
1.401745999999999936e+00
1.406266999999999934e+00
1.410789000000000071e+00
1.415310999999999986e+00
1.419832999999999901e+00
1.424353999999999898e+00
1.428876000000000035e+00
1.433397999999999950e+00
1.437920000000000087e+00
1.442441000000000084e+00
1.446962999999999999e+00
1.451484999999999914e+00
1.456007000000000051e+00
1.460528999999999966e+00
1.465049999999999963e+00
1.469572000000000100e+00
1.474094000000000015e+00
1.478615999999999930e+00
1.483136999999999928e+00
1.487659000000000065e+00
1.492180999999999980e+00
1.496702999999999895e+00
1.501223999999999892e+00
1.505746000000000029e+00
1.510267999999999944e+00
1.514790000000000081e+00
1.519311000000000078e+00
1.523832999999999993e+00
1.528354999999999908e+00
1.532877000000000045e+00
1.537398000000000042e+00
1.541919999999999957e+00
1.546442000000000094e+00
1.550964000000000009e+00
1.555485000000000007e+00
1.560006999999999922e+00
1.564529000000000059e+00
1.569050999999999974e+00
1.573573000000000111e+00
1.578094000000000108e+00
1.582616000000000023e+00
1.587137999999999938e+00
1.591660000000000075e+00
1.596181000000000072e+00
1.600702999999999987e+00
1.605224999999999902e+00
1.609747000000000039e+00
1.614268000000000036e+00
1.618789999999999951e+00
1.623312000000000088e+00
1.627834000000000003e+00
1.632355000000000000e+00
1.636876999999999915e+00
1.641399000000000052e+00
1.645920999999999967e+00
1.650441999999999965e+00
1.654964000000000102e+00
1.659486000000000017e+00
1.664007999999999932e+00
1.668528999999999929e+00
1.673051000000000066e+00
1.677572999999999981e+00
1.682094999999999896e+00
1.686617000000000033e+00
1.691138000000000030e+00
1.695659999999999945e+00
1.700182000000000082e+00
1.704703999999999997e+00
1.709224999999999994e+00
1.713746999999999909e+00
1.718269000000000046e+00
1.722790999999999961e+00
1.727311999999999959e+00
1.731834000000000096e+00
1.736356000000000011e+00
1.740877999999999926e+00
1.745398999999999923e+00
1.749921000000000060e+00
1.754442999999999975e+00
1.758964999999999890e+00
1.763486000000000109e+00
1.768008000000000024e+00
1.772529999999999939e+00
1.777052000000000076e+00
1.781573000000000073e+00
1.786094999999999988e+00
1.790616999999999903e+00
1.795139000000000040e+00
1.799660999999999955e+00
1.804181999999999952e+00
1.808704000000000089e+00
1.813226000000000004e+00
1.817747999999999919e+00
1.822268999999999917e+00
1.826791000000000054e+00
1.831312999999999969e+00
1.835835000000000106e+00
1.840356000000000103e+00
1.844878000000000018e+00
1.849399999999999933e+00
1.853922000000000070e+00
1.858443000000000067e+00
1.862964999999999982e+00
1.867486999999999897e+00
1.872009000000000034e+00
1.876530000000000031e+00
1.881051999999999946e+00
1.885574000000000083e+00
1.890095999999999998e+00
1.894616999999999996e+00
1.899138999999999911e+00
1.903661000000000048e+00
1.908182999999999963e+00
1.912705000000000100e+00
1.917226000000000097e+00
1.921748000000000012e+00
1.926269999999999927e+00
1.930792000000000064e+00
1.935313000000000061e+00
1.939834999999999976e+00
1.944356999999999891e+00
1.948879000000000028e+00
1.953400000000000025e+00
1.957921999999999940e+00
1.962444000000000077e+00
1.966965999999999992e+00
1.971486999999999989e+00
1.976008999999999904e+00
1.980531000000000041e+00
1.985052999999999956e+00
1.989573999999999954e+00
1.994096000000000091e+00
1.998618000000000006e+00
2.003140000000000143e+00
2.007661000000000140e+00
2.012182999999999833e+00
2.016704999999999970e+00
2.021227000000000107e+00
2.025748999999999800e+00
2.030269999999999797e+00
2.034791999999999934e+00
2.039314000000000071e+00
2.043836000000000208e+00
2.048357000000000205e+00
2.052878999999999898e+00
2.057401000000000035e+00
2.061923000000000172e+00
2.066444000000000170e+00
2.070965999999999863e+00
2.075488000000000000e+00
2.080010000000000137e+00
2.084531000000000134e+00
2.089052999999999827e+00
2.093574999999999964e+00
2.098097000000000101e+00
2.102618000000000098e+00
2.107139999999999791e+00
2.111661999999999928e+00
2.116184000000000065e+00
2.120705000000000062e+00
2.125227000000000199e+00
2.129748999999999892e+00
2.134271000000000029e+00
2.138793000000000166e+00
2.143314000000000163e+00
2.147835999999999856e+00
2.152357999999999993e+00
2.156880000000000130e+00
2.161401000000000128e+00
2.165922999999999821e+00
2.170444999999999958e+00
2.174967000000000095e+00
2.179488000000000092e+00
2.184009999999999785e+00
2.188531999999999922e+00
2.193054000000000059e+00
2.197575000000000056e+00
2.202097000000000193e+00
2.206618999999999886e+00
2.211141000000000023e+00
2.215662000000000020e+00
2.220184000000000157e+00
2.224705999999999850e+00
2.229227999999999987e+00
2.233748999999999985e+00
2.238271000000000122e+00
2.242792999999999815e+00
2.247314999999999952e+00
2.251837000000000089e+00
2.256358000000000086e+00
2.260879999999999779e+00
2.265401999999999916e+00
2.269924000000000053e+00
2.274445000000000050e+00
2.278967000000000187e+00
2.283488999999999880e+00
2.288011000000000017e+00
2.292532000000000014e+00
2.297054000000000151e+00
2.301575999999999844e+00
2.306097999999999981e+00
2.310618999999999978e+00
2.315141000000000115e+00
2.319662999999999808e+00
2.324184999999999945e+00
2.328705999999999943e+00
2.333228000000000080e+00
2.337750000000000217e+00
2.342271999999999910e+00
2.346792999999999907e+00
2.351315000000000044e+00
2.355837000000000181e+00
2.360358999999999874e+00
2.364881000000000011e+00
2.369402000000000008e+00
2.373924000000000145e+00
2.378445999999999838e+00
2.382967999999999975e+00
2.387488999999999972e+00
2.392011000000000109e+00
2.396532999999999802e+00
2.401054999999999939e+00
2.405575999999999937e+00
2.410098000000000074e+00
2.414620000000000211e+00
2.419141999999999904e+00
2.423662999999999901e+00
2.428185000000000038e+00
2.432707000000000175e+00
2.437228999999999868e+00
2.441749999999999865e+00
2.446272000000000002e+00
2.450794000000000139e+00
2.455315999999999832e+00
2.459836999999999829e+00
2.464358999999999966e+00
2.468881000000000103e+00
2.473402999999999796e+00
2.477924999999999933e+00
2.482445999999999930e+00
2.486968000000000067e+00
2.491490000000000204e+00
2.496011999999999897e+00
2.500532999999999895e+00
2.505055000000000032e+00
2.509577000000000169e+00
2.514098999999999862e+00
2.518619999999999859e+00
2.523141999999999996e+00
2.527664000000000133e+00
2.532185999999999826e+00
2.536706999999999823e+00
2.541228999999999960e+00
2.545751000000000097e+00
2.550272999999999790e+00
2.554793999999999787e+00
2.559315999999999924e+00
2.563838000000000061e+00
2.568360000000000198e+00
2.572881000000000196e+00
2.577402999999999889e+00
2.581925000000000026e+00
2.586447000000000163e+00
2.590968999999999856e+00
2.595489999999999853e+00
2.600011999999999990e+00
2.604534000000000127e+00
2.609055999999999820e+00
2.613576999999999817e+00
2.618098999999999954e+00
2.622621000000000091e+00
2.627142999999999784e+00
2.631663999999999781e+00
2.636185999999999918e+00
2.640708000000000055e+00
2.645230000000000192e+00
2.649751000000000190e+00
2.654272999999999882e+00
2.658795000000000019e+00
2.663317000000000156e+00
2.667838000000000154e+00
2.672359999999999847e+00
2.676881999999999984e+00
2.681404000000000121e+00
2.685925000000000118e+00
2.690446999999999811e+00
2.694968999999999948e+00
2.699491000000000085e+00
2.704013000000000222e+00
2.708534000000000219e+00
2.713055999999999912e+00
2.717578000000000049e+00
2.722100000000000186e+00
2.726621000000000183e+00
2.731142999999999876e+00
2.735665000000000013e+00
2.740187000000000150e+00
2.744708000000000148e+00
2.749229999999999841e+00
2.753751999999999978e+00
2.758274000000000115e+00
2.762795000000000112e+00
2.767316999999999805e+00
2.771838999999999942e+00
2.776361000000000079e+00
2.780882000000000076e+00
2.785404000000000213e+00
2.789925999999999906e+00
2.794448000000000043e+00
2.798969000000000040e+00
2.803491000000000177e+00
2.808012999999999870e+00
2.812535000000000007e+00
2.817057000000000144e+00
2.821578000000000142e+00
2.826099999999999834e+00
2.830621999999999971e+00
2.835144000000000108e+00
2.839665000000000106e+00
2.844186999999999799e+00
2.848708999999999936e+00
2.853231000000000073e+00
2.857752000000000070e+00
2.862274000000000207e+00
2.866795999999999900e+00
2.871318000000000037e+00
2.875839000000000034e+00
2.880361000000000171e+00
2.884882999999999864e+00
2.889405000000000001e+00
2.893925999999999998e+00
2.898448000000000135e+00
2.902969999999999828e+00
2.907491999999999965e+00
2.912012999999999963e+00
2.916535000000000100e+00
2.921056999999999793e+00
2.925578999999999930e+00
2.930101000000000067e+00
2.934622000000000064e+00
2.939144000000000201e+00
2.943665999999999894e+00
2.948188000000000031e+00
2.952709000000000028e+00
2.957231000000000165e+00
2.961752999999999858e+00
2.966274999999999995e+00
2.970795999999999992e+00
2.975318000000000129e+00
2.979839999999999822e+00
2.984361999999999959e+00
2.988882999999999956e+00
2.993405000000000094e+00
2.997926999999999786e+00
3.002448999999999923e+00
3.006969999999999921e+00
3.011492000000000058e+00
3.016014000000000195e+00
3.020535999999999888e+00
3.025056999999999885e+00
3.029579000000000022e+00
3.034101000000000159e+00
3.038622999999999852e+00
3.043144999999999989e+00
3.047665999999999986e+00
3.052188000000000123e+00
3.056709999999999816e+00
3.061231999999999953e+00
3.065752999999999950e+00
3.070275000000000087e+00
3.074796999999999780e+00
3.079318999999999917e+00
3.083839999999999915e+00
3.088362000000000052e+00
3.092884000000000189e+00
3.097405999999999882e+00
3.101926999999999879e+00
3.106449000000000016e+00
3.110971000000000153e+00
3.115492999999999846e+00
3.120013999999999843e+00
3.124535999999999980e+00
3.129058000000000117e+00
3.133579999999999810e+00
3.138100999999999807e+00
3.142622999999999944e+00
3.147145000000000081e+00
3.151667000000000218e+00
3.156188999999999911e+00
3.160709999999999908e+00
3.165232000000000046e+00
3.169754000000000183e+00
3.174275999999999875e+00
3.178796999999999873e+00
3.183319000000000010e+00
3.187841000000000147e+00
3.192362999999999840e+00
3.196883999999999837e+00
3.201405999999999974e+00
3.205928000000000111e+00
3.210449999999999804e+00
3.214970999999999801e+00
3.219492999999999938e+00
3.224015000000000075e+00
3.228537000000000212e+00
3.233058000000000209e+00
3.237579999999999902e+00
3.242102000000000039e+00
3.246624000000000176e+00
3.251145000000000174e+00
3.255666999999999867e+00
3.260189000000000004e+00
3.264711000000000141e+00
3.269232999999999834e+00
3.273753999999999831e+00
3.278275999999999968e+00
3.282798000000000105e+00
3.287319999999999798e+00
3.291840999999999795e+00
3.296362999999999932e+00
3.300885000000000069e+00
3.305407000000000206e+00
3.309928000000000203e+00
3.314449999999999896e+00
3.318972000000000033e+00
3.323494000000000170e+00
3.328015000000000168e+00
3.332536999999999860e+00
3.337058999999999997e+00
3.341581000000000135e+00
3.346102000000000132e+00
3.350623999999999825e+00
3.355145999999999962e+00
3.359668000000000099e+00
3.364189000000000096e+00
3.368710999999999789e+00
3.373232999999999926e+00
3.377755000000000063e+00
3.382277000000000200e+00
3.386798000000000197e+00
3.391319999999999890e+00
3.395842000000000027e+00
3.400364000000000164e+00
3.404885000000000161e+00
3.409406999999999854e+00
3.413928999999999991e+00
3.418451000000000128e+00
3.422972000000000126e+00
3.427493999999999819e+00
3.432015999999999956e+00
3.436538000000000093e+00
3.441059000000000090e+00
3.445580999999999783e+00
3.450102999999999920e+00
3.454625000000000057e+00
3.459146000000000054e+00
3.463668000000000191e+00
3.468189999999999884e+00
3.472712000000000021e+00
3.477234000000000158e+00
3.481755000000000155e+00
3.486276999999999848e+00
3.490798999999999985e+00
3.495321000000000122e+00
3.499842000000000120e+00
3.504363999999999812e+00
3.508885999999999949e+00
3.513408000000000087e+00
3.517929000000000084e+00
3.522451000000000221e+00
3.526972999999999914e+00
3.531495000000000051e+00
3.536016000000000048e+00
3.540538000000000185e+00
3.545059999999999878e+00
3.549582000000000015e+00
3.554103000000000012e+00
3.558625000000000149e+00
3.563146999999999842e+00
3.567668999999999979e+00
3.572189999999999976e+00
3.576712000000000113e+00
3.581233999999999806e+00
3.585755999999999943e+00
3.590278000000000080e+00
3.594799000000000078e+00
3.599321000000000215e+00
3.603842999999999908e+00
3.608365000000000045e+00
3.612886000000000042e+00
3.617408000000000179e+00
3.621929999999999872e+00
3.626452000000000009e+00
3.630973000000000006e+00
3.635495000000000143e+00
3.640016999999999836e+00
3.644538999999999973e+00
3.649059999999999970e+00
3.653582000000000107e+00
3.658103999999999800e+00
3.662625999999999937e+00
3.667146999999999935e+00
3.671669000000000072e+00
3.676191000000000209e+00
3.680712999999999901e+00
3.685233999999999899e+00
3.689756000000000036e+00
3.694278000000000173e+00
3.698799999999999866e+00
3.703322000000000003e+00
3.707843000000000000e+00
3.712365000000000137e+00
3.716886999999999830e+00
3.721408999999999967e+00
3.725929999999999964e+00
3.730452000000000101e+00
3.734973999999999794e+00
3.739495999999999931e+00
3.744016999999999928e+00
3.748539000000000065e+00
3.753061000000000202e+00
3.757582999999999895e+00
3.762103999999999893e+00
3.766626000000000030e+00
3.771148000000000167e+00
3.775669999999999860e+00
3.780190999999999857e+00
3.784712999999999994e+00
3.789235000000000131e+00
3.793756999999999824e+00
3.798277999999999821e+00
3.802799999999999958e+00
3.807322000000000095e+00
3.811843999999999788e+00
3.816365999999999925e+00
3.820886999999999922e+00
3.825409000000000059e+00
3.829931000000000196e+00
3.834452999999999889e+00
3.838973999999999887e+00
3.843496000000000024e+00
3.848018000000000161e+00
3.852539999999999853e+00
3.857060999999999851e+00
3.861582999999999988e+00
3.866105000000000125e+00
3.870626999999999818e+00
3.875147999999999815e+00
3.879669999999999952e+00
3.884192000000000089e+00
3.888713999999999782e+00
3.893234999999999779e+00
3.897756999999999916e+00
3.902279000000000053e+00
3.906801000000000190e+00
3.911322000000000187e+00
3.915843999999999880e+00
3.920366000000000017e+00
3.924888000000000154e+00
3.929409999999999847e+00
3.933930999999999845e+00
3.938452999999999982e+00
3.942975000000000119e+00
3.947496999999999812e+00
3.952017999999999809e+00
3.956539999999999946e+00
3.961062000000000083e+00
3.965584000000000220e+00
3.970105000000000217e+00
3.974626999999999910e+00
3.979149000000000047e+00
3.983671000000000184e+00
3.988192000000000181e+00
3.992713999999999874e+00
3.997236000000000011e+00
4.001757999999999704e+00
4.006279000000000146e+00
4.010800999999999839e+00
4.015323000000000420e+00
4.019845000000000113e+00
4.024365999999999666e+00
4.028888000000000247e+00
4.033409999999999940e+00
4.037931999999999633e+00
4.042454000000000214e+00
4.046974999999999767e+00
4.051497000000000348e+00
4.056019000000000041e+00
4.060540999999999734e+00
4.065062000000000175e+00
4.069583999999999868e+00
4.074105999999999561e+00
4.078628000000000142e+00
4.083148999999999695e+00
4.087671000000000276e+00
4.092192999999999969e+00
4.096714999999999662e+00
4.101236000000000104e+00
4.105757999999999797e+00
4.110280000000000378e+00
4.114802000000000071e+00
4.119322999999999624e+00
4.123845000000000205e+00
4.128366999999999898e+00
4.132888999999999591e+00
4.137410000000000032e+00
4.141931999999999725e+00
4.146454000000000306e+00
4.150975999999999999e+00
4.155497999999999692e+00
4.160019000000000133e+00
4.164540999999999826e+00
4.169063000000000407e+00
4.173585000000000100e+00
4.178105999999999653e+00
4.182628000000000235e+00
4.187149999999999928e+00
4.191671999999999620e+00
4.196193000000000062e+00
4.200714999999999755e+00
4.205237000000000336e+00
4.209759000000000029e+00
4.214279999999999582e+00
4.218802000000000163e+00
4.223323999999999856e+00
4.227846000000000437e+00
4.232366999999999990e+00
4.236888999999999683e+00
4.241411000000000264e+00
4.245932999999999957e+00
4.250454000000000399e+00
4.254976000000000091e+00
4.259497999999999784e+00
4.264020000000000366e+00
4.268542000000000058e+00
4.273062999999999612e+00
4.277585000000000193e+00
4.282106999999999886e+00
4.286628999999999579e+00
4.291150000000000020e+00
4.295671999999999713e+00
4.300194000000000294e+00
4.304715999999999987e+00
4.309237000000000428e+00
4.313759000000000121e+00
4.318280999999999814e+00
4.322803000000000395e+00
4.327323999999999948e+00
4.331845999999999641e+00
4.336368000000000222e+00
4.340889999999999915e+00
4.345411000000000357e+00
4.349933000000000050e+00
4.354454999999999742e+00
4.358977000000000324e+00
4.363497999999999877e+00
4.368019999999999570e+00
4.372542000000000151e+00
4.377063999999999844e+00
4.381586000000000425e+00
4.386106999999999978e+00
4.390628999999999671e+00
4.395151000000000252e+00
4.399672999999999945e+00
4.404194000000000386e+00
4.408716000000000079e+00
4.413237999999999772e+00
4.417760000000000353e+00
4.422280999999999906e+00
4.426802999999999599e+00
4.431325000000000180e+00
4.435846999999999873e+00
4.440368000000000315e+00
4.444890000000000008e+00
4.449411999999999701e+00
4.453934000000000282e+00
4.458454999999999835e+00
4.462977000000000416e+00
4.467499000000000109e+00
4.472020999999999802e+00
4.476542000000000243e+00
4.481063999999999936e+00
4.485585999999999629e+00
4.490108000000000210e+00
4.494629999999999903e+00
4.499151000000000344e+00
4.503673000000000037e+00
4.508194999999999730e+00
4.512717000000000311e+00
4.517237999999999865e+00
