0.000000000000000000e+00
3.952001000000000125e-03
7.904001000000000776e-03
1.185600000000000022e-02
1.580799999999999914e-02
1.975999999999999979e-02
2.371200000000000044e-02
2.766400000000000109e-02
3.161600999999999995e-02
3.556800999999999713e-02
3.952001000000000125e-02
4.347200999999999843e-02
4.742401000000000255e-02
5.137600999999999973e-02
5.532800999999999692e-02
5.928001000000000104e-02
6.323201000000000516e-02
6.718401000000000234e-02
7.113600999999999952e-02
7.508800999999999670e-02
7.904000999999999388e-02
8.299201000000000494e-02
8.694401000000000213e-02
9.089600999999999931e-02
9.484802000000000510e-02
9.880002000000000228e-02
1.027519999999999961e-01
1.067039999999999933e-01
1.106560000000000044e-01
1.146080000000000015e-01
1.185599999999999987e-01
1.225119999999999959e-01
1.264639999999999931e-01
1.304160000000000041e-01
1.343679999999999874e-01
1.383199999999999985e-01
1.422720000000000096e-01
1.462239999999999929e-01
1.501760000000000039e-01
1.541279999999999872e-01
1.580799999999999983e-01
1.620320000000000094e-01
1.659839999999999927e-01
1.699360000000000037e-01
1.738879999999999870e-01
1.778399999999999981e-01
1.817920000000000091e-01
1.857439999999999924e-01
1.896960000000000035e-01
1.936479999999999868e-01
1.975999999999999979e-01
2.015520000000000089e-01
2.055039999999999922e-01
2.094560000000000033e-01
2.134079999999999866e-01
2.173599999999999977e-01
2.213120000000000087e-01
2.252639999999999920e-01
2.292160000000000031e-01
2.331679999999999864e-01
2.371199999999999974e-01
2.410720000000000085e-01
2.450239999999999918e-01
2.489760000000000029e-01
2.529279999999999862e-01
2.568799999999999972e-01
2.608320000000000083e-01
2.647840000000000193e-01
2.687359999999999749e-01
2.726879999999999860e-01
2.766399999999999970e-01
2.805920000000000081e-01
2.845440000000000191e-01
2.884959999999999747e-01
2.924479999999999857e-01
2.963999999999999968e-01
3.003520000000000079e-01
3.043040000000000189e-01
3.082559999999999745e-01
3.122080999999999884e-01
3.161600999999999995e-01
3.201121000000000105e-01
3.240641000000000216e-01
3.280160999999999771e-01
3.319680999999999882e-01
3.359200999999999993e-01
3.398721000000000103e-01
3.438241000000000214e-01
3.477760999999999769e-01
3.517280999999999880e-01
3.556800999999999990e-01
3.596321000000000101e-01
3.635841000000000212e-01
3.675360999999999767e-01
3.714880999999999878e-01
3.754400999999999988e-01
3.793921000000000099e-01
3.833441000000000209e-01
3.872960999999999765e-01
3.912480999999999876e-01
3.952000999999999986e-01
3.991521000000000097e-01
4.031041000000000207e-01
4.070560999999999763e-01
4.110080999999999873e-01
4.149600999999999984e-01
4.189121000000000095e-01
4.228641000000000205e-01
4.268160999999999761e-01
4.307680999999999871e-01
4.347200999999999982e-01
4.386721000000000092e-01
4.426241000000000203e-01
4.465760999999999759e-01
4.505280999999999869e-01
4.544800999999999980e-01
4.584321000000000090e-01
4.623841000000000201e-01
4.663360999999999756e-01
4.702880999999999867e-01
4.742400999999999978e-01
4.781921000000000088e-01
4.821441000000000199e-01
4.860960999999999754e-01
4.900480999999999865e-01
4.940000999999999975e-01
4.979521000000000086e-01
5.019040999999999642e-01
5.058561000000000307e-01
5.098080999999999863e-01
5.137601000000000528e-01
5.177121000000000084e-01
5.216640999999999639e-01
5.256161000000000305e-01
5.295680999999999861e-01
5.335201000000000526e-01
5.374721000000000082e-01
5.414240999999999637e-01
5.453761000000000303e-01
5.493280999999999858e-01
5.532801000000000524e-01
5.572321000000000080e-01
5.611840999999999635e-01
5.651361000000000301e-01
5.690880999999999856e-01
5.730401000000000522e-01
5.769921000000000078e-01
5.809440999999999633e-01
5.848961000000000299e-01
5.888480999999999854e-01
5.928001000000000520e-01
5.967521000000000075e-01
6.007040999999999631e-01
6.046561000000000297e-01
6.086080999999999852e-01
6.125601000000000518e-01
6.165121000000000073e-01
6.204640999999999629e-01
6.244161000000000294e-01
6.283680999999999850e-01
6.323201000000000516e-01
6.362721000000000071e-01
6.402240999999999627e-01
6.441761000000000292e-01
6.481280999999999848e-01
6.520801000000000514e-01
6.560321000000000069e-01
6.599840999999999624e-01
6.639361000000000290e-01
6.678880999999999846e-01
6.718401000000000511e-01
6.757921000000000067e-01
6.797440999999999622e-01
6.836961000000000288e-01
6.876480999999999844e-01
6.916001000000000509e-01
6.955521000000000065e-01
6.995040999999999620e-01
7.034561000000000286e-01
7.074080999999999841e-01
7.113601000000000507e-01
7.153121000000000063e-01
7.192640999999999618e-01
7.232161000000000284e-01
7.271680999999999839e-01
7.311201000000000505e-01
7.350721000000000060e-01
7.390240999999999616e-01
7.429761000000000282e-01
7.469280999999999837e-01
7.508801000000000503e-01
7.548321000000000058e-01
7.587840999999999614e-01
7.627361000000000280e-01
7.666880999999999835e-01
7.706401000000000501e-01
7.745921000000000056e-01
7.785440999999999612e-01
7.824961000000000277e-01
7.864480999999999833e-01
7.904001000000000499e-01
7.943521000000000054e-01
7.983040999999999610e-01
8.022561000000000275e-01
8.062080999999999831e-01
8.101601000000000496e-01
8.141121000000000052e-01
8.180640999999999607e-01
8.220161000000000273e-01
8.259680999999999829e-01
8.299201000000000494e-01
8.338721000000000050e-01
8.378240999999999605e-01
8.417761000000000271e-01
8.457280999999999826e-01
8.496801000000000492e-01
8.536321000000000048e-01
8.575840999999999603e-01
8.615361000000000269e-01
8.654880999999999824e-01
8.694401000000000490e-01
8.733921000000000046e-01
8.773440999999999601e-01
8.812961000000000267e-01
8.852480999999999822e-01
8.892001000000000488e-01
8.931521000000000043e-01
8.971040999999999599e-01
9.010561000000000265e-01
9.050080999999999820e-01
9.089601000000000486e-01
9.129121000000000041e-01
9.168640999999999597e-01
9.208161000000000262e-01
9.247680999999999818e-01
9.287201000000000484e-01
9.326721999999999513e-01
9.366242000000000179e-01
9.405761999999999734e-01
9.445282000000000400e-01
9.484801999999999955e-01
9.524321999999999511e-01
9.563842000000000176e-01
9.603361999999999732e-01
9.642882000000000398e-01
9.682401999999999953e-01
9.721921999999999509e-01
9.761442000000000174e-01
9.800961999999999730e-01
9.840482000000000395e-01
9.880001999999999951e-01
9.919521999999999506e-01
9.959042000000000172e-01
9.998561999999999728e-01
1.003808000000000034e+00
1.007759999999999989e+00
1.011711999999999945e+00
1.015663999999999900e+00
1.019616000000000078e+00
1.023568000000000033e+00
1.027519999999999989e+00
1.031471999999999944e+00
1.035423999999999900e+00
1.039376000000000078e+00
1.043328000000000033e+00
1.047279999999999989e+00
1.051231999999999944e+00
1.055183999999999900e+00
1.059136000000000077e+00
1.063088000000000033e+00
1.067039999999999988e+00
1.070991999999999944e+00
1.074943999999999900e+00
1.078896000000000077e+00
1.082848000000000033e+00
1.086799999999999988e+00
1.090751999999999944e+00
1.094703999999999899e+00
1.098656000000000077e+00
1.102608000000000033e+00
1.106559999999999988e+00
1.110511999999999944e+00
1.114463999999999899e+00
1.118416000000000077e+00
1.122368000000000032e+00
1.126319999999999988e+00
1.130271999999999943e+00
1.134223999999999899e+00
1.138176000000000077e+00
1.142128000000000032e+00
1.146079999999999988e+00
1.150031999999999943e+00
1.153983999999999899e+00
1.157936000000000076e+00
1.161888000000000032e+00
1.165839999999999987e+00
1.169791999999999943e+00
1.173743999999999899e+00
1.177696000000000076e+00
1.181648000000000032e+00
1.185599999999999987e+00
1.189551999999999943e+00
1.193503999999999898e+00
1.197456000000000076e+00
1.201408000000000031e+00
1.205359999999999987e+00
1.209311999999999943e+00
1.213263999999999898e+00
1.217216000000000076e+00
1.221168000000000031e+00
1.225119999999999987e+00
1.229071999999999942e+00
1.233023999999999898e+00
1.236976000000000075e+00
1.240928000000000031e+00
1.244879999999999987e+00
1.248831999999999942e+00
1.252783999999999898e+00
1.256736000000000075e+00
1.260688000000000031e+00
1.264639999999999986e+00
1.268591999999999942e+00
1.272543999999999897e+00
1.276496000000000075e+00
1.280448000000000031e+00
1.284399999999999986e+00
1.288351999999999942e+00
1.292303999999999897e+00
1.296256000000000075e+00
1.300208000000000030e+00
1.304159999999999986e+00
1.308111999999999941e+00
1.312063999999999897e+00
1.316016000000000075e+00
1.319968000000000030e+00
1.323919999999999986e+00
1.327871999999999941e+00
1.331823999999999897e+00
1.335776000000000074e+00
1.339728000000000030e+00
1.343679999999999986e+00
1.347631999999999941e+00
1.351583999999999897e+00
1.355536000000000074e+00
1.359488000000000030e+00
1.363439999999999985e+00
1.367391999999999941e+00
1.371343999999999896e+00
1.375296000000000074e+00
1.379248000000000030e+00
1.383199999999999985e+00
1.387151999999999941e+00
1.391103999999999896e+00
1.395056000000000074e+00
1.399008000000000029e+00
1.402959999999999985e+00
1.406911999999999940e+00
1.410863999999999896e+00
1.414816000000000074e+00
1.418768000000000029e+00
1.422719999999999985e+00
1.426671999999999940e+00
1.430623999999999896e+00
1.434576000000000073e+00
1.438528000000000029e+00
1.442479999999999984e+00
1.446431999999999940e+00
1.450383999999999896e+00
1.454336000000000073e+00
1.458288000000000029e+00
1.462239999999999984e+00
1.466191999999999940e+00
1.470143999999999895e+00
1.474096000000000073e+00
1.478048000000000028e+00
1.481999999999999984e+00
1.485951999999999940e+00
1.489903999999999895e+00
1.493856000000000073e+00
1.497808000000000028e+00
1.501759999999999984e+00
1.505711999999999939e+00
1.509663999999999895e+00
1.513616000000000072e+00
1.517568000000000028e+00
1.521519999999999984e+00
1.525471999999999939e+00
1.529423999999999895e+00
1.533376000000000072e+00
1.537328000000000028e+00
1.541279999999999983e+00
1.545231999999999939e+00
1.549183999999999894e+00
1.553136000000000072e+00
1.557088000000000028e+00
1.561039999999999983e+00
1.564991999999999939e+00
1.568943999999999894e+00
1.572896000000000072e+00
1.576848000000000027e+00
1.580799999999999983e+00
1.584751999999999938e+00
1.588703999999999894e+00
1.592656000000000072e+00
1.596608000000000027e+00
1.600559999999999983e+00
1.604511999999999938e+00
1.608463999999999894e+00
1.612416000000000071e+00
1.616368000000000027e+00
1.620319999999999983e+00
1.624271999999999938e+00
1.628223999999999894e+00
1.632176000000000071e+00
1.636128000000000027e+00
1.640079999999999982e+00
1.644031999999999938e+00
1.647983999999999893e+00
1.651936000000000071e+00
1.655888000000000027e+00
1.659839999999999982e+00
1.663791999999999938e+00
1.667743999999999893e+00
1.671696000000000071e+00
1.675648000000000026e+00
1.679599999999999982e+00
1.683551999999999937e+00
1.687503999999999893e+00
1.691456000000000071e+00
1.695408000000000026e+00
1.699359999999999982e+00
1.703311999999999937e+00
1.707263999999999893e+00
1.711216000000000070e+00
1.715168000000000026e+00
1.719119999999999981e+00
1.723071999999999937e+00
1.727023999999999893e+00
1.730976000000000070e+00
1.734928000000000026e+00
1.738879999999999981e+00
1.742831999999999937e+00
1.746783999999999892e+00
1.750736000000000070e+00
1.754688000000000025e+00
1.758639999999999981e+00
1.762591999999999937e+00
1.766543999999999892e+00
1.770496000000000070e+00
1.774448000000000025e+00
1.778399999999999981e+00
1.782351999999999936e+00
1.786303999999999892e+00
1.790256000000000070e+00
1.794208000000000025e+00
1.798159999999999981e+00
1.802111999999999936e+00
1.806063999999999892e+00
1.810016000000000069e+00
1.813968000000000025e+00
1.817919999999999980e+00
1.821871999999999936e+00
1.825823999999999891e+00
1.829776000000000069e+00
1.833728000000000025e+00
1.837679999999999980e+00
1.841631999999999936e+00
1.845583999999999891e+00
1.849536000000000069e+00
1.853488000000000024e+00
1.857439999999999980e+00
1.861391999999999936e+00
1.865343999999999891e+00
1.869296000000000069e+00
1.873248000000000024e+00
1.877199999999999980e+00
1.881151999999999935e+00
1.885103999999999891e+00
1.889056000000000068e+00
1.893008000000000024e+00
1.896959999999999980e+00
1.900911999999999935e+00
1.904863999999999891e+00
1.908816000000000068e+00
1.912768000000000024e+00
1.916719999999999979e+00
1.920671999999999935e+00
1.924623999999999890e+00
1.928576000000000068e+00
1.932528000000000024e+00
1.936479999999999979e+00
1.940431999999999935e+00
1.944383999999999890e+00
1.948336000000000068e+00
1.952288000000000023e+00
1.956239999999999979e+00
1.960191999999999934e+00
1.964143999999999890e+00
1.968096000000000068e+00
1.972048000000000023e+00
1.975999999999999979e+00
1.979951999999999934e+00
1.983903999999999890e+00
1.987856000000000067e+00
1.991808000000000023e+00
1.995759999999999978e+00
1.999711999999999934e+00
2.003664000000000112e+00
2.007616000000000067e+00
2.011568000000000023e+00
2.015519999999999978e+00
2.019471999999999934e+00
2.023423999999999889e+00
2.027375999999999845e+00
2.031327999999999800e+00
2.035280000000000200e+00
2.039232000000000156e+00
2.043184000000000111e+00
2.047136000000000067e+00
2.051088000000000022e+00
2.055039999999999978e+00
2.058991999999999933e+00
2.062943999999999889e+00
2.066895999999999844e+00
2.070847999999999800e+00
2.074800000000000200e+00
2.078752000000000155e+00
2.082704000000000111e+00
2.086656000000000066e+00
2.090608000000000022e+00
2.094559999999999977e+00
2.098511999999999933e+00
2.102463999999999889e+00
2.106415999999999844e+00
2.110367999999999800e+00
2.114320000000000199e+00
2.118272000000000155e+00
2.122224000000000110e+00
2.126176000000000066e+00
2.130128000000000021e+00
2.134079999999999977e+00
2.138031999999999933e+00
2.141983999999999888e+00
2.145935999999999844e+00
2.149887999999999799e+00
2.153840000000000199e+00
2.157792000000000154e+00
2.161744000000000110e+00
2.165696000000000065e+00
2.169648000000000021e+00
2.173599999999999977e+00
2.177551999999999932e+00
2.181503999999999888e+00
2.185455999999999843e+00
2.189407999999999799e+00
2.193360000000000198e+00
2.197312000000000154e+00
2.201264000000000109e+00
2.205216000000000065e+00
2.209168000000000021e+00
2.213119999999999976e+00
2.217071999999999932e+00
2.221023999999999887e+00
2.224975999999999843e+00
2.228927999999999798e+00
2.232880000000000198e+00
2.236832000000000154e+00
2.240784000000000109e+00
2.244736000000000065e+00
2.248688000000000020e+00
2.252639999999999976e+00
2.256591999999999931e+00
2.260543999999999887e+00
2.264495999999999842e+00
2.268447999999999798e+00
2.272400000000000198e+00
2.276352000000000153e+00
2.280304000000000109e+00
2.284256000000000064e+00
2.288208000000000020e+00
2.292159999999999975e+00
2.296111999999999931e+00
2.300063999999999886e+00
2.304015999999999842e+00
2.307967999999999797e+00
2.311920000000000197e+00
2.315872000000000153e+00
2.319824000000000108e+00
2.323776000000000064e+00
2.327728000000000019e+00
2.331679999999999975e+00
2.335631999999999930e+00
2.339583999999999886e+00
2.343535999999999841e+00
2.347487999999999797e+00
2.351440000000000197e+00
2.355392000000000152e+00
2.359344000000000108e+00
2.363296000000000063e+00
2.367248000000000019e+00
2.371199999999999974e+00
2.375151999999999930e+00
2.379103999999999886e+00
2.383055999999999841e+00
2.387007999999999797e+00
2.390960000000000196e+00
2.394912000000000152e+00
2.398864000000000107e+00
2.402816000000000063e+00
2.406768000000000018e+00
2.410719999999999974e+00
2.414671999999999930e+00
2.418623999999999885e+00
2.422575999999999841e+00
2.426527999999999796e+00
2.430480000000000196e+00
2.434432000000000151e+00
2.438384000000000107e+00
2.442336000000000062e+00
2.446288000000000018e+00
2.450239999999999974e+00
2.454191999999999929e+00
2.458143999999999885e+00
2.462095999999999840e+00
2.466047999999999796e+00
2.470000000000000195e+00
2.473952000000000151e+00
2.477904000000000106e+00
2.481856000000000062e+00
2.485808000000000018e+00
2.489759999999999973e+00
2.493711999999999929e+00
2.497663999999999884e+00
2.501615999999999840e+00
2.505567999999999795e+00
2.509520000000000195e+00
2.513472000000000151e+00
2.517424000000000106e+00
2.521376000000000062e+00
2.525328000000000017e+00
2.529279999999999973e+00
2.533231999999999928e+00
2.537183999999999884e+00
2.541135999999999839e+00
2.545087999999999795e+00
2.549040000000000195e+00
2.552992000000000150e+00
2.556944000000000106e+00
2.560896000000000061e+00
2.564848000000000017e+00
2.568799999999999972e+00
2.572751999999999928e+00
2.576703999999999883e+00
2.580655999999999839e+00
2.584607999999999794e+00
2.588560000000000194e+00
2.592512000000000150e+00
2.596464000000000105e+00
2.600416000000000061e+00
2.604368000000000016e+00
2.608319999999999972e+00
2.612271999999999927e+00
2.616223999999999883e+00
2.620175999999999839e+00
2.624127999999999794e+00
2.628080000000000194e+00
2.632032000000000149e+00
2.635984000000000105e+00
2.639936000000000060e+00
2.643888000000000016e+00
2.647839999999999971e+00
2.651791999999999927e+00
2.655743999999999883e+00
2.659695999999999838e+00
2.663647999999999794e+00
2.667600000000000193e+00
2.671552000000000149e+00
2.675504000000000104e+00
2.679456000000000060e+00
2.683408000000000015e+00
2.687359999999999971e+00
2.691311999999999927e+00
2.695263999999999882e+00
2.699215999999999838e+00
2.703167999999999793e+00
2.707120000000000193e+00
2.711072000000000148e+00
2.715024000000000104e+00
2.718976000000000059e+00
2.722928000000000015e+00
2.726879999999999971e+00
2.730831999999999926e+00
2.734783999999999882e+00
2.738735999999999837e+00
2.742687999999999793e+00
2.746640000000000192e+00
2.750592000000000148e+00
2.754544000000000104e+00
2.758496000000000059e+00
2.762448000000000015e+00
2.766399999999999970e+00
2.770351999999999926e+00
2.774303999999999881e+00
2.778255999999999837e+00
2.782207999999999792e+00
2.786160000000000192e+00
2.790112000000000148e+00
2.794064000000000103e+00
2.798016000000000059e+00
2.801968000000000014e+00
2.805919999999999970e+00
2.809871999999999925e+00
2.813823999999999881e+00
2.817775999999999836e+00
2.821727999999999792e+00
2.825680000000000192e+00
2.829632000000000147e+00
2.833584000000000103e+00
2.837536000000000058e+00
2.841488000000000014e+00
2.845439999999999969e+00
2.849391999999999925e+00
2.853343999999999880e+00
2.857295999999999836e+00
2.861247999999999791e+00
2.865200000000000191e+00
2.869152000000000147e+00
2.873104000000000102e+00
2.877056000000000058e+00
2.881008000000000013e+00
2.884959999999999969e+00
2.888911999999999924e+00
2.892863999999999880e+00
2.896815999999999836e+00
2.900767999999999791e+00
2.904720000000000191e+00
2.908672000000000146e+00
2.912624000000000102e+00
2.916576000000000057e+00
2.920528000000000013e+00
2.924479999999999968e+00
2.928431999999999924e+00
2.932383999999999880e+00
2.936335999999999835e+00
2.940287999999999791e+00
2.944240000000000190e+00
2.948192000000000146e+00
2.952144000000000101e+00
2.956096000000000057e+00
2.960048000000000012e+00
2.963999999999999968e+00
2.967951999999999924e+00
2.971903999999999879e+00
2.975855999999999835e+00
2.979807999999999790e+00
2.983760000000000190e+00
2.987712000000000145e+00
2.991664000000000101e+00
2.995616000000000057e+00
2.999568000000000012e+00
3.003519999999999968e+00
3.007471999999999923e+00
3.011423999999999879e+00
3.015375999999999834e+00
3.019327999999999790e+00
3.023280000000000189e+00
3.027232000000000145e+00
3.031184000000000101e+00
3.035136000000000056e+00
3.039088000000000012e+00
3.043039999999999967e+00
3.046991999999999923e+00
3.050943999999999878e+00
3.054895999999999834e+00
3.058847999999999789e+00
3.062800000000000189e+00
3.066752000000000145e+00
3.070704000000000100e+00
3.074656000000000056e+00
3.078608000000000011e+00
3.082559999999999967e+00
3.086511999999999922e+00
3.090463999999999878e+00
3.094415999999999833e+00
3.098367999999999789e+00
3.102320999999999884e+00
3.106272999999999840e+00
3.110224999999999795e+00
3.114177000000000195e+00
3.118129000000000151e+00
3.122081000000000106e+00
3.126033000000000062e+00
3.129985000000000017e+00
3.133936999999999973e+00
3.137888999999999928e+00
3.141840999999999884e+00
3.145792999999999839e+00
3.149744999999999795e+00
3.153697000000000195e+00
3.157649000000000150e+00
3.161601000000000106e+00
3.165553000000000061e+00
3.169505000000000017e+00
3.173456999999999972e+00
3.177408999999999928e+00
3.181360999999999883e+00
3.185312999999999839e+00
3.189264999999999795e+00
3.193217000000000194e+00
3.197169000000000150e+00
3.201121000000000105e+00
3.205073000000000061e+00
3.209025000000000016e+00
3.212976999999999972e+00
3.216928999999999927e+00
3.220880999999999883e+00
3.224832999999999839e+00
3.228784999999999794e+00
3.232737000000000194e+00
3.236689000000000149e+00
3.240641000000000105e+00
3.244593000000000060e+00
3.248545000000000016e+00
3.252496999999999971e+00
3.256448999999999927e+00
3.260400999999999883e+00
3.264352999999999838e+00
3.268304999999999794e+00
3.272257000000000193e+00
3.276209000000000149e+00
3.280161000000000104e+00
3.284113000000000060e+00
3.288065000000000015e+00
3.292016999999999971e+00
3.295968999999999927e+00
3.299920999999999882e+00
3.303872999999999838e+00
3.307824999999999793e+00
3.311777000000000193e+00
3.315729000000000148e+00
3.319681000000000104e+00
3.323633000000000060e+00
3.327585000000000015e+00
3.331536999999999971e+00
3.335488999999999926e+00
3.339440999999999882e+00
3.343392999999999837e+00
3.347344999999999793e+00
3.351297000000000192e+00
3.355249000000000148e+00
3.359201000000000104e+00
3.363153000000000059e+00
3.367105000000000015e+00
3.371056999999999970e+00
3.375008999999999926e+00
3.378960999999999881e+00
3.382912999999999837e+00
3.386864999999999792e+00
3.390817000000000192e+00
3.394769000000000148e+00
3.398721000000000103e+00
3.402673000000000059e+00
3.406625000000000014e+00
3.410576999999999970e+00
3.414528999999999925e+00
3.418480999999999881e+00
3.422432999999999836e+00
3.426384999999999792e+00
3.430337000000000192e+00
3.434289000000000147e+00
3.438241000000000103e+00
3.442193000000000058e+00
3.446145000000000014e+00
3.450096999999999969e+00
3.454048999999999925e+00
3.458000999999999880e+00
3.461952999999999836e+00
3.465904999999999792e+00
3.469857000000000191e+00
3.473809000000000147e+00
3.477761000000000102e+00
3.481713000000000058e+00
3.485665000000000013e+00
3.489616999999999969e+00
3.493568999999999924e+00
3.497520999999999880e+00
3.501472999999999836e+00
3.505424999999999791e+00
3.509377000000000191e+00
3.513329000000000146e+00
3.517281000000000102e+00
3.521233000000000057e+00
3.525185000000000013e+00
3.529136999999999968e+00
3.533088999999999924e+00
3.537040999999999880e+00
3.540992999999999835e+00
3.544944999999999791e+00
3.548897000000000190e+00
3.552849000000000146e+00
3.556801000000000101e+00
3.560753000000000057e+00
3.564705000000000013e+00
3.568656999999999968e+00
3.572608999999999924e+00
3.576560999999999879e+00
3.580512999999999835e+00
3.584464999999999790e+00
3.588417000000000190e+00
3.592369000000000145e+00
3.596321000000000101e+00
3.600273000000000057e+00
3.604225000000000012e+00
3.608176999999999968e+00
3.612128999999999923e+00
3.616080999999999879e+00
3.620032999999999834e+00
3.623984999999999790e+00
3.627937000000000189e+00
3.631889000000000145e+00
3.635841000000000101e+00
3.639793000000000056e+00
3.643745000000000012e+00
3.647696999999999967e+00
3.651648999999999923e+00
3.655600999999999878e+00
3.659552999999999834e+00
3.663504999999999789e+00
3.667457000000000189e+00
3.671409000000000145e+00
3.675361000000000100e+00
3.679313000000000056e+00
3.683265000000000011e+00
3.687216999999999967e+00
3.691168999999999922e+00
3.695120999999999878e+00
3.699072999999999833e+00
3.703024999999999789e+00
3.706977000000000189e+00
3.710929000000000144e+00
3.714881000000000100e+00
3.718833000000000055e+00
3.722785000000000011e+00
3.726736999999999966e+00
3.730688999999999922e+00
3.734640999999999877e+00
3.738592999999999833e+00
3.742544999999999789e+00
3.746497000000000188e+00
3.750449000000000144e+00
3.754401000000000099e+00
3.758353000000000055e+00
3.762305000000000010e+00
3.766256999999999966e+00
3.770208999999999921e+00
3.774160999999999877e+00
3.778112999999999833e+00
3.782064999999999788e+00
3.786017000000000188e+00
3.789969000000000143e+00
3.793921000000000099e+00
3.797873000000000054e+00
3.801825000000000010e+00
3.805776999999999965e+00
3.809728999999999921e+00
3.813680999999999877e+00
3.817632999999999832e+00
3.821584999999999788e+00
3.825537000000000187e+00
3.829489000000000143e+00
3.833441000000000098e+00
3.837393000000000054e+00
3.841345000000000010e+00
3.845296999999999965e+00
3.849248999999999921e+00
3.853200999999999876e+00
3.857152999999999832e+00
3.861104999999999787e+00
3.865057000000000187e+00
3.869009000000000142e+00
3.872961000000000098e+00
3.876913000000000054e+00
3.880865000000000009e+00
3.884816999999999965e+00
3.888768999999999920e+00
3.892720999999999876e+00
3.896672999999999831e+00
3.900624999999999787e+00
3.904577000000000186e+00
3.908529000000000142e+00
3.912481000000000098e+00
3.916433000000000053e+00
3.920385000000000009e+00
3.924336999999999964e+00
3.928288999999999920e+00
3.932240999999999875e+00
3.936192999999999831e+00
3.940144999999999786e+00
3.944097000000000186e+00
3.948049000000000142e+00
