0.000000000000000000e+00
4.368696000000000038e-03
8.737392999999999549e-03
1.310609000000000079e-02
1.747479000000000046e-02
2.184347999999999845e-02
2.621218000000000159e-02
3.058086999999999958e-02
3.494956999999999925e-02
3.931827000000000238e-02
4.368695999999999691e-02
4.805566000000000004e-02
5.242436000000000318e-02
5.679304999999999770e-02
6.116175000000000084e-02
6.553043999999999536e-02
6.989913999999999850e-02
7.426784000000000163e-02
7.863652999999999615e-02
8.300522999999999929e-02
8.737393000000000243e-02
9.174261999999999695e-02
9.611132000000000009e-02
1.004799999999999999e-01
1.048487000000000030e-01
1.092174000000000061e-01
1.135860999999999954e-01
1.179547999999999985e-01
1.223235000000000017e-01
1.266922000000000048e-01
1.310609000000000079e-01
1.354296000000000111e-01
1.397982999999999865e-01
1.441669999999999896e-01
1.485356999999999927e-01
1.529043999999999959e-01
1.572730999999999990e-01
1.616418000000000021e-01
1.660105000000000053e-01
1.703792000000000084e-01
1.747479000000000116e-01
1.791165000000000118e-01
1.834851999999999872e-01
1.878538999999999903e-01
1.922225999999999935e-01
1.965912999999999966e-01
2.009599999999999997e-01
2.053287000000000029e-01
2.096974000000000060e-01
2.140661000000000092e-01
2.184348000000000123e-01
2.228034999999999877e-01
2.271721999999999908e-01
2.315408999999999939e-01
2.359095999999999971e-01
2.402783000000000002e-01
2.446470000000000034e-01
2.490157000000000065e-01
2.533844000000000096e-01
2.577531000000000128e-01
2.621218000000000159e-01
2.664905000000000190e-01
2.708592000000000222e-01
2.752279000000000253e-01
2.795965999999999729e-01
2.839652999999999761e-01
2.883339999999999792e-01
2.927025999999999795e-01
2.970712999999999826e-01
3.014399999999999857e-01
3.058086999999999889e-01
3.101773999999999920e-01
3.145460999999999951e-01
3.189147999999999983e-01
3.232835000000000014e-01
3.276522000000000046e-01
3.320209000000000077e-01
3.363896000000000108e-01
3.407583000000000140e-01
3.451270000000000171e-01
3.494957000000000202e-01
3.538644000000000234e-01
3.582331000000000265e-01
3.626017999999999741e-01
3.669704999999999773e-01
3.713391999999999804e-01
3.757078999999999835e-01
3.800765999999999867e-01
3.844452999999999898e-01
3.888139999999999930e-01
3.931826999999999961e-01
3.975513999999999992e-01
4.019201000000000024e-01
4.062888000000000055e-01
4.106574000000000058e-01
4.150261000000000089e-01
4.193948000000000120e-01
4.237635000000000152e-01
4.281322000000000183e-01
4.325009000000000214e-01
4.368696000000000246e-01
4.412383000000000277e-01
4.456069999999999753e-01
4.499756999999999785e-01
4.543443999999999816e-01
4.587130999999999847e-01
4.630817999999999879e-01
4.674504999999999910e-01
4.718191999999999942e-01
4.761878999999999973e-01
4.805566000000000004e-01
4.849253000000000036e-01
4.892940000000000067e-01
4.936627000000000098e-01
4.980314000000000130e-01
5.024001000000000161e-01
5.067688000000000192e-01
5.111375000000000224e-01
5.155062000000000255e-01
5.198749000000000287e-01
5.242436000000000318e-01
5.286121999999999765e-01
5.329808999999999797e-01
5.373495999999999828e-01
5.417182999999999859e-01
5.460869999999999891e-01
5.504556999999999922e-01
5.548243999999999954e-01
5.591930999999999985e-01
5.635618000000000016e-01
5.679305000000000048e-01
5.722992000000000079e-01
5.766679000000000110e-01
5.810366000000000142e-01
5.854053000000000173e-01
5.897740000000000204e-01
5.941427000000000236e-01
5.985114000000000267e-01
6.028801000000000299e-01
6.072488000000000330e-01
6.116175000000000361e-01
6.159862000000000393e-01
6.203549000000000424e-01
6.247236000000000455e-01
6.290923000000000487e-01
6.334610000000000518e-01
6.378297000000000549e-01
6.421982999999999997e-01
6.465670000000000028e-01
6.509357000000000060e-01
6.553044000000000091e-01
6.596731000000000122e-01
6.640418000000000154e-01
6.684105000000000185e-01
6.727792000000000217e-01
6.771479000000000248e-01
6.815166000000000279e-01
6.858853000000000311e-01
6.902540000000000342e-01
6.946227000000000373e-01
6.989914000000000405e-01
7.033601000000000436e-01
7.077288000000000467e-01
7.120975000000000499e-01
7.164662000000000530e-01
7.208348999999999451e-01
7.252035999999999483e-01
7.295722999999999514e-01
7.339409999999999545e-01
7.383096999999999577e-01
7.426783999999999608e-01
7.470470999999999639e-01
7.514157999999999671e-01
7.557844999999999702e-01
7.601531000000000260e-01
7.645218000000000291e-01
7.688905000000000323e-01
7.732592000000000354e-01
7.776279000000000385e-01
7.819966000000000417e-01
7.863653000000000448e-01
7.907340000000000479e-01
7.951027000000000511e-01
7.994714000000000542e-01
8.038400999999999463e-01
8.082087999999999495e-01
8.125774999999999526e-01
8.169461999999999557e-01
8.213148999999999589e-01
8.256835999999999620e-01
8.300522999999999652e-01
8.344209999999999683e-01
8.387896999999999714e-01
8.431583999999999746e-01
8.475270999999999777e-01
8.518957999999999808e-01
8.562644999999999840e-01
8.606331999999999871e-01
8.650018999999999902e-01
8.693705999999999934e-01
8.737392999999999965e-01
8.781079000000000523e-01
8.824766000000000554e-01
8.868452999999999475e-01
8.912139999999999507e-01
8.955826999999999538e-01
8.999513999999999569e-01
9.043200999999999601e-01
9.086887999999999632e-01
9.130574999999999664e-01
9.174261999999999695e-01
9.217948999999999726e-01
9.261635999999999758e-01
9.305322999999999789e-01
9.349009999999999820e-01
9.392696999999999852e-01
9.436383999999999883e-01
9.480070999999999914e-01
9.523757999999999946e-01
9.567444999999999977e-01
9.611132000000000009e-01
9.654819000000000040e-01
9.698506000000000071e-01
9.742193000000000103e-01
9.785880000000000134e-01
9.829567000000000165e-01
9.873254000000000197e-01
9.916939999999999644e-01
9.960626999999999676e-01
1.000431000000000070e+00
1.004799999999999915e+00
1.009168999999999983e+00
1.013538000000000050e+00
1.017905999999999977e+00
1.022275000000000045e+00
1.026643999999999890e+00
1.031012000000000040e+00
1.035381000000000107e+00
1.039749999999999952e+00
1.044118000000000102e+00
1.048486999999999947e+00
1.052856000000000014e+00
1.057223999999999942e+00
1.061593000000000009e+00
1.065962000000000076e+00
1.070330999999999921e+00
1.074699000000000071e+00
1.079067999999999916e+00
1.083436999999999983e+00
1.087804999999999911e+00
1.092173999999999978e+00
1.096543000000000045e+00
1.100910999999999973e+00
1.105280000000000040e+00
1.109649000000000107e+00
1.114017999999999953e+00
1.118386000000000102e+00
1.122754999999999947e+00
1.127124000000000015e+00
1.131491999999999942e+00
1.135861000000000010e+00
1.140230000000000077e+00
1.144598000000000004e+00
1.148967000000000072e+00
1.153335999999999917e+00
1.157704999999999984e+00
1.162072999999999912e+00
1.166441999999999979e+00
1.170811000000000046e+00
1.175178999999999974e+00
1.179548000000000041e+00
1.183917000000000108e+00
1.188285000000000036e+00
1.192654000000000103e+00
1.197022999999999948e+00
1.201391000000000098e+00
1.205759999999999943e+00
1.210129000000000010e+00
1.214498000000000077e+00
1.218866000000000005e+00
1.223235000000000072e+00
1.227603999999999917e+00
1.231972000000000067e+00
1.236340999999999912e+00
1.240709999999999980e+00
1.245077999999999907e+00
1.249446999999999974e+00
1.253816000000000042e+00
1.258185000000000109e+00
1.262553000000000036e+00
1.266922000000000104e+00
1.271290999999999949e+00
1.275659000000000098e+00
1.280027999999999944e+00
1.284397000000000011e+00
1.288764999999999938e+00
1.293134000000000006e+00
1.297503000000000073e+00
1.301871000000000000e+00
1.306240000000000068e+00
1.310608999999999913e+00
1.314977999999999980e+00
1.319345999999999908e+00
1.323714999999999975e+00
1.328084000000000042e+00
1.332451999999999970e+00
1.336821000000000037e+00
1.341190000000000104e+00
1.345558000000000032e+00
1.349927000000000099e+00
1.354295999999999944e+00
1.358665000000000012e+00
1.363032999999999939e+00
1.367402000000000006e+00
1.371771000000000074e+00
1.376139000000000001e+00
1.380508000000000068e+00
1.384876999999999914e+00
1.389245000000000063e+00
1.393613999999999908e+00
1.397982999999999976e+00
1.402350999999999903e+00
1.406719999999999970e+00
1.411089000000000038e+00
1.415458000000000105e+00
1.419826000000000032e+00
1.424195000000000100e+00
1.428563999999999945e+00
1.432932000000000095e+00
1.437300999999999940e+00
1.441670000000000007e+00
1.446037999999999935e+00
1.450407000000000002e+00
1.454776000000000069e+00
1.459144999999999914e+00
1.463513000000000064e+00
1.467881999999999909e+00
1.472250999999999976e+00
1.476618999999999904e+00
1.480987999999999971e+00
1.485357000000000038e+00
1.489724999999999966e+00
1.494094000000000033e+00
1.498463000000000100e+00
1.502831999999999946e+00
1.507200000000000095e+00
1.511568999999999940e+00
1.515938000000000008e+00
1.520305999999999935e+00
1.524675000000000002e+00
1.529044000000000070e+00
1.533411999999999997e+00
1.537781000000000065e+00
1.542149999999999910e+00
1.546518000000000059e+00
1.550886999999999905e+00
1.555255999999999972e+00
1.559625000000000039e+00
1.563992999999999967e+00
1.568362000000000034e+00
1.572731000000000101e+00
1.577099000000000029e+00
1.581468000000000096e+00
1.585836999999999941e+00
1.590205000000000091e+00
1.594573999999999936e+00
1.598943000000000003e+00
1.603312000000000070e+00
1.607679999999999998e+00
1.612049000000000065e+00
1.616417999999999910e+00
1.620786000000000060e+00
1.625154999999999905e+00
1.629523999999999972e+00
1.633891999999999900e+00
1.638260999999999967e+00
1.642630000000000035e+00
1.646997999999999962e+00
1.651367000000000029e+00
1.655736000000000097e+00
1.660104999999999942e+00
1.664473000000000091e+00
1.668841999999999937e+00
1.673211000000000004e+00
1.677578999999999931e+00
1.681947999999999999e+00
1.686317000000000066e+00
1.690684999999999993e+00
1.695054000000000061e+00
1.699422999999999906e+00
1.703791999999999973e+00
1.708159999999999901e+00
1.712528999999999968e+00
1.716898000000000035e+00
1.721265999999999963e+00
1.725635000000000030e+00
1.730004000000000097e+00
1.734372000000000025e+00
1.738741000000000092e+00
1.743109999999999937e+00
1.747479000000000005e+00
1.751846999999999932e+00
1.756215999999999999e+00
1.760585000000000067e+00
1.764952999999999994e+00
1.769322000000000061e+00
1.773690999999999907e+00
1.778059000000000056e+00
1.782427999999999901e+00
1.786796999999999969e+00
1.791164999999999896e+00
1.795533999999999963e+00
1.799903000000000031e+00
1.804272000000000098e+00
1.808640000000000025e+00
1.813009000000000093e+00
1.817377999999999938e+00
1.821746000000000087e+00
1.826114999999999933e+00
1.830484000000000000e+00
1.834851999999999927e+00
1.839220999999999995e+00
1.843590000000000062e+00
1.847958999999999907e+00
1.852327000000000057e+00
1.856695999999999902e+00
1.861064999999999969e+00
1.865432999999999897e+00
1.869801999999999964e+00
1.874171000000000031e+00
1.878538999999999959e+00
1.882908000000000026e+00
1.887277000000000093e+00
1.891645000000000021e+00
1.896014000000000088e+00
1.900382999999999933e+00
1.904752000000000001e+00
1.909119999999999928e+00
1.913488999999999995e+00
1.917858000000000063e+00
1.922225999999999990e+00
1.926595000000000057e+00
1.930963999999999903e+00
1.935332000000000052e+00
1.939700999999999897e+00
1.944069999999999965e+00
1.948439000000000032e+00
1.952806999999999960e+00
1.957176000000000027e+00
1.961545000000000094e+00
1.965913000000000022e+00
1.970282000000000089e+00
1.974650999999999934e+00
1.979019000000000084e+00
1.983387999999999929e+00
1.987756999999999996e+00
1.992124999999999924e+00
1.996493999999999991e+00
2.000862999999999836e+00
2.005231999999999903e+00
2.009599999999999831e+00
2.013968999999999898e+00
2.018337999999999965e+00
2.022705999999999893e+00
2.027074999999999960e+00
2.031444000000000027e+00
2.035811999999999955e+00
2.040181000000000022e+00
2.044550000000000090e+00
2.048919000000000157e+00
2.053287000000000084e+00
2.057656000000000152e+00
2.062025000000000219e+00
2.066393000000000146e+00
2.070762000000000214e+00
2.075130999999999837e+00
2.079499000000000208e+00
2.083867999999999832e+00
2.088236999999999899e+00
2.092605999999999966e+00
2.096973999999999894e+00
2.101342999999999961e+00
2.105712000000000028e+00
2.110079999999999956e+00
2.114449000000000023e+00
2.118818000000000090e+00
2.123186000000000018e+00
2.127555000000000085e+00
2.131924000000000152e+00
2.136292000000000080e+00
2.140661000000000147e+00
2.145030000000000214e+00
2.149398999999999837e+00
2.153767000000000209e+00
2.158135999999999832e+00
2.162504999999999900e+00
2.166872999999999827e+00
2.171241999999999894e+00
2.175610999999999962e+00
2.179978999999999889e+00
2.184347999999999956e+00
2.188717000000000024e+00
2.193086000000000091e+00
2.197454000000000018e+00
2.201823000000000086e+00
2.206192000000000153e+00
2.210560000000000080e+00
2.214929000000000148e+00
2.219298000000000215e+00
2.223666000000000142e+00
2.228035000000000210e+00
2.232403999999999833e+00
2.236772000000000205e+00
2.241140999999999828e+00
2.245509999999999895e+00
2.249878999999999962e+00
2.254246999999999890e+00
2.258615999999999957e+00
2.262985000000000024e+00
2.267352999999999952e+00
2.271722000000000019e+00
2.276091000000000086e+00
2.280459000000000014e+00
2.284828000000000081e+00
2.289197000000000148e+00
2.293566000000000216e+00
2.297934000000000143e+00
2.302303000000000210e+00
2.306671999999999834e+00
2.311040000000000205e+00
2.315408999999999828e+00
2.319777999999999896e+00
2.324145999999999823e+00
2.328514999999999890e+00
2.332883999999999958e+00
2.337251999999999885e+00
2.341620999999999952e+00
2.345990000000000020e+00
2.350359000000000087e+00
2.354727000000000015e+00
2.359096000000000082e+00
2.363465000000000149e+00
2.367833000000000077e+00
2.372202000000000144e+00
2.376571000000000211e+00
2.380939000000000139e+00
2.385308000000000206e+00
2.389676999999999829e+00
2.394045999999999896e+00
2.398413999999999824e+00
2.402782999999999891e+00
2.407151999999999958e+00
2.411519999999999886e+00
2.415888999999999953e+00
2.420258000000000020e+00
2.424625999999999948e+00
2.428995000000000015e+00
2.433364000000000082e+00
2.437733000000000150e+00
2.442101000000000077e+00
2.446470000000000145e+00
2.450839000000000212e+00
2.455207000000000139e+00
2.459576000000000207e+00
2.463944999999999830e+00
2.468313000000000201e+00
2.472681999999999825e+00
2.477050999999999892e+00
2.481418999999999819e+00
2.485787999999999887e+00
2.490156999999999954e+00
2.494526000000000021e+00
2.498893999999999949e+00
2.503263000000000016e+00
2.507632000000000083e+00
2.512000000000000011e+00
2.516369000000000078e+00
2.520738000000000145e+00
2.525106000000000073e+00
2.529475000000000140e+00
2.533844000000000207e+00
2.538212999999999830e+00
2.542581000000000202e+00
2.546949999999999825e+00
2.551318999999999892e+00
2.555686999999999820e+00
2.560055999999999887e+00
2.564424999999999955e+00
2.568792999999999882e+00
2.573161999999999949e+00
2.577531000000000017e+00
2.581898999999999944e+00
2.586268000000000011e+00
2.590637000000000079e+00
2.595006000000000146e+00
2.599374000000000073e+00
2.603743000000000141e+00
2.608112000000000208e+00
2.612480000000000135e+00
2.616849000000000203e+00
2.621217999999999826e+00
2.625586000000000197e+00
2.629954999999999821e+00
2.634323999999999888e+00
2.638692999999999955e+00
2.643060999999999883e+00
2.647429999999999950e+00
2.651799000000000017e+00
2.656166999999999945e+00
2.660536000000000012e+00
2.664905000000000079e+00
2.669273000000000007e+00
2.673642000000000074e+00
2.678011000000000141e+00
2.682379000000000069e+00
2.686748000000000136e+00
2.691117000000000203e+00
2.695485999999999827e+00
2.699854000000000198e+00
2.704222999999999821e+00
2.708591999999999889e+00
2.712959999999999816e+00
2.717328999999999883e+00
2.721697999999999951e+00
2.726065999999999878e+00
2.730434999999999945e+00
2.734804000000000013e+00
2.739173000000000080e+00
2.743541000000000007e+00
2.747910000000000075e+00
2.752279000000000142e+00
2.756647000000000070e+00
2.761016000000000137e+00
2.765385000000000204e+00
2.769753000000000132e+00
2.774122000000000199e+00
2.778490999999999822e+00
2.782859999999999889e+00
2.787227999999999817e+00
2.791596999999999884e+00
2.795965999999999951e+00
2.800333999999999879e+00
2.804702999999999946e+00
2.809072000000000013e+00
2.813439999999999941e+00
2.817809000000000008e+00
2.822178000000000075e+00
2.826546000000000003e+00
2.830915000000000070e+00
2.835284000000000137e+00
2.839653000000000205e+00
2.844021000000000132e+00
2.848390000000000200e+00
2.852758999999999823e+00
2.857127000000000194e+00
2.861495999999999817e+00
2.865864999999999885e+00
2.870232999999999812e+00
2.874601999999999880e+00
2.878970999999999947e+00
2.883340000000000014e+00
2.887707999999999942e+00
2.892077000000000009e+00
2.896446000000000076e+00
2.900814000000000004e+00
2.905183000000000071e+00
2.909552000000000138e+00
2.913920000000000066e+00
2.918289000000000133e+00
2.922658000000000200e+00
2.927026000000000128e+00
2.931395000000000195e+00
2.935763999999999818e+00
2.940132999999999885e+00
2.944500999999999813e+00
2.948869999999999880e+00
2.953238999999999947e+00
2.957606999999999875e+00
2.961975999999999942e+00
2.966345000000000010e+00
2.970712999999999937e+00
2.975082000000000004e+00
2.979451000000000072e+00
2.983820000000000139e+00
2.988188000000000066e+00
2.992557000000000134e+00
2.996926000000000201e+00
3.001294000000000128e+00
3.005663000000000196e+00
3.010031999999999819e+00
3.014400000000000190e+00
3.018768999999999814e+00
3.023137999999999881e+00
3.027506999999999948e+00
3.031874999999999876e+00
3.036243999999999943e+00
3.040613000000000010e+00
3.044980999999999938e+00
3.049350000000000005e+00
3.053719000000000072e+00
3.058087000000000000e+00
3.062456000000000067e+00
3.066825000000000134e+00
3.071193000000000062e+00
3.075562000000000129e+00
3.079931000000000196e+00
3.084299999999999820e+00
3.088668000000000191e+00
3.093036999999999814e+00
3.097405999999999882e+00
3.101773999999999809e+00
3.106142999999999876e+00
3.110511999999999944e+00
3.114879999999999871e+00
3.119248999999999938e+00
3.123618000000000006e+00
3.127987000000000073e+00
3.132355000000000000e+00
3.136724000000000068e+00
3.141093000000000135e+00
3.145461000000000062e+00
3.149830000000000130e+00
3.154199000000000197e+00
3.158567000000000125e+00
3.162936000000000192e+00
3.167304999999999815e+00
3.171673000000000187e+00
3.176041999999999810e+00
3.180410999999999877e+00
3.184779999999999944e+00
3.189147999999999872e+00
3.193516999999999939e+00
3.197886000000000006e+00
3.202253999999999934e+00
3.206623000000000001e+00
3.210992000000000068e+00
3.215359999999999996e+00
3.219729000000000063e+00
3.224098000000000130e+00
3.228467000000000198e+00
3.232835000000000125e+00
3.237204000000000192e+00
3.241572999999999816e+00
3.245941000000000187e+00
3.250309999999999810e+00
3.254678999999999878e+00
3.259046999999999805e+00
3.263415999999999872e+00
3.267784999999999940e+00
3.272152999999999867e+00
3.276521999999999935e+00
3.280891000000000002e+00
3.285260000000000069e+00
3.289627999999999997e+00
3.293997000000000064e+00
3.298366000000000131e+00
3.302734000000000059e+00
3.307103000000000126e+00
3.311472000000000193e+00
3.315840000000000121e+00
3.320209000000000188e+00
3.324577999999999811e+00
3.328946999999999878e+00
3.333314999999999806e+00
3.337683999999999873e+00
3.342052999999999940e+00
3.346420999999999868e+00
3.350789999999999935e+00
3.355159000000000002e+00
3.359526999999999930e+00
3.363895999999999997e+00
3.368265000000000065e+00
3.372634000000000132e+00
3.377002000000000059e+00
3.381371000000000127e+00
3.385740000000000194e+00
3.390108000000000121e+00
3.394477000000000189e+00
3.398845999999999812e+00
3.403214000000000183e+00
3.407582999999999807e+00
3.411951999999999874e+00
3.416319999999999801e+00
3.420688999999999869e+00
3.425057999999999936e+00
3.429427000000000003e+00
3.433794999999999931e+00
3.438163999999999998e+00
3.442533000000000065e+00
3.446900999999999993e+00
3.451270000000000060e+00
3.455639000000000127e+00
3.460007000000000055e+00
3.464376000000000122e+00
3.468745000000000189e+00
3.473113999999999812e+00
3.477482000000000184e+00
3.481850999999999807e+00
3.486219999999999875e+00
3.490587999999999802e+00
3.494956999999999869e+00
3.499325999999999937e+00
3.503693999999999864e+00
3.508062999999999931e+00
3.512431999999999999e+00
3.516799999999999926e+00
3.521168999999999993e+00
3.525538000000000061e+00
3.529907000000000128e+00
3.534275000000000055e+00
3.538644000000000123e+00
3.543013000000000190e+00
3.547381000000000117e+00
3.551750000000000185e+00
3.556118999999999808e+00
3.560487000000000180e+00
3.564855999999999803e+00
3.569224999999999870e+00
3.573593999999999937e+00
3.577961999999999865e+00
3.582330999999999932e+00
3.586699999999999999e+00
3.591067999999999927e+00
3.595436999999999994e+00
3.599806000000000061e+00
3.604173999999999989e+00
3.608543000000000056e+00
3.612912000000000123e+00
3.617280000000000051e+00
3.621649000000000118e+00
3.626018000000000185e+00
3.630386999999999809e+00
3.634755000000000180e+00
3.639123999999999803e+00
3.643492999999999871e+00
3.647860999999999798e+00
3.652229999999999865e+00
3.656598999999999933e+00
3.660966999999999860e+00
3.665335999999999927e+00
3.669704999999999995e+00
3.674074000000000062e+00
3.678441999999999990e+00
3.682811000000000057e+00
3.687180000000000124e+00
3.691548000000000052e+00
3.695917000000000119e+00
3.700286000000000186e+00
3.704654000000000114e+00
3.709023000000000181e+00
3.713391999999999804e+00
3.717760999999999871e+00
3.722128999999999799e+00
3.726497999999999866e+00
3.730866999999999933e+00
3.735234999999999861e+00
3.739603999999999928e+00
3.743972999999999995e+00
3.748340999999999923e+00
3.752709999999999990e+00
3.757079000000000057e+00
3.761446999999999985e+00
3.765816000000000052e+00
3.770185000000000120e+00
3.774554000000000187e+00
3.778922000000000114e+00
3.783291000000000182e+00
3.787659999999999805e+00
3.792028000000000176e+00
3.796396999999999800e+00
3.800765999999999867e+00
3.805133999999999794e+00
3.809502999999999862e+00
3.813871999999999929e+00
3.818240999999999996e+00
3.822608999999999924e+00
3.826977999999999991e+00
3.831347000000000058e+00
3.835714999999999986e+00
3.840084000000000053e+00
3.844453000000000120e+00
3.848821000000000048e+00
3.853190000000000115e+00
3.857559000000000182e+00
3.861927000000000110e+00
3.866296000000000177e+00
3.870664999999999800e+00
3.875033999999999867e+00
3.879401999999999795e+00
3.883770999999999862e+00
3.888139999999999930e+00
3.892507999999999857e+00
3.896876999999999924e+00
3.901245999999999992e+00
3.905613999999999919e+00
3.909982999999999986e+00
3.914352000000000054e+00
3.918721000000000121e+00
3.923089000000000048e+00
3.927458000000000116e+00
3.931827000000000183e+00
3.936195000000000110e+00
3.940564000000000178e+00
3.944932999999999801e+00
3.949301000000000172e+00
3.953669999999999796e+00
3.958038999999999863e+00
3.962406999999999790e+00
3.966775999999999858e+00
3.971144999999999925e+00
3.975513999999999992e+00
3.979881999999999920e+00
3.984250999999999987e+00
3.988620000000000054e+00
3.992987999999999982e+00
3.997357000000000049e+00
4.001725999999999672e+00
4.006094000000000044e+00
4.010462999999999667e+00
4.014832000000000178e+00
4.019200999999999802e+00
4.023569000000000173e+00
4.027937999999999796e+00
4.032307000000000308e+00
4.036674999999999791e+00
4.041044000000000302e+00
4.045412999999999926e+00
4.049781000000000297e+00
4.054149999999999920e+00
4.058519000000000432e+00
4.062888000000000055e+00
4.067256000000000427e+00
4.071625000000000050e+00
4.075993999999999673e+00
4.080362000000000045e+00
4.084730999999999668e+00
4.089100000000000179e+00
4.093467999999999662e+00
4.097837000000000174e+00
4.102205999999999797e+00
4.106574000000000169e+00
4.110942999999999792e+00
4.115312000000000303e+00
4.119680999999999926e+00
4.124049000000000298e+00
4.128417999999999921e+00
4.132787000000000432e+00
4.137154999999999916e+00
4.141524000000000427e+00
4.145893000000000050e+00
4.150261000000000422e+00
4.154630000000000045e+00
4.158998999999999668e+00
4.163368000000000180e+00
4.167735999999999663e+00
4.172105000000000175e+00
4.176473999999999798e+00
4.180842000000000169e+00
4.185210999999999792e+00
4.189580000000000304e+00
4.193947999999999787e+00
4.198317000000000299e+00
4.202685999999999922e+00
4.207054000000000293e+00
4.211422999999999917e+00
4.215792000000000428e+00
4.220161000000000051e+00
4.224529000000000423e+00
4.228898000000000046e+00
4.233266999999999669e+00
4.237635000000000041e+00
4.242003999999999664e+00
4.246373000000000175e+00
4.250740999999999659e+00
4.255110000000000170e+00
4.259478999999999793e+00
4.263848000000000305e+00
4.268215999999999788e+00
4.272585000000000299e+00
4.276953999999999922e+00
4.281322000000000294e+00
4.285690999999999917e+00
4.290060000000000429e+00
4.294427999999999912e+00
4.298797000000000423e+00
4.303166000000000047e+00
4.307534999999999670e+00
4.311903000000000041e+00
4.316271999999999665e+00
4.320641000000000176e+00
4.325008999999999659e+00
4.329378000000000171e+00
4.333746999999999794e+00
4.338115000000000165e+00
4.342483999999999789e+00
4.346853000000000300e+00
4.351220999999999783e+00
4.355590000000000295e+00
4.359958999999999918e+00
4.364328000000000429e+00
