0.000000000000000000e+00
4.385947999999999757e-03
8.771895999999999513e-03
1.315784000000000051e-02
1.754379000000000008e-02
2.192973999999999965e-02
2.631568999999999922e-02
3.070163999999999879e-02
3.508759000000000183e-02
3.947352999999999973e-02
4.385947999999999930e-02
4.824542999999999887e-02
5.263137999999999844e-02
5.701732999999999801e-02
6.140327000000000285e-02
6.578921999999999548e-02
7.017516999999999505e-02
7.456111999999999462e-02
7.894706999999999419e-02
8.333301999999999377e-02
8.771895999999999860e-02
9.210490999999999817e-02
9.649085999999999774e-02
1.008768000000000026e-01
1.052628000000000036e-01
1.096487000000000017e-01
1.140347000000000027e-01
1.184206000000000009e-01
1.228064999999999990e-01
1.271924999999999861e-01
1.315784000000000120e-01
1.359644000000000130e-01
1.403503000000000112e-01
1.447363000000000122e-01
1.491222000000000103e-01
1.535082000000000113e-01
1.578941000000000094e-01
1.622801000000000105e-01
1.666660000000000086e-01
1.710520000000000096e-01
1.754379000000000077e-01
1.798239000000000087e-01
1.842098000000000069e-01
1.885958000000000079e-01
1.929817000000000060e-01
1.973677000000000070e-01
2.017536000000000052e-01
2.061396000000000062e-01
2.105255000000000043e-01
2.149115000000000053e-01
2.192974000000000034e-01
2.236834000000000044e-01
2.280693000000000026e-01
2.324553000000000036e-01
2.368412000000000017e-01
2.412272000000000027e-01
2.456131000000000009e-01
2.499989999999999990e-01
2.543849999999999723e-01
2.587709000000000259e-01
2.631569000000000269e-01
2.675428000000000250e-01
2.719288000000000260e-01
2.763147000000000242e-01
2.807007000000000252e-01
2.850866000000000233e-01
2.894726000000000243e-01
2.938585000000000225e-01
2.982445000000000235e-01
3.026304000000000216e-01
3.070164000000000226e-01
3.114023000000000208e-01
3.157883000000000218e-01
3.201742000000000199e-01
3.245602000000000209e-01
3.289461000000000190e-01
3.333321000000000200e-01
3.377180000000000182e-01
3.421040000000000192e-01
3.464899000000000173e-01
3.508759000000000183e-01
3.552618000000000165e-01
3.596478000000000175e-01
3.640337000000000156e-01
3.684196000000000137e-01
3.728056000000000147e-01
3.771915000000000129e-01
3.815775000000000139e-01
3.859634000000000120e-01
3.903494000000000130e-01
3.947353000000000112e-01
3.991213000000000122e-01
4.035072000000000103e-01
4.078932000000000113e-01
4.122791000000000095e-01
4.166651000000000105e-01
4.210510000000000086e-01
4.254370000000000096e-01
4.298229000000000077e-01
4.342089000000000087e-01
4.385948000000000069e-01
4.429808000000000079e-01
4.473667000000000060e-01
4.517527000000000070e-01
4.561386000000000052e-01
4.605246000000000062e-01
4.649105000000000043e-01
4.692965000000000053e-01
4.736824000000000034e-01
4.780684000000000045e-01
4.824543000000000026e-01
4.868403000000000036e-01
4.912262000000000017e-01
4.956120999999999999e-01
4.999981000000000009e-01
5.043840000000000545e-01
5.087699999999999445e-01
5.131558999999999982e-01
5.175418999999999992e-01
5.219278000000000528e-01
5.263138000000000538e-01
5.306996999999999964e-01
5.350856999999999974e-01
5.394716000000000511e-01
5.438576000000000521e-01
5.482434999999999947e-01
5.526294999999999957e-01
5.570154000000000494e-01
5.614014000000000504e-01
5.657872999999999930e-01
5.701732999999999940e-01
5.745592000000000477e-01
5.789452000000000487e-01
5.833310999999999913e-01
5.877170999999999923e-01
5.921030000000000459e-01
5.964890000000000470e-01
6.008748999999999896e-01
6.052608999999999906e-01
6.096468000000000442e-01
6.140326999999999869e-01
6.184186999999999879e-01
6.228046000000000415e-01
6.271906000000000425e-01
6.315764999999999851e-01
6.359624999999999861e-01
6.403484000000000398e-01
6.447344000000000408e-01
6.491202999999999834e-01
6.535062999999999844e-01
6.578922000000000381e-01
6.622782000000000391e-01
6.666640999999999817e-01
6.710500999999999827e-01
6.754360000000000364e-01
6.798220000000000374e-01
6.842078999999999800e-01
6.885938999999999810e-01
6.929798000000000346e-01
6.973658000000000357e-01
7.017516999999999783e-01
7.061376999999999793e-01
7.105236000000000329e-01
7.149096000000000339e-01
7.192954999999999766e-01
7.236814999999999776e-01
7.280674000000000312e-01
7.324532999999999738e-01
7.368392999999999748e-01
7.412252000000000285e-01
7.456112000000000295e-01
7.499970999999999721e-01
7.543830999999999731e-01
7.587690000000000268e-01
7.631550000000000278e-01
7.675408999999999704e-01
7.719268999999999714e-01
7.763128000000000251e-01
7.806988000000000261e-01
7.850846999999999687e-01
7.894706999999999697e-01
7.938566000000000233e-01
7.982426000000000244e-01
8.026284999999999670e-01
8.070144999999999680e-01
8.114004000000000216e-01
8.157864000000000226e-01
8.201722999999999653e-01
8.245582999999999663e-01
8.289442000000000199e-01
8.333302000000000209e-01
8.377160999999999635e-01
8.421020999999999646e-01
8.464880000000000182e-01
8.508740000000000192e-01
8.552598999999999618e-01
8.596458000000000155e-01
8.640318000000000165e-01
8.684176999999999591e-01
8.728036999999999601e-01
8.771896000000000138e-01
8.815756000000000148e-01
8.859614999999999574e-01
8.903474999999999584e-01
8.947334000000000120e-01
8.991194000000000131e-01
9.035052999999999557e-01
9.078912999999999567e-01
9.122772000000000103e-01
9.166632000000000113e-01
9.210490999999999540e-01
9.254350999999999550e-01
9.298210000000000086e-01
9.342070000000000096e-01
9.385928999999999522e-01
9.429788999999999533e-01
9.473648000000000069e-01
9.517508000000000079e-01
9.561366999999999505e-01
9.605226999999999515e-01
9.649086000000000052e-01
9.692946000000000062e-01
9.736804999999999488e-01
9.780664000000000025e-01
9.824524000000000035e-01
9.868382999999999461e-01
9.912242999999999471e-01
9.956102000000000007e-01
9.999962000000000018e-01
1.004382000000000108e+00
1.008768000000000109e+00
1.013154000000000110e+00
1.017539999999999889e+00
1.021925999999999890e+00
1.026311999999999891e+00
1.030697999999999892e+00
1.035083999999999893e+00
1.039469999999999894e+00
1.043855999999999895e+00
1.048241999999999896e+00
1.052627999999999897e+00
1.057013999999999898e+00
1.061398999999999981e+00
1.065784999999999982e+00
1.070170999999999983e+00
1.074556999999999984e+00
1.078942999999999985e+00
1.083328999999999986e+00
1.087714999999999987e+00
1.092100999999999988e+00
1.096486999999999989e+00
1.100872999999999990e+00
1.105258999999999991e+00
1.109644999999999992e+00
1.114030999999999993e+00
1.118416999999999994e+00
1.122802999999999995e+00
1.127188999999999997e+00
1.131574999999999998e+00
1.135960999999999999e+00
1.140347000000000000e+00
1.144732000000000083e+00
1.149118000000000084e+00
1.153504000000000085e+00
1.157890000000000086e+00
1.162276000000000087e+00
1.166662000000000088e+00
1.171048000000000089e+00
1.175434000000000090e+00
1.179820000000000091e+00
1.184206000000000092e+00
1.188592000000000093e+00
1.192978000000000094e+00
1.197364000000000095e+00
1.201750000000000096e+00
1.206136000000000097e+00
1.210522000000000098e+00
1.214908000000000099e+00
1.219294000000000100e+00
1.223680000000000101e+00
1.228064999999999962e+00
1.232450999999999963e+00
1.236836999999999964e+00
1.241222999999999965e+00
1.245608999999999966e+00
1.249994999999999967e+00
1.254380999999999968e+00
1.258766999999999969e+00
1.263152999999999970e+00
1.267538999999999971e+00
1.271924999999999972e+00
1.276310999999999973e+00
1.280696999999999974e+00
1.285082999999999975e+00
1.289468999999999976e+00
1.293854999999999977e+00
1.298240999999999978e+00
1.302626999999999979e+00
1.307012999999999980e+00
1.311398999999999981e+00
1.315784000000000065e+00
1.320170000000000066e+00
1.324556000000000067e+00
1.328942000000000068e+00
1.333328000000000069e+00
1.337714000000000070e+00
1.342100000000000071e+00
1.346486000000000072e+00
1.350872000000000073e+00
1.355258000000000074e+00
1.359644000000000075e+00
1.364030000000000076e+00
1.368416000000000077e+00
1.372802000000000078e+00
1.377188000000000079e+00
1.381574000000000080e+00
1.385960000000000081e+00
1.390346000000000082e+00
1.394732000000000083e+00
1.399116999999999944e+00
1.403502999999999945e+00
1.407888999999999946e+00
1.412274999999999947e+00
1.416660999999999948e+00
1.421046999999999949e+00
1.425432999999999950e+00
1.429818999999999951e+00
1.434204999999999952e+00
1.438590999999999953e+00
1.442976999999999954e+00
1.447362999999999955e+00
1.451748999999999956e+00
1.456134999999999957e+00
1.460520999999999958e+00
1.464906999999999959e+00
1.469292999999999960e+00
1.473678999999999961e+00
1.478064999999999962e+00
1.482450000000000045e+00
1.486836000000000046e+00
1.491222000000000047e+00
1.495608000000000049e+00
1.499994000000000050e+00
1.504380000000000051e+00
1.508766000000000052e+00
1.513152000000000053e+00
1.517538000000000054e+00
1.521924000000000055e+00
1.526310000000000056e+00
1.530696000000000057e+00
1.535082000000000058e+00
1.539468000000000059e+00
1.543854000000000060e+00
1.548240000000000061e+00
1.552626000000000062e+00
1.557012000000000063e+00
1.561398000000000064e+00
1.565784000000000065e+00
1.570168999999999926e+00
1.574554999999999927e+00
1.578940999999999928e+00
1.583326999999999929e+00
1.587712999999999930e+00
1.592098999999999931e+00
1.596484999999999932e+00
1.600870999999999933e+00
1.605256999999999934e+00
1.609642999999999935e+00
1.614028999999999936e+00
1.618414999999999937e+00
1.622800999999999938e+00
1.627186999999999939e+00
1.631572999999999940e+00
1.635958999999999941e+00
1.640344999999999942e+00
1.644730999999999943e+00
1.649116999999999944e+00
1.653502000000000027e+00
1.657888000000000028e+00
1.662274000000000029e+00
1.666660000000000030e+00
1.671046000000000031e+00
1.675432000000000032e+00
1.679818000000000033e+00
1.684204000000000034e+00
1.688590000000000035e+00
1.692976000000000036e+00
1.697362000000000037e+00
1.701748000000000038e+00
1.706134000000000039e+00
1.710520000000000040e+00
1.714906000000000041e+00
1.719292000000000042e+00
1.723678000000000043e+00
1.728064000000000044e+00
1.732450000000000045e+00
1.736834999999999907e+00
1.741220999999999908e+00
1.745606999999999909e+00
1.749992999999999910e+00
1.754378999999999911e+00
1.758764999999999912e+00
1.763150999999999913e+00
1.767536999999999914e+00
1.771922999999999915e+00
1.776308999999999916e+00
1.780694999999999917e+00
1.785080999999999918e+00
1.789466999999999919e+00
1.793852999999999920e+00
1.798238999999999921e+00
1.802624999999999922e+00
1.807010999999999923e+00
1.811396999999999924e+00
1.815782999999999925e+00
1.820168999999999926e+00
1.824554000000000009e+00
1.828940000000000010e+00
1.833326000000000011e+00
1.837712000000000012e+00
1.842098000000000013e+00
1.846484000000000014e+00
1.850870000000000015e+00
1.855256000000000016e+00
1.859642000000000017e+00
1.864028000000000018e+00
1.868414000000000019e+00
1.872800000000000020e+00
1.877186000000000021e+00
1.881572000000000022e+00
1.885958000000000023e+00
1.890344000000000024e+00
1.894730000000000025e+00
1.899116000000000026e+00
1.903502000000000027e+00
1.907887000000000111e+00
1.912272999999999890e+00
1.916658999999999891e+00
1.921044999999999892e+00
1.925430999999999893e+00
1.929816999999999894e+00
1.934202999999999895e+00
1.938588999999999896e+00
1.942974999999999897e+00
1.947360999999999898e+00
1.951746999999999899e+00
1.956132999999999900e+00
1.960518999999999901e+00
1.964904999999999902e+00
1.969290999999999903e+00
1.973676999999999904e+00
1.978062999999999905e+00
1.982448999999999906e+00
1.986834999999999907e+00
1.991219999999999990e+00
1.995605999999999991e+00
1.999991999999999992e+00
2.004377999999999993e+00
2.008764000000000216e+00
2.013149999999999995e+00
2.017536000000000218e+00
2.021921999999999997e+00
2.026308000000000220e+00
2.030693999999999999e+00
2.035079999999999778e+00
2.039466000000000001e+00
2.043851999999999780e+00
2.048238000000000003e+00
2.052623999999999782e+00
2.057010000000000005e+00
2.061395999999999784e+00
2.065782000000000007e+00
2.070167999999999786e+00
2.074552999999999869e+00
2.078939000000000092e+00
2.083324999999999871e+00
2.087711000000000094e+00
2.092096999999999873e+00
2.096483000000000096e+00
2.100868999999999875e+00
2.105255000000000098e+00
2.109640999999999877e+00
2.114027000000000100e+00
2.118412999999999879e+00
2.122799000000000103e+00
2.127184999999999881e+00
2.131571000000000105e+00
2.135956999999999883e+00
2.140343000000000107e+00
2.144728999999999886e+00
2.149115000000000109e+00
2.153500999999999888e+00
2.157887000000000111e+00
2.162272000000000194e+00
2.166657999999999973e+00
2.171044000000000196e+00
2.175429999999999975e+00
2.179816000000000198e+00
2.184201999999999977e+00
2.188588000000000200e+00
2.192973999999999979e+00
2.197360000000000202e+00
2.201745999999999981e+00
2.206132000000000204e+00
2.210517999999999983e+00
2.214904000000000206e+00
2.219289999999999985e+00
2.223676000000000208e+00
2.228061999999999987e+00
2.232448000000000210e+00
2.236833999999999989e+00
2.241220000000000212e+00
2.245604999999999851e+00
2.249991000000000074e+00
2.254376999999999853e+00
2.258763000000000076e+00
2.263148999999999855e+00
2.267535000000000078e+00
2.271920999999999857e+00
2.276307000000000080e+00
2.280692999999999859e+00
2.285079000000000082e+00
2.289464999999999861e+00
2.293851000000000084e+00
2.298236999999999863e+00
2.302623000000000086e+00
2.307008999999999865e+00
2.311395000000000088e+00
2.315780999999999867e+00
2.320167000000000090e+00
2.324552999999999869e+00
2.328937999999999953e+00
2.333324000000000176e+00
2.337709999999999955e+00
2.342096000000000178e+00
2.346481999999999957e+00
2.350868000000000180e+00
2.355253999999999959e+00
2.359640000000000182e+00
2.364025999999999961e+00
2.368412000000000184e+00
2.372797999999999963e+00
2.377184000000000186e+00
2.381569999999999965e+00
2.385956000000000188e+00
2.390341999999999967e+00
2.394728000000000190e+00
2.399113999999999969e+00
2.403500000000000192e+00
2.407885999999999971e+00
2.412272000000000194e+00
2.416656999999999833e+00
2.421043000000000056e+00
2.425428999999999835e+00
2.429815000000000058e+00
2.434200999999999837e+00
2.438587000000000060e+00
2.442972999999999839e+00
2.447359000000000062e+00
2.451744999999999841e+00
2.456131000000000064e+00
2.460516999999999843e+00
2.464903000000000066e+00
2.469288999999999845e+00
2.473675000000000068e+00
2.478060999999999847e+00
2.482447000000000070e+00
2.486832999999999849e+00
2.491219000000000072e+00
2.495604999999999851e+00
2.499989999999999934e+00
2.504376000000000158e+00
2.508761999999999937e+00
2.513148000000000160e+00
2.517533999999999939e+00
2.521920000000000162e+00
2.526305999999999941e+00
2.530692000000000164e+00
2.535077999999999943e+00
2.539464000000000166e+00
2.543849999999999945e+00
2.548236000000000168e+00
2.552621999999999947e+00
2.557008000000000170e+00
2.561393999999999949e+00
2.565780000000000172e+00
2.570165999999999951e+00
2.574552000000000174e+00
2.578937999999999953e+00
2.583323000000000036e+00
2.587708999999999815e+00
2.592095000000000038e+00
2.596480999999999817e+00
2.600867000000000040e+00
2.605252999999999819e+00
2.609639000000000042e+00
2.614024999999999821e+00
2.618411000000000044e+00
2.622796999999999823e+00
2.627183000000000046e+00
2.631568999999999825e+00
2.635955000000000048e+00
2.640340999999999827e+00
2.644727000000000050e+00
2.649112999999999829e+00
2.653499000000000052e+00
2.657884999999999831e+00
2.662271000000000054e+00
2.666656999999999833e+00
2.671041999999999916e+00
2.675428000000000139e+00
2.679813999999999918e+00
2.684200000000000141e+00
2.688585999999999920e+00
2.692972000000000143e+00
2.697357999999999922e+00
2.701744000000000145e+00
2.706129999999999924e+00
2.710516000000000147e+00
2.714901999999999926e+00
2.719288000000000149e+00
2.723673999999999928e+00
2.728060000000000151e+00
2.732445999999999930e+00
2.736832000000000154e+00
2.741217999999999932e+00
2.745604000000000156e+00
2.749989999999999934e+00
2.754375000000000018e+00
2.758760999999999797e+00
2.763147000000000020e+00
2.767532999999999799e+00
2.771919000000000022e+00
2.776304999999999801e+00
2.780691000000000024e+00
2.785076999999999803e+00
2.789463000000000026e+00
2.793848999999999805e+00
2.798235000000000028e+00
2.802620999999999807e+00
2.807007000000000030e+00
2.811392999999999809e+00
2.815779000000000032e+00
2.820164999999999811e+00
2.824551000000000034e+00
2.828936999999999813e+00
2.833323000000000036e+00
2.837708000000000119e+00
2.842093999999999898e+00
2.846480000000000121e+00
2.850865999999999900e+00
2.855252000000000123e+00
2.859637999999999902e+00
2.864024000000000125e+00
2.868409999999999904e+00
2.872796000000000127e+00
2.877181999999999906e+00
2.881568000000000129e+00
2.885953999999999908e+00
2.890340000000000131e+00
2.894725999999999910e+00
2.899112000000000133e+00
2.903497999999999912e+00
2.907884000000000135e+00
2.912269999999999914e+00
2.916656000000000137e+00
2.921041999999999916e+00
2.925427000000000000e+00
2.929812999999999779e+00
2.934199000000000002e+00
2.938584999999999781e+00
2.942971000000000004e+00
2.947356999999999783e+00
2.951743000000000006e+00
2.956128999999999785e+00
2.960515000000000008e+00
2.964900999999999787e+00
2.969287000000000010e+00
2.973672999999999789e+00
2.978059000000000012e+00
2.982444999999999791e+00
2.986831000000000014e+00
2.991216999999999793e+00
2.995603000000000016e+00
2.999988999999999795e+00
3.004375000000000018e+00
3.008760000000000101e+00
3.013145999999999880e+00
3.017532000000000103e+00
3.021917999999999882e+00
3.026304000000000105e+00
3.030689999999999884e+00
3.035076000000000107e+00
3.039461999999999886e+00
3.043848000000000109e+00
3.048233999999999888e+00
3.052620000000000111e+00
3.057005999999999890e+00
3.061392000000000113e+00
3.065777999999999892e+00
3.070164000000000115e+00
3.074549999999999894e+00
3.078936000000000117e+00
3.083321999999999896e+00
3.087708000000000119e+00
3.092093000000000202e+00
3.096478999999999981e+00
3.100865000000000204e+00
3.105250999999999983e+00
3.109637000000000207e+00
3.114022999999999985e+00
3.118409000000000209e+00
3.122794999999999987e+00
3.127181000000000211e+00
3.131566999999999990e+00
3.135953000000000213e+00
3.140338999999999992e+00
3.144725000000000215e+00
3.149110999999999994e+00
3.153497000000000217e+00
3.157882999999999996e+00
3.162269000000000219e+00
3.166654999999999998e+00
3.171041000000000221e+00
3.175425999999999860e+00
3.179812000000000083e+00
3.184197999999999862e+00
3.188584000000000085e+00
3.192969999999999864e+00
3.197356000000000087e+00
3.201741999999999866e+00
3.206128000000000089e+00
3.210513999999999868e+00
3.214900000000000091e+00
3.219285999999999870e+00
3.223672000000000093e+00
3.228057999999999872e+00
3.232444000000000095e+00
3.236829999999999874e+00
3.241216000000000097e+00
3.245601999999999876e+00
3.249988000000000099e+00
3.254373999999999878e+00
3.258760000000000101e+00
3.263145000000000184e+00
3.267530999999999963e+00
3.271917000000000186e+00
3.276302999999999965e+00
3.280689000000000188e+00
3.285074999999999967e+00
3.289461000000000190e+00
3.293846999999999969e+00
3.298233000000000192e+00
3.302618999999999971e+00
3.307005000000000194e+00
3.311390999999999973e+00
3.315777000000000196e+00
3.320162999999999975e+00
3.324549000000000198e+00
3.328934999999999977e+00
3.333321000000000200e+00
3.337706999999999979e+00
3.342093000000000202e+00
3.346477999999999842e+00
3.350864000000000065e+00
3.355249999999999844e+00
3.359636000000000067e+00
3.364021999999999846e+00
3.368408000000000069e+00
3.372793999999999848e+00
3.377180000000000071e+00
3.381565999999999850e+00
3.385952000000000073e+00
3.390337999999999852e+00
3.394724000000000075e+00
3.399109999999999854e+00
3.403496000000000077e+00
3.407881999999999856e+00
3.412268000000000079e+00
3.416653999999999858e+00
3.421040000000000081e+00
3.425425999999999860e+00
3.429810999999999943e+00
3.434197000000000166e+00
3.438582999999999945e+00
3.442969000000000168e+00
3.447354999999999947e+00
3.451741000000000170e+00
3.456126999999999949e+00
3.460513000000000172e+00
3.464898999999999951e+00
3.469285000000000174e+00
3.473670999999999953e+00
3.478057000000000176e+00
3.482442999999999955e+00
3.486829000000000178e+00
3.491214999999999957e+00
3.495601000000000180e+00
3.499986999999999959e+00
3.504373000000000182e+00
3.508758999999999961e+00
3.513145000000000184e+00
3.517529999999999824e+00
3.521916000000000047e+00
3.526301999999999826e+00
3.530688000000000049e+00
3.535073999999999828e+00
3.539460000000000051e+00
3.543845999999999830e+00
3.548232000000000053e+00
3.552617999999999832e+00
3.557004000000000055e+00
3.561389999999999834e+00
3.565776000000000057e+00
3.570161999999999836e+00
3.574548000000000059e+00
3.578933999999999838e+00
3.583320000000000061e+00
3.587705999999999840e+00
3.592092000000000063e+00
3.596477999999999842e+00
3.600862999999999925e+00
3.605249000000000148e+00
3.609634999999999927e+00
3.614021000000000150e+00
3.618406999999999929e+00
3.622793000000000152e+00
3.627178999999999931e+00
3.631565000000000154e+00
3.635950999999999933e+00
3.640337000000000156e+00
3.644722999999999935e+00
3.649109000000000158e+00
3.653494999999999937e+00
3.657881000000000160e+00
3.662266999999999939e+00
3.666653000000000162e+00
3.671038999999999941e+00
3.675425000000000164e+00
3.679810999999999943e+00
3.684196000000000026e+00
3.688581999999999805e+00
3.692968000000000028e+00
3.697353999999999807e+00
3.701740000000000030e+00
3.706125999999999809e+00
3.710512000000000032e+00
3.714897999999999811e+00
3.719284000000000034e+00
3.723669999999999813e+00
3.728056000000000036e+00
3.732441999999999815e+00
3.736828000000000038e+00
3.741213999999999817e+00
3.745600000000000041e+00
3.749985999999999819e+00
3.754372000000000043e+00
3.758757999999999821e+00
3.763144000000000045e+00
3.767529999999999824e+00
3.771914999999999907e+00
3.776301000000000130e+00
3.780686999999999909e+00
3.785073000000000132e+00
3.789458999999999911e+00
3.793845000000000134e+00
3.798230999999999913e+00
3.802617000000000136e+00
3.807002999999999915e+00
3.811389000000000138e+00
3.815774999999999917e+00
3.820161000000000140e+00
3.824546999999999919e+00
3.828933000000000142e+00
3.833318999999999921e+00
3.837705000000000144e+00
3.842090999999999923e+00
3.846477000000000146e+00
3.850862999999999925e+00
3.855248000000000008e+00
3.859633999999999787e+00
3.864020000000000010e+00
3.868405999999999789e+00
3.872792000000000012e+00
3.877177999999999791e+00
3.881564000000000014e+00
3.885949999999999793e+00
3.890336000000000016e+00
3.894721999999999795e+00
3.899108000000000018e+00
3.903493999999999797e+00
3.907880000000000020e+00
3.912265999999999799e+00
3.916652000000000022e+00
3.921037999999999801e+00
3.925424000000000024e+00
3.929809999999999803e+00
3.934196000000000026e+00
3.938581000000000110e+00
3.942966999999999889e+00
3.947353000000000112e+00
3.951738999999999891e+00
3.956125000000000114e+00
3.960510999999999893e+00
3.964897000000000116e+00
3.969282999999999895e+00
3.973669000000000118e+00
3.978054999999999897e+00
3.982441000000000120e+00
3.986826999999999899e+00
3.991213000000000122e+00
3.995598999999999901e+00
3.999985000000000124e+00
4.004370999999999903e+00
4.008757000000000126e+00
4.013143000000000349e+00
4.017528999999999684e+00
4.021913999999999767e+00
4.026299999999999990e+00
4.030686000000000213e+00
4.035072000000000436e+00
4.039457999999999771e+00
4.043843999999999994e+00
4.048230000000000217e+00
4.052616000000000440e+00
4.057001999999999775e+00
4.061387999999999998e+00
4.065774000000000221e+00
4.070159999999999556e+00
4.074545999999999779e+00
4.078932000000000002e+00
4.083318000000000225e+00
4.087703999999999560e+00
4.092089999999999783e+00
4.096476000000000006e+00
4.100862000000000229e+00
4.105247999999999564e+00
4.109632999999999647e+00
4.114018999999999870e+00
4.118405000000000094e+00
4.122791000000000317e+00
4.127176999999999651e+00
4.131562999999999874e+00
4.135949000000000098e+00
4.140335000000000321e+00
4.144720999999999655e+00
4.149106999999999879e+00
4.153493000000000102e+00
4.157879000000000325e+00
4.162264999999999660e+00
4.166650999999999883e+00
4.171037000000000106e+00
4.175423000000000329e+00
4.179808999999999664e+00
4.184194999999999887e+00
4.188581000000000110e+00
4.192966000000000193e+00
4.197352000000000416e+00
4.201737999999999751e+00
4.206123999999999974e+00
4.210510000000000197e+00
4.214896000000000420e+00
4.219281999999999755e+00
4.223667999999999978e+00
4.228054000000000201e+00
4.232440000000000424e+00
4.236825999999999759e+00
4.241211999999999982e+00
4.245598000000000205e+00
4.249984000000000428e+00
4.254369999999999763e+00
4.258755999999999986e+00
4.263142000000000209e+00
4.267528000000000432e+00
4.271913999999999767e+00
4.276298999999999850e+00
4.280685000000000073e+00
4.285071000000000296e+00
4.289456999999999631e+00
4.293842999999999854e+00
4.298229000000000077e+00
4.302615000000000300e+00
4.307000999999999635e+00
4.311386999999999858e+00
4.315773000000000081e+00
4.320159000000000304e+00
4.324544999999999639e+00
4.328930999999999862e+00
4.333317000000000085e+00
4.337703000000000308e+00
4.342088999999999643e+00
4.346474999999999866e+00
4.350861000000000089e+00
4.355247000000000313e+00
4.359632999999999647e+00
4.364017999999999731e+00
4.368403999999999954e+00
4.372790000000000177e+00
4.377176000000000400e+00
4.381561999999999735e+00
