0.000000000000000000e+00
4.504542999999999742e-03
9.009085000000000010e-03
1.351363000000000043e-02
1.801817000000000002e-02
2.252271000000000134e-02
2.702726000000000087e-02
3.153179999999999872e-02
3.603634000000000004e-02
4.054088000000000136e-02
4.504542999999999742e-02
4.954996999999999874e-02
5.405451000000000006e-02
5.855905000000000138e-02
6.306359999999999744e-02
6.756813999999999876e-02
7.207268000000000008e-02
7.657722000000000140e-02
8.108176999999999746e-02
8.558630999999999878e-02
9.009085000000000010e-02
9.459539000000000142e-02
9.909993999999999748e-02
1.036045000000000021e-01
1.081089999999999968e-01
1.126135999999999943e-01
1.171181000000000028e-01
1.216225999999999974e-01
1.261271999999999949e-01
1.306316999999999895e-01
1.351362999999999870e-01
1.396408000000000094e-01
1.441454000000000069e-01
1.486499000000000015e-01
1.531543999999999961e-01
1.576589999999999936e-01
1.621634999999999882e-01
1.666681000000000135e-01
1.711726000000000081e-01
1.756772000000000056e-01
1.801817000000000002e-01
1.846861999999999948e-01
1.891907999999999923e-01
1.936952999999999869e-01
1.981999000000000122e-01
2.027044000000000068e-01
2.072090000000000043e-01
2.117134999999999989e-01
2.162179999999999935e-01
2.207225999999999910e-01
2.252271000000000134e-01
2.297317000000000109e-01
2.342362000000000055e-01
2.387408000000000030e-01
2.432452999999999976e-01
2.477497999999999923e-01
2.522543999999999897e-01
2.567589000000000121e-01
2.612634999999999819e-01
2.657680000000000042e-01
2.702725999999999740e-01
2.747770999999999963e-01
2.792816000000000187e-01
2.837861999999999885e-01
2.882907000000000108e-01
2.927952999999999806e-01
2.972998000000000030e-01
3.018043999999999727e-01
3.063088999999999951e-01
3.108134000000000174e-01
3.153179999999999872e-01
3.198225000000000096e-01
3.243270999999999793e-01
3.288316000000000017e-01
3.333362000000000269e-01
3.378406999999999938e-01
3.423452000000000162e-01
3.468497999999999859e-01
3.513543000000000083e-01
3.558588999999999780e-01
3.603634000000000004e-01
3.648679000000000228e-01
3.693724999999999925e-01
3.738770000000000149e-01
3.783815999999999846e-01
3.828861000000000070e-01
3.873906999999999767e-01
3.918951999999999991e-01
3.963997000000000215e-01
4.009042999999999912e-01
4.054088000000000136e-01
4.099133999999999833e-01
4.144179000000000057e-01
4.189224999999999755e-01
4.234269999999999978e-01
4.279315000000000202e-01
4.324360999999999899e-01
4.369406000000000123e-01
4.414451999999999821e-01
4.459497000000000044e-01
4.504542999999999742e-01
4.549587999999999965e-01
4.594633000000000189e-01
4.639678999999999887e-01
4.684724000000000110e-01
4.729769999999999808e-01
4.774815000000000031e-01
4.819860999999999729e-01
4.864905999999999953e-01
4.909951000000000176e-01
4.954996999999999874e-01
5.000042000000000098e-01
5.045087999999999795e-01
5.090133000000000019e-01
5.135178999999999716e-01
5.180223999999999940e-01
5.225269000000000164e-01
5.270314999999999861e-01
5.315360000000000085e-01
5.360405999999999782e-01
5.405451000000000006e-01
5.450496999999999703e-01
5.495541999999999927e-01
5.540587000000000151e-01
5.585632999999999848e-01
5.630678000000000072e-01
5.675723999999999769e-01
5.720768999999999993e-01
5.765814999999999690e-01
5.810859999999999914e-01
5.855905000000000138e-01
5.900950999999999835e-01
5.945996000000000059e-01
5.991041999999999756e-01
6.036086999999999980e-01
6.081132000000000204e-01
6.126177999999999901e-01
6.171223000000000125e-01
6.216268999999999822e-01
6.261314000000000046e-01
6.306359999999999744e-01
6.351404999999999967e-01
6.396450000000000191e-01
6.441495999999999889e-01
6.486541000000000112e-01
6.531586999999999810e-01
6.576632000000000033e-01
6.621677999999999731e-01
6.666722999999999955e-01
6.711768000000000178e-01
6.756813999999999876e-01
6.801859000000000099e-01
6.846904999999999797e-01
6.891950000000000021e-01
6.936995999999999718e-01
6.982040999999999942e-01
7.027086000000000165e-01
7.072131999999999863e-01
7.117177000000000087e-01
7.162222999999999784e-01
7.207268000000000008e-01
7.252313999999999705e-01
7.297358999999999929e-01
7.342404000000000153e-01
7.387449999999999850e-01
7.432495000000000074e-01
7.477540999999999771e-01
7.522585999999999995e-01
7.567631999999999692e-01
7.612676999999999916e-01
7.657722000000000140e-01
7.702767999999999837e-01
7.747813000000000061e-01
7.792858999999999758e-01
7.837903999999999982e-01
7.882949999999999680e-01
7.927994999999999903e-01
7.973040000000000127e-01
8.018085999999999824e-01
8.063131000000000048e-01
8.108176999999999746e-01
8.153221999999999969e-01
8.198267999999999667e-01
8.243312999999999890e-01
8.288358000000000114e-01
8.333403999999999812e-01
8.378449000000000035e-01
8.423494999999999733e-01
8.468539999999999957e-01
8.513585000000000180e-01
8.558630999999999878e-01
8.603676000000000101e-01
8.648721999999999799e-01
8.693767000000000023e-01
8.738812999999999720e-01
8.783857999999999944e-01
8.828903000000000167e-01
8.873948999999999865e-01
8.918994000000000089e-01
8.964039999999999786e-01
9.009085000000000010e-01
9.054130999999999707e-01
9.099175999999999931e-01
9.144221000000000155e-01
9.189266999999999852e-01
9.234312000000000076e-01
9.279357999999999773e-01
9.324402999999999997e-01
9.369448999999999694e-01
9.414493999999999918e-01
9.459539000000000142e-01
9.504584999999999839e-01
9.549630000000000063e-01
9.594675999999999760e-01
9.639720999999999984e-01
9.684766999999999681e-01
9.729811999999999905e-01
9.774857000000000129e-01
9.819902999999999826e-01
9.864948000000000050e-01
9.909993999999999748e-01
9.955038999999999971e-01
1.000008000000000008e+00
1.004512999999999989e+00
1.009017999999999970e+00
1.013522000000000034e+00
1.018027000000000015e+00
1.022531000000000079e+00
1.027036000000000060e+00
1.031539999999999901e+00
1.036045000000000105e+00
1.040548999999999946e+00
1.045053999999999927e+00
1.049557999999999991e+00
1.054062999999999972e+00
1.058567999999999953e+00
1.063072000000000017e+00
1.067576999999999998e+00
1.072081000000000062e+00
1.076586000000000043e+00
1.081090000000000106e+00
1.085595000000000088e+00
1.090098999999999929e+00
1.094603999999999910e+00
1.099107999999999974e+00
1.103612999999999955e+00
1.108117000000000019e+00
1.112622000000000000e+00
1.117126999999999981e+00
1.121631000000000045e+00
1.126136000000000026e+00
1.130640000000000089e+00
1.135145000000000071e+00
1.139648999999999912e+00
1.144153999999999893e+00
1.148657999999999957e+00
1.153162999999999938e+00
1.157667000000000002e+00
1.162171999999999983e+00
1.166676999999999964e+00
1.171181000000000028e+00
1.175686000000000009e+00
1.180190000000000072e+00
1.184695000000000054e+00
1.189198999999999895e+00
1.193704000000000098e+00
1.198207999999999940e+00
1.202712999999999921e+00
1.207216999999999985e+00
1.211721999999999966e+00
1.216226000000000029e+00
1.220731000000000011e+00
1.225235999999999992e+00
1.229740000000000055e+00
1.234245000000000037e+00
1.238749000000000100e+00
1.243254000000000081e+00
1.247757999999999923e+00
1.252262999999999904e+00
1.256766999999999967e+00
1.261271999999999949e+00
1.265776000000000012e+00
1.270280999999999993e+00
1.274785999999999975e+00
1.279290000000000038e+00
1.283795000000000019e+00
1.288299000000000083e+00
1.292804000000000064e+00
1.297307999999999906e+00
1.301813000000000109e+00
1.306316999999999950e+00
1.310821999999999932e+00
1.315325999999999995e+00
1.319830999999999976e+00
1.324335999999999958e+00
1.328840000000000021e+00
1.333345000000000002e+00
1.337849000000000066e+00
1.342354000000000047e+00
1.346858000000000111e+00
1.351363000000000092e+00
1.355866999999999933e+00
1.360371999999999915e+00
1.364875999999999978e+00
1.369380999999999959e+00
1.373885000000000023e+00
1.378390000000000004e+00
1.382894999999999985e+00
1.387399000000000049e+00
1.391904000000000030e+00
1.396408000000000094e+00
1.400913000000000075e+00
1.405416999999999916e+00
1.409921999999999898e+00
1.414425999999999961e+00
1.418930999999999942e+00
1.423435000000000006e+00
1.427939999999999987e+00
1.432444999999999968e+00
1.436949000000000032e+00
1.441454000000000013e+00
1.445958000000000077e+00
1.450463000000000058e+00
1.454966999999999899e+00
1.459472000000000103e+00
1.463975999999999944e+00
1.468480999999999925e+00
1.472984999999999989e+00
1.477489999999999970e+00
1.481994999999999951e+00
1.486499000000000015e+00
1.491003999999999996e+00
1.495508000000000060e+00
1.500013000000000041e+00
1.504517000000000104e+00
1.509022000000000086e+00
1.513525999999999927e+00
1.518030999999999908e+00
1.522534999999999972e+00
1.527039999999999953e+00
1.531544000000000016e+00
1.536048999999999998e+00
1.540553999999999979e+00
1.545058000000000042e+00
1.549563000000000024e+00
1.554067000000000087e+00
1.558572000000000068e+00
1.563075999999999910e+00
1.567580999999999891e+00
1.572084999999999955e+00
1.576589999999999936e+00
1.581093999999999999e+00
1.585598999999999981e+00
1.590103999999999962e+00
1.594608000000000025e+00
1.599113000000000007e+00
1.603617000000000070e+00
1.608122000000000051e+00
1.612625999999999893e+00
1.617131000000000096e+00
1.621634999999999938e+00
1.626139999999999919e+00
1.630643999999999982e+00
1.635148999999999964e+00
1.639653999999999945e+00
1.644158000000000008e+00
1.648662999999999990e+00
1.653167000000000053e+00
1.657672000000000034e+00
1.662176000000000098e+00
1.666681000000000079e+00
1.671184999999999921e+00
1.675689999999999902e+00
1.680193999999999965e+00
1.684698999999999947e+00
1.689203000000000010e+00
1.693707999999999991e+00
1.698212999999999973e+00
1.702717000000000036e+00
1.707222000000000017e+00
1.711726000000000081e+00
1.716231000000000062e+00
1.720734999999999904e+00
1.725240000000000107e+00
1.729743999999999948e+00
1.734248999999999929e+00
1.738752999999999993e+00
1.743257999999999974e+00
1.747762999999999955e+00
1.752267000000000019e+00
1.756772000000000000e+00
1.761276000000000064e+00
1.765781000000000045e+00
1.770285000000000108e+00
1.774790000000000090e+00
1.779293999999999931e+00
1.783798999999999912e+00
1.788302999999999976e+00
1.792807999999999957e+00
1.797312000000000021e+00
1.801817000000000002e+00
1.806321999999999983e+00
1.810826000000000047e+00
1.815331000000000028e+00
1.819835000000000091e+00
1.824340000000000073e+00
1.828843999999999914e+00
1.833348999999999895e+00
1.837852999999999959e+00
1.842357999999999940e+00
1.846862000000000004e+00
1.851366999999999985e+00
1.855871999999999966e+00
1.860376000000000030e+00
1.864881000000000011e+00
1.869385000000000074e+00
1.873890000000000056e+00
1.878393999999999897e+00
1.882899000000000100e+00
1.887402999999999942e+00
1.891907999999999923e+00
1.896411999999999987e+00
1.900916999999999968e+00
1.905421999999999949e+00
1.909926000000000013e+00
1.914430999999999994e+00
1.918935000000000057e+00
1.923440000000000039e+00
1.927944000000000102e+00
1.932449000000000083e+00
1.936952999999999925e+00
1.941457999999999906e+00
1.945961999999999970e+00
1.950466999999999951e+00
1.954971000000000014e+00
1.959475999999999996e+00
1.963980999999999977e+00
1.968485000000000040e+00
1.972990000000000022e+00
1.977494000000000085e+00
1.981999000000000066e+00
1.986502999999999908e+00
1.991007999999999889e+00
1.995511999999999952e+00
2.000017000000000156e+00
2.004520999999999997e+00
2.009025999999999978e+00
2.013530999999999960e+00
2.018034999999999801e+00
2.022539999999999782e+00
2.027044000000000068e+00
2.031549000000000049e+00
2.036052999999999891e+00
2.040557999999999872e+00
2.045062000000000157e+00
2.049567000000000139e+00
2.054070999999999980e+00
2.058575999999999961e+00
2.063080999999999943e+00
2.067584999999999784e+00
2.072090000000000209e+00
2.076594000000000051e+00
2.081099000000000032e+00
2.085602999999999874e+00
2.090107999999999855e+00
2.094612000000000140e+00
2.099117000000000122e+00
2.103620999999999963e+00
2.108125999999999944e+00
2.112629999999999786e+00
2.117135000000000211e+00
2.121640000000000192e+00
2.126144000000000034e+00
2.130649000000000015e+00
2.135152999999999857e+00
2.139657999999999838e+00
2.144162000000000123e+00
2.148667000000000105e+00
2.153170999999999946e+00
2.157675999999999927e+00
2.162180000000000213e+00
2.166685000000000194e+00
2.171190000000000175e+00
2.175694000000000017e+00
2.180198999999999998e+00
2.184702999999999840e+00
2.189207999999999821e+00
2.193712000000000106e+00
2.198217000000000088e+00
2.202720999999999929e+00
2.207225999999999910e+00
2.211730000000000196e+00
2.216235000000000177e+00
2.220739000000000019e+00
2.225244000000000000e+00
2.229748999999999981e+00
2.234252999999999822e+00
2.238757999999999804e+00
2.243262000000000089e+00
2.247767000000000071e+00
2.252270999999999912e+00
2.256775999999999893e+00
2.261280000000000179e+00
2.265785000000000160e+00
2.270289000000000001e+00
2.274793999999999983e+00
2.279298999999999964e+00
2.283802999999999805e+00
2.288307999999999787e+00
2.292812000000000072e+00
2.297317000000000053e+00
2.301820999999999895e+00
2.306325999999999876e+00
2.310830000000000162e+00
2.315335000000000143e+00
2.319838999999999984e+00
2.324343999999999966e+00
2.328848999999999947e+00
2.333352999999999788e+00
2.337858000000000214e+00
2.342362000000000055e+00
2.346867000000000036e+00
2.351370999999999878e+00
2.355875999999999859e+00
2.360380000000000145e+00
2.364885000000000126e+00
2.369388999999999967e+00
2.373893999999999949e+00
2.378397999999999790e+00
2.382903000000000215e+00
2.387408000000000197e+00
2.391912000000000038e+00
2.396417000000000019e+00
2.400920999999999861e+00
2.405425999999999842e+00
2.409930000000000128e+00
2.414435000000000109e+00
2.418938999999999950e+00
2.423443999999999932e+00
2.427948000000000217e+00
2.432453000000000198e+00
2.436958000000000180e+00
2.441462000000000021e+00
2.445967000000000002e+00
2.450470999999999844e+00
2.454975999999999825e+00
2.459480000000000111e+00
2.463985000000000092e+00
2.468488999999999933e+00
2.472993999999999915e+00
2.477498000000000200e+00
2.482003000000000181e+00
2.486508000000000163e+00
2.491012000000000004e+00
2.495516999999999985e+00
2.500020999999999827e+00
2.504525999999999808e+00
2.509030000000000094e+00
2.513535000000000075e+00
2.518038999999999916e+00
2.522543999999999897e+00
2.527048000000000183e+00
2.531553000000000164e+00
2.536057000000000006e+00
2.540561999999999987e+00
2.545066999999999968e+00
2.549570999999999810e+00
2.554075999999999791e+00
2.558580000000000076e+00
2.563085000000000058e+00
2.567588999999999899e+00
2.572093999999999880e+00
2.576598000000000166e+00
2.581103000000000147e+00
2.585606999999999989e+00
2.590111999999999970e+00
2.594616999999999951e+00
2.599120999999999793e+00
2.603626000000000218e+00
2.608130000000000059e+00
2.612635000000000041e+00
2.617138999999999882e+00
2.621643999999999863e+00
2.626148000000000149e+00
2.630653000000000130e+00
2.635156999999999972e+00
2.639661999999999953e+00
2.644165999999999794e+00
2.648671000000000220e+00
2.653176000000000201e+00
2.657680000000000042e+00
2.662185000000000024e+00
2.666688999999999865e+00
2.671193999999999846e+00
2.675698000000000132e+00
2.680203000000000113e+00
2.684706999999999955e+00
2.689211999999999936e+00
2.693716000000000221e+00
2.698221000000000203e+00
2.702726000000000184e+00
2.707230000000000025e+00
2.711735000000000007e+00
2.716238999999999848e+00
2.720743999999999829e+00
2.725248000000000115e+00
2.729753000000000096e+00
2.734256999999999938e+00
2.738761999999999919e+00
2.743266000000000204e+00
2.747771000000000186e+00
2.752276000000000167e+00
2.756780000000000008e+00
2.761284999999999989e+00
2.765788999999999831e+00
2.770293999999999812e+00
2.774798000000000098e+00
2.779303000000000079e+00
2.783806999999999920e+00
2.788311999999999902e+00
2.792816000000000187e+00
2.797321000000000168e+00
2.801825000000000010e+00
2.806329999999999991e+00
2.810834999999999972e+00
2.815338999999999814e+00
2.819843999999999795e+00
2.824348000000000081e+00
2.828853000000000062e+00
2.833356999999999903e+00
2.837861999999999885e+00
2.842366000000000170e+00
2.846871000000000151e+00
2.851374999999999993e+00
2.855879999999999974e+00
2.860384999999999955e+00
2.864888999999999797e+00
2.869393999999999778e+00
2.873898000000000064e+00
2.878403000000000045e+00
2.882906999999999886e+00
2.887411999999999868e+00
2.891916000000000153e+00
2.896421000000000134e+00
2.900924999999999976e+00
2.905429999999999957e+00
2.909934999999999938e+00
2.914438999999999780e+00
2.918944000000000205e+00
2.923448000000000047e+00
2.927953000000000028e+00
2.932456999999999869e+00
2.936961999999999851e+00
2.941466000000000136e+00
2.945971000000000117e+00
2.950474999999999959e+00
2.954979999999999940e+00
2.959483999999999781e+00
2.963989000000000207e+00
2.968494000000000188e+00
2.972998000000000030e+00
2.977503000000000011e+00
2.982006999999999852e+00
2.986511999999999833e+00
2.991016000000000119e+00
2.995521000000000100e+00
3.000024999999999942e+00
3.004529999999999923e+00
3.009034000000000209e+00
3.013539000000000190e+00
3.018044000000000171e+00
3.022548000000000012e+00
3.027052999999999994e+00
3.031556999999999835e+00
3.036061999999999816e+00
3.040566000000000102e+00
3.045071000000000083e+00
3.049574999999999925e+00
3.054079999999999906e+00
3.058584000000000191e+00
3.063089000000000173e+00
3.067594000000000154e+00
3.072097999999999995e+00
3.076602999999999977e+00
3.081106999999999818e+00
3.085611999999999799e+00
3.090116000000000085e+00
3.094621000000000066e+00
3.099124999999999908e+00
3.103629999999999889e+00
3.108134000000000174e+00
3.112639000000000156e+00
3.117142999999999997e+00
3.121647999999999978e+00
3.126152999999999960e+00
3.130656999999999801e+00
3.135161999999999782e+00
3.139666000000000068e+00
3.144171000000000049e+00
3.148674999999999891e+00
3.153179999999999872e+00
3.157684000000000157e+00
3.162189000000000139e+00
3.166692999999999980e+00
3.171197999999999961e+00
3.175702999999999943e+00
3.180206999999999784e+00
3.184712000000000209e+00
3.189216000000000051e+00
3.193721000000000032e+00
3.198224999999999874e+00
3.202729999999999855e+00
3.207234000000000140e+00
3.211739000000000122e+00
3.216242999999999963e+00
3.220747999999999944e+00
3.225251999999999786e+00
3.229757000000000211e+00
3.234262000000000192e+00
3.238766000000000034e+00
3.243271000000000015e+00
3.247774999999999856e+00
3.252279999999999838e+00
3.256784000000000123e+00
3.261289000000000105e+00
3.265792999999999946e+00
3.270297999999999927e+00
3.274802000000000213e+00
3.279307000000000194e+00
3.283812000000000175e+00
3.288316000000000017e+00
3.292820999999999998e+00
3.297324999999999839e+00
3.301829999999999821e+00
3.306334000000000106e+00
3.310839000000000087e+00
3.315342999999999929e+00
3.319847999999999910e+00
3.324352000000000196e+00
3.328857000000000177e+00
3.333362000000000158e+00
3.337866000000000000e+00
3.342370999999999981e+00
3.346874999999999822e+00
3.351379999999999804e+00
3.355884000000000089e+00
3.360389000000000070e+00
3.364892999999999912e+00
3.369397999999999893e+00
3.373902000000000179e+00
3.378407000000000160e+00
3.382911000000000001e+00
3.387415999999999983e+00
3.391920999999999964e+00
3.396424999999999805e+00
3.400929999999999787e+00
3.405434000000000072e+00
3.409939000000000053e+00
3.414442999999999895e+00
3.418947999999999876e+00
3.423452000000000162e+00
3.427957000000000143e+00
3.432460999999999984e+00
3.436965999999999966e+00
3.441470999999999947e+00
3.445974999999999788e+00
3.450480000000000214e+00
3.454984000000000055e+00
3.459489000000000036e+00
3.463992999999999878e+00
3.468497999999999859e+00
3.473002000000000145e+00
3.477507000000000126e+00
3.482010999999999967e+00
3.486515999999999948e+00
3.491020999999999930e+00
3.495525000000000215e+00
3.500030000000000197e+00
3.504534000000000038e+00
3.509039000000000019e+00
3.513542999999999861e+00
3.518047999999999842e+00
3.522552000000000127e+00
3.527057000000000109e+00
3.531560999999999950e+00
3.536065999999999931e+00
3.540570000000000217e+00
3.545075000000000198e+00
3.549580000000000179e+00
3.554084000000000021e+00
3.558589000000000002e+00
3.563092999999999844e+00
3.567597999999999825e+00
3.572102000000000110e+00
3.576607000000000092e+00
3.581110999999999933e+00
3.585615999999999914e+00
3.590120000000000200e+00
3.594625000000000181e+00
3.599130000000000162e+00
3.603634000000000004e+00
3.608138999999999985e+00
3.612642999999999827e+00
3.617147999999999808e+00
3.621652000000000093e+00
3.626157000000000075e+00
3.630660999999999916e+00
3.635165999999999897e+00
3.639670000000000183e+00
3.644175000000000164e+00
3.648679000000000006e+00
3.653183999999999987e+00
3.657688999999999968e+00
3.662192999999999810e+00
3.666697999999999791e+00
3.671202000000000076e+00
3.675707000000000058e+00
3.680210999999999899e+00
3.684715999999999880e+00
3.689220000000000166e+00
3.693725000000000147e+00
3.698228999999999989e+00
3.702733999999999970e+00
3.707238999999999951e+00
3.711742999999999792e+00
3.716248000000000218e+00
3.720752000000000059e+00
3.725257000000000041e+00
3.729760999999999882e+00
3.734265999999999863e+00
3.738770000000000149e+00
3.743275000000000130e+00
3.747778999999999971e+00
3.752283999999999953e+00
3.756788999999999934e+00
3.761293000000000220e+00
3.765798000000000201e+00
3.770302000000000042e+00
3.774807000000000023e+00
3.779310999999999865e+00
3.783815999999999846e+00
3.788320000000000132e+00
3.792825000000000113e+00
3.797328999999999954e+00
3.801833999999999936e+00
3.806338000000000221e+00
3.810843000000000202e+00
3.815348000000000184e+00
3.819852000000000025e+00
3.824357000000000006e+00
3.828860999999999848e+00
3.833365999999999829e+00
3.837870000000000115e+00
3.842375000000000096e+00
3.846878999999999937e+00
3.851383999999999919e+00
3.855888000000000204e+00
3.860393000000000185e+00
3.864898000000000167e+00
3.869402000000000008e+00
3.873906999999999989e+00
3.878410999999999831e+00
3.882915999999999812e+00
3.887420000000000098e+00
3.891925000000000079e+00
3.896428999999999920e+00
3.900933999999999902e+00
3.905438000000000187e+00
3.909943000000000168e+00
3.914448000000000150e+00
3.918951999999999991e+00
3.923456999999999972e+00
3.927960999999999814e+00
3.932465999999999795e+00
3.936970000000000081e+00
3.941475000000000062e+00
3.945978999999999903e+00
3.950483999999999885e+00
3.954988000000000170e+00
3.959493000000000151e+00
3.963996999999999993e+00
3.968501999999999974e+00
3.973006999999999955e+00
3.977510999999999797e+00
3.982015999999999778e+00
3.986520000000000064e+00
3.991025000000000045e+00
3.995528999999999886e+00
4.000034000000000312e+00
4.004538000000000153e+00
4.009043000000000134e+00
4.013546999999999976e+00
4.018051999999999957e+00
4.022556999999999938e+00
4.027060999999999780e+00
4.031565999999999761e+00
4.036069999999999602e+00
4.040574999999999584e+00
4.045079000000000313e+00
4.049584000000000295e+00
4.054088000000000136e+00
4.058593000000000117e+00
4.063096999999999959e+00
4.067601999999999940e+00
4.072105999999999781e+00
4.076610999999999763e+00
4.081115999999999744e+00
4.085619999999999585e+00
4.090124999999999567e+00
4.094629000000000296e+00
4.099134000000000277e+00
4.103638000000000119e+00
4.108143000000000100e+00
4.112646999999999942e+00
4.117151999999999923e+00
4.121655999999999764e+00
4.126160999999999746e+00
4.130665999999999727e+00
4.135169999999999568e+00
4.139675000000000438e+00
4.144179000000000279e+00
4.148684000000000260e+00
4.153188000000000102e+00
4.157693000000000083e+00
4.162196999999999925e+00
4.166701999999999906e+00
4.171205999999999747e+00
4.175710999999999729e+00
4.180215999999999710e+00
4.184720000000000439e+00
4.189225000000000421e+00
4.193729000000000262e+00
4.198234000000000243e+00
4.202738000000000085e+00
4.207243000000000066e+00
4.211746999999999908e+00
4.216251999999999889e+00
4.220755999999999730e+00
4.225260999999999711e+00
4.229765000000000441e+00
4.234270000000000422e+00
4.238775000000000404e+00
4.243279000000000245e+00
4.247784000000000226e+00
4.252288000000000068e+00
4.256793000000000049e+00
4.261296999999999890e+00
4.265801999999999872e+00
4.270305999999999713e+00
4.274810999999999694e+00
4.279315000000000424e+00
4.283820000000000405e+00
4.288325000000000387e+00
4.292829000000000228e+00
4.297334000000000209e+00
4.301838000000000051e+00
4.306343000000000032e+00
4.310846999999999873e+00
4.315351999999999855e+00
4.319855999999999696e+00
4.324360999999999677e+00
4.328865000000000407e+00
4.333370000000000388e+00
4.337875000000000369e+00
4.342379000000000211e+00
4.346884000000000192e+00
4.351388000000000034e+00
4.355893000000000015e+00
4.360396999999999856e+00
4.364901999999999838e+00
4.369405999999999679e+00
4.373910999999999660e+00
4.378415000000000390e+00
4.382920000000000371e+00
4.387424000000000213e+00
4.391929000000000194e+00
4.396434000000000175e+00
4.400938000000000017e+00
4.405442999999999998e+00
4.409946999999999839e+00
4.414451999999999821e+00
4.418955999999999662e+00
4.423460999999999643e+00
4.427965000000000373e+00
4.432470000000000354e+00
4.436974000000000196e+00
4.441479000000000177e+00
4.445984000000000158e+00
4.450488000000000000e+00
4.454992999999999981e+00
4.459496999999999822e+00
4.464001999999999803e+00
4.468505999999999645e+00
4.473010999999999626e+00
4.477515000000000356e+00
4.482020000000000337e+00
4.486524000000000179e+00
4.491029000000000160e+00
4.495534000000000141e+00
4.500037999999999982e+00
