0.000000000000000000e+00
4.307066000000000019e-03
8.614131000000000565e-03
1.292120000000000074e-02
1.722825999999999871e-02
2.153532999999999836e-02
2.584238999999999981e-02
3.014945999999999945e-02
3.445652999999999910e-02
3.876359000000000055e-02
4.307065999999999673e-02
4.737771999999999817e-02
5.168479000000000129e-02
5.599185000000000273e-02
6.029891999999999891e-02
6.460599000000000203e-02
6.891305000000000347e-02
7.322011999999999965e-02
7.752718000000000109e-02
8.183424999999999727e-02
8.614130999999999871e-02
9.044837999999999489e-02
9.475545000000000495e-02
9.906251000000000639e-02
1.033696000000000059e-01
1.076765999999999973e-01
1.119837000000000055e-01
1.162907999999999997e-01
1.205978000000000050e-01
1.249048999999999993e-01
1.292119999999999935e-01
1.335189999999999988e-01
1.378261000000000069e-01
1.421331999999999873e-01
1.464401999999999926e-01
1.507473000000000007e-01
1.550544000000000089e-01
1.593613999999999864e-01
1.636684999999999945e-01
1.679756000000000027e-01
1.722826000000000080e-01
1.765896999999999883e-01
1.808967999999999965e-01
1.852038000000000018e-01
1.895109000000000099e-01
1.938179999999999903e-01
1.981249999999999956e-01
2.024321000000000037e-01
2.067392000000000118e-01
2.110461999999999894e-01
2.153532999999999975e-01
2.196604000000000056e-01
2.239674000000000109e-01
2.282744999999999913e-01
2.325814999999999966e-01
2.368886000000000047e-01
2.411957000000000129e-01
2.455026999999999904e-01
2.498097999999999985e-01
2.541168999999999789e-01
2.584238999999999842e-01
2.627309999999999923e-01
2.670381000000000005e-01
2.713451000000000057e-01
2.756522000000000139e-01
2.799593000000000220e-01
2.842663000000000273e-01
2.885733999999999799e-01
2.928804999999999881e-01
2.971874999999999933e-01
3.014946000000000015e-01
3.058017000000000096e-01
3.101087000000000149e-01
3.144158000000000230e-01
3.187228999999999757e-01
3.230298999999999809e-01
3.273369999999999891e-01
3.316440999999999972e-01
3.359511000000000025e-01
3.402582000000000106e-01
3.445653000000000188e-01
3.488723000000000241e-01
3.531793999999999767e-01
3.574864999999999848e-01
3.617934999999999901e-01
3.661005999999999982e-01
3.704077000000000064e-01
3.747147000000000117e-01
3.790218000000000198e-01
3.833288000000000251e-01
3.876358999999999777e-01
3.919429999999999858e-01
3.962499999999999911e-01
4.005570999999999993e-01
4.048642000000000074e-01
4.091712000000000127e-01
4.134783000000000208e-01
4.177853999999999735e-01
4.220923999999999787e-01
4.263994999999999869e-01
4.307065999999999950e-01
4.350136000000000003e-01
4.393207000000000084e-01
4.436278000000000166e-01
4.479348000000000218e-01
4.522418999999999745e-01
4.565489999999999826e-01
4.608559999999999879e-01
4.651630999999999960e-01
4.694702000000000042e-01
4.737772000000000094e-01
4.780843000000000176e-01
4.823914000000000257e-01
4.866983999999999755e-01
4.910054999999999836e-01
4.953125999999999918e-01
4.996195999999999970e-01
5.039266999999999497e-01
5.082337999999999578e-01
5.125408000000000186e-01
5.168479000000000267e-01
5.211550000000000349e-01
5.254619999999999846e-01
5.297690999999999928e-01
5.340761000000000536e-01
5.383831999999999507e-01
5.426902999999999588e-01
5.469973000000000196e-01
5.513044000000000278e-01
5.556115000000000359e-01
5.599184999999999857e-01
5.642255999999999938e-01
5.685327000000000019e-01
5.728396999999999517e-01
5.771467999999999599e-01
5.814538999999999680e-01
5.857609000000000288e-01
5.900680000000000369e-01
5.943751000000000451e-01
5.986820999999999948e-01
6.029892000000000030e-01
6.072963000000000111e-01
6.116032999999999609e-01
6.159103999999999690e-01
6.202174999999999772e-01
6.245245000000000379e-01
6.288316000000000461e-01
6.331387000000000542e-01
6.374457000000000040e-01
6.417528000000000121e-01
6.460599000000000203e-01
6.503668999999999700e-01
6.546739999999999782e-01
6.589810999999999863e-01
6.632881000000000471e-01
6.675952000000000552e-01
6.719022000000000050e-01
6.762093000000000131e-01
6.805164000000000213e-01
6.848233999999999710e-01
6.891304999999999792e-01
6.934375999999999873e-01
6.977446000000000481e-01
7.020516999999999452e-01
7.063587999999999534e-01
7.106658000000000142e-01
7.149729000000000223e-01
7.192800000000000304e-01
7.235869999999999802e-01
7.278940999999999883e-01
7.322011999999999965e-01
7.365081999999999463e-01
7.408152999999999544e-01
7.451223999999999625e-01
7.494294000000000233e-01
7.537365000000000315e-01
7.580436000000000396e-01
7.623505999999999894e-01
7.666576999999999975e-01
7.709648000000000057e-01
7.752717999999999554e-01
7.795788999999999636e-01
7.838859999999999717e-01
7.881930000000000325e-01
7.925001000000000406e-01
7.968072000000000488e-01
8.011141999999999985e-01
8.054213000000000067e-01
8.097284000000000148e-01
8.140353999999999646e-01
8.183424999999999727e-01
8.226495000000000335e-01
8.269566000000000416e-01
8.312637000000000498e-01
8.355706999999999995e-01
8.398778000000000077e-01
8.441849000000000158e-01
8.484918999999999656e-01
8.527989999999999737e-01
8.571060999999999819e-01
8.614131000000000427e-01
8.657202000000000508e-01
8.700272999999999479e-01
8.743343000000000087e-01
8.786414000000000168e-01
8.829485000000000250e-01
8.872554999999999747e-01
8.915625999999999829e-01
8.958696999999999910e-01
9.001767000000000518e-01
9.044837999999999489e-01
9.087908999999999571e-01
9.130979000000000179e-01
9.174050000000000260e-01
9.217121000000000342e-01
9.260190999999999839e-01
9.303261999999999921e-01
9.346333000000000002e-01
9.389402999999999500e-01
9.432473999999999581e-01
9.475544999999999662e-01
9.518615000000000270e-01
9.561686000000000352e-01
9.604757000000000433e-01
9.647826999999999931e-01
9.690898000000000012e-01
9.733967999999999510e-01
9.777038999999999591e-01
9.820109999999999673e-01
9.863180000000000280e-01
9.906251000000000362e-01
9.949322000000000443e-01
9.992391999999999941e-01
1.003546000000000049e+00
1.007853000000000110e+00
1.012159999999999949e+00
1.016467999999999927e+00
1.020774999999999988e+00
1.025082000000000049e+00
1.029389000000000109e+00
1.033695999999999948e+00
1.038003000000000009e+00
1.042310000000000070e+00
1.046616999999999909e+00
1.050923999999999969e+00
1.055231000000000030e+00
1.059538000000000091e+00
1.063844999999999930e+00
1.068151999999999990e+00
1.072459000000000051e+00
1.076765999999999890e+00
1.081072999999999951e+00
1.085380999999999929e+00
1.089687999999999990e+00
1.093995000000000051e+00
1.098301999999999889e+00
1.102608999999999950e+00
1.106916000000000011e+00
1.111223000000000072e+00
1.115529999999999911e+00
1.119836999999999971e+00
1.124144000000000032e+00
1.128451000000000093e+00
1.132757999999999932e+00
1.137064999999999992e+00
1.141372000000000053e+00
1.145678999999999892e+00
1.149987000000000092e+00
1.154293999999999931e+00
1.158600999999999992e+00
1.162908000000000053e+00
1.167214999999999892e+00
1.171521999999999952e+00
1.175829000000000013e+00
1.180136000000000074e+00
1.184442999999999913e+00
1.188749999999999973e+00
1.193057000000000034e+00
1.197364000000000095e+00
1.201670999999999934e+00
1.205977999999999994e+00
1.210285000000000055e+00
1.214593000000000034e+00
1.218900000000000095e+00
1.223206999999999933e+00
1.227513999999999994e+00
1.231821000000000055e+00
1.236127999999999894e+00
1.240434999999999954e+00
1.244742000000000015e+00
1.249049000000000076e+00
1.253355999999999915e+00
1.257662999999999975e+00
1.261970000000000036e+00
1.266277000000000097e+00
1.270583999999999936e+00
1.274890999999999996e+00
1.279198999999999975e+00
1.283506000000000036e+00
1.287813000000000097e+00
1.292119999999999935e+00
1.296426999999999996e+00
1.300734000000000057e+00
1.305040999999999896e+00
1.309347999999999956e+00
1.313655000000000017e+00
1.317962000000000078e+00
1.322268999999999917e+00
1.326575999999999977e+00
1.330883000000000038e+00
1.335190000000000099e+00
1.339496999999999938e+00
1.343803999999999998e+00
1.348111999999999977e+00
1.352419000000000038e+00
1.356726000000000099e+00
1.361032999999999937e+00
1.365339999999999998e+00
1.369647000000000059e+00
1.373953999999999898e+00
1.378260999999999958e+00
1.382568000000000019e+00
1.386875000000000080e+00
1.391181999999999919e+00
1.395488999999999979e+00
1.399796000000000040e+00
1.404103000000000101e+00
1.408409999999999940e+00
1.412717999999999918e+00
1.417024999999999979e+00
1.421332000000000040e+00
1.425639000000000101e+00
1.429945999999999939e+00
1.434253000000000000e+00
1.438560000000000061e+00
1.442866999999999900e+00
1.447173999999999960e+00
1.451481000000000021e+00
1.455788000000000082e+00
1.460094999999999921e+00
1.464401999999999981e+00
1.468709000000000042e+00
1.473016000000000103e+00
1.477324000000000082e+00
1.481630999999999920e+00
1.485937999999999981e+00
1.490245000000000042e+00
1.494552000000000103e+00
1.498858999999999941e+00
1.503166000000000002e+00
1.507473000000000063e+00
1.511779999999999902e+00
1.516086999999999962e+00
1.520394000000000023e+00
1.524701000000000084e+00
1.529007999999999923e+00
1.533314999999999984e+00
1.537622000000000044e+00
1.541930000000000023e+00
1.546237000000000084e+00
1.550543999999999922e+00
1.554850999999999983e+00
1.559158000000000044e+00
1.563465000000000105e+00
1.567771999999999943e+00
1.572079000000000004e+00
1.576386000000000065e+00
1.580692999999999904e+00
1.584999999999999964e+00
1.589307000000000025e+00
1.593614000000000086e+00
1.597920999999999925e+00
1.602227999999999986e+00
1.606535999999999964e+00
1.610843000000000025e+00
1.615150000000000086e+00
1.619456999999999924e+00
1.623763999999999985e+00
1.628071000000000046e+00
1.632378000000000107e+00
1.636684999999999945e+00
1.640992000000000006e+00
1.645299000000000067e+00
1.649605999999999906e+00
1.653912999999999967e+00
1.658220000000000027e+00
1.662527000000000088e+00
1.666833999999999927e+00
1.671140999999999988e+00
1.675448999999999966e+00
1.679756000000000027e+00
1.684063000000000088e+00
1.688369999999999926e+00
1.692676999999999987e+00
1.696984000000000048e+00
1.701291000000000109e+00
1.705597999999999947e+00
1.709905000000000008e+00
1.714212000000000069e+00
1.718518999999999908e+00
1.722825999999999969e+00
1.727133000000000029e+00
1.731440000000000090e+00
1.735746999999999929e+00
1.740054999999999907e+00
1.744361999999999968e+00
1.748669000000000029e+00
1.752976000000000090e+00
1.757282999999999928e+00
1.761589999999999989e+00
1.765897000000000050e+00
1.770204000000000111e+00
1.774510999999999949e+00
1.778818000000000010e+00
1.783125000000000071e+00
1.787431999999999910e+00
1.791738999999999971e+00
1.796046000000000031e+00
1.800353000000000092e+00
1.804661000000000071e+00
1.808967999999999909e+00
1.813274999999999970e+00
1.817582000000000031e+00
1.821889000000000092e+00
1.826195999999999930e+00
1.830502999999999991e+00
1.834810000000000052e+00
1.839116999999999891e+00
1.843423999999999952e+00
1.847731000000000012e+00
1.852038000000000073e+00
1.856344999999999912e+00
1.860651999999999973e+00
1.864959000000000033e+00
1.869267000000000012e+00
1.873574000000000073e+00
1.877880999999999911e+00
1.882187999999999972e+00
1.886495000000000033e+00
1.890802000000000094e+00
1.895108999999999932e+00
1.899415999999999993e+00
1.903723000000000054e+00
1.908029999999999893e+00
1.912336999999999954e+00
1.916644000000000014e+00
1.920951000000000075e+00
1.925257999999999914e+00
1.929564999999999975e+00
1.933872999999999953e+00
1.938180000000000014e+00
1.942487000000000075e+00
1.946793999999999913e+00
1.951100999999999974e+00
1.955408000000000035e+00
1.959715000000000096e+00
1.964021999999999935e+00
1.968328999999999995e+00
1.972636000000000056e+00
1.976942999999999895e+00
1.981249999999999956e+00
1.985557000000000016e+00
1.989864000000000077e+00
1.994170999999999916e+00
1.998477999999999977e+00
2.002785999999999955e+00
2.007092999999999794e+00
2.011400000000000077e+00
2.015706999999999915e+00
2.020014000000000198e+00
2.024321000000000037e+00
2.028627999999999876e+00
2.032935000000000159e+00
2.037241999999999997e+00
2.041548999999999836e+00
2.045856000000000119e+00
2.050162999999999958e+00
2.054469999999999796e+00
2.058777000000000079e+00
2.063083999999999918e+00
2.067391999999999896e+00
2.071699000000000179e+00
2.076006000000000018e+00
2.080312999999999857e+00
2.084620000000000140e+00
2.088926999999999978e+00
2.093233999999999817e+00
2.097541000000000100e+00
2.101847999999999939e+00
2.106155000000000221e+00
2.110462000000000060e+00
2.114768999999999899e+00
2.119076000000000182e+00
2.123383000000000020e+00
2.127689999999999859e+00
2.131997999999999838e+00
2.136305000000000121e+00
2.140611999999999959e+00
2.144918999999999798e+00
2.149226000000000081e+00
2.153532999999999920e+00
2.157840000000000202e+00
2.162147000000000041e+00
2.166453999999999880e+00
2.170761000000000163e+00
2.175068000000000001e+00
2.179374999999999840e+00
2.183682000000000123e+00
2.187988999999999962e+00
2.192295999999999800e+00
2.196603999999999779e+00
2.200911000000000062e+00
2.205217999999999900e+00
2.209525000000000183e+00
2.213832000000000022e+00
2.218138999999999861e+00
2.222446000000000144e+00
2.226752999999999982e+00
2.231059999999999821e+00
2.235367000000000104e+00
2.239673999999999943e+00
2.243980999999999781e+00
2.248288000000000064e+00
2.252594999999999903e+00
2.256902000000000186e+00
2.261209000000000024e+00
2.265517000000000003e+00
2.269823999999999842e+00
2.274131000000000125e+00
2.278437999999999963e+00
2.282744999999999802e+00
2.287052000000000085e+00
2.291358999999999924e+00
2.295666000000000206e+00
2.299973000000000045e+00
2.304279999999999884e+00
2.308587000000000167e+00
2.312894000000000005e+00
2.317200999999999844e+00
2.321508000000000127e+00
2.325814999999999966e+00
2.330122999999999944e+00
2.334429999999999783e+00
2.338737000000000066e+00
2.343043999999999905e+00
2.347351000000000187e+00
2.351658000000000026e+00
2.355964999999999865e+00
2.360272000000000148e+00
2.364578999999999986e+00
2.368885999999999825e+00
2.373193000000000108e+00
2.377499999999999947e+00
2.381806999999999785e+00
2.386114000000000068e+00
2.390420999999999907e+00
2.394728999999999886e+00
2.399036000000000168e+00
2.403343000000000007e+00
2.407649999999999846e+00
2.411957000000000129e+00
2.416263999999999967e+00
2.420570999999999806e+00
2.424878000000000089e+00
2.429184999999999928e+00
2.433492000000000210e+00
2.437799000000000049e+00
2.442105999999999888e+00
2.446413000000000171e+00
2.450720000000000010e+00
2.455026999999999848e+00
2.459334999999999827e+00
2.463642000000000110e+00
2.467948999999999948e+00
2.472255999999999787e+00
2.476563000000000070e+00
2.480869999999999909e+00
2.485177000000000191e+00
2.489484000000000030e+00
2.493790999999999869e+00
2.498098000000000152e+00
2.502404999999999990e+00
2.506711999999999829e+00
2.511019000000000112e+00
2.515325999999999951e+00
2.519632999999999790e+00
2.523941000000000212e+00
2.528248000000000051e+00
2.532554999999999890e+00
2.536862000000000172e+00
2.541169000000000011e+00
2.545475999999999850e+00
2.549783000000000133e+00
2.554089999999999971e+00
2.558396999999999810e+00
2.562704000000000093e+00
2.567010999999999932e+00
2.571318000000000215e+00
2.575625000000000053e+00
2.579931999999999892e+00
2.584239000000000175e+00
2.588546000000000014e+00
2.592853999999999992e+00
2.597160999999999831e+00
2.601468000000000114e+00
2.605774999999999952e+00
2.610081999999999791e+00
2.614389000000000074e+00
2.618695999999999913e+00
2.623003000000000196e+00
2.627310000000000034e+00
2.631616999999999873e+00
2.635924000000000156e+00
2.640230999999999995e+00
2.644537999999999833e+00
2.648845000000000116e+00
2.653151999999999955e+00
2.657459999999999933e+00
2.661767000000000216e+00
2.666074000000000055e+00
2.670380999999999894e+00
2.674688000000000176e+00
2.678995000000000015e+00
2.683301999999999854e+00
2.687609000000000137e+00
2.691915999999999976e+00
2.696222999999999814e+00
2.700530000000000097e+00
2.704836999999999936e+00
2.709144000000000219e+00
2.713451000000000057e+00
2.717757999999999896e+00
2.722065999999999875e+00
2.726373000000000157e+00
2.730679999999999996e+00
2.734986999999999835e+00
2.739294000000000118e+00
2.743600999999999956e+00
2.747907999999999795e+00
2.752215000000000078e+00
2.756521999999999917e+00
2.760829000000000200e+00
2.765136000000000038e+00
2.769442999999999877e+00
2.773750000000000160e+00
2.778056999999999999e+00
2.782363999999999837e+00
2.786671999999999816e+00
2.790979000000000099e+00
2.795285999999999937e+00
2.799593000000000220e+00
2.803900000000000059e+00
2.808206999999999898e+00
2.812514000000000181e+00
2.816821000000000019e+00
2.821127999999999858e+00
2.825435000000000141e+00
2.829741999999999980e+00
2.834048999999999818e+00
2.838356000000000101e+00
2.842662999999999940e+00
2.846969999999999779e+00
2.851277000000000061e+00
2.855585000000000040e+00
2.859891999999999879e+00
2.864199000000000161e+00
2.868506000000000000e+00
2.872812999999999839e+00
2.877120000000000122e+00
2.881426999999999961e+00
2.885733999999999799e+00
2.890041000000000082e+00
2.894347999999999921e+00
2.898655000000000204e+00
2.902962000000000042e+00
2.907268999999999881e+00
2.911576000000000164e+00
2.915883000000000003e+00
2.920190999999999981e+00
2.924497999999999820e+00
2.928805000000000103e+00
2.933111999999999941e+00
2.937418999999999780e+00
2.941726000000000063e+00
2.946032999999999902e+00
2.950340000000000185e+00
2.954647000000000023e+00
2.958953999999999862e+00
2.963261000000000145e+00
2.967567999999999984e+00
2.971874999999999822e+00
2.976182000000000105e+00
2.980488999999999944e+00
2.984796999999999922e+00
2.989104000000000205e+00
2.993411000000000044e+00
2.997717999999999883e+00
3.002025000000000166e+00
3.006332000000000004e+00
3.010638999999999843e+00
3.014946000000000126e+00
3.019252999999999965e+00
3.023559999999999803e+00
3.027867000000000086e+00
3.032173999999999925e+00
3.036481000000000208e+00
3.040788000000000046e+00
3.045094999999999885e+00
3.049402999999999864e+00
3.053710000000000147e+00
3.058016999999999985e+00
3.062323999999999824e+00
3.066631000000000107e+00
3.070937999999999946e+00
3.075244999999999784e+00
3.079552000000000067e+00
3.083858999999999906e+00
3.088166000000000189e+00
3.092473000000000027e+00
3.096779999999999866e+00
3.101087000000000149e+00
3.105393999999999988e+00
3.109700999999999826e+00
3.114008999999999805e+00
3.118316000000000088e+00
3.122622999999999927e+00
3.126930000000000209e+00
3.131237000000000048e+00
3.135543999999999887e+00
3.139851000000000170e+00
3.144158000000000008e+00
3.148464999999999847e+00
3.152772000000000130e+00
3.157078999999999969e+00
3.161385999999999807e+00
3.165693000000000090e+00
3.169999999999999929e+00
3.174307000000000212e+00
3.178614000000000051e+00
3.182922000000000029e+00
3.187228999999999868e+00
3.191536000000000151e+00
3.195842999999999989e+00
3.200149999999999828e+00
3.204457000000000111e+00
3.208763999999999950e+00
3.213070999999999788e+00
3.217378000000000071e+00
3.221684999999999910e+00
3.225992000000000193e+00
3.230299000000000031e+00
3.234605999999999870e+00
3.238913000000000153e+00
3.243219999999999992e+00
3.247527999999999970e+00
3.251834999999999809e+00
3.256142000000000092e+00
3.260448999999999931e+00
3.264756000000000213e+00
3.269063000000000052e+00
3.273369999999999891e+00
3.277677000000000174e+00
3.281984000000000012e+00
3.286290999999999851e+00
3.290598000000000134e+00
3.294904999999999973e+00
3.299211999999999811e+00
3.303519000000000094e+00
3.307825999999999933e+00
3.312133999999999912e+00
3.316441000000000194e+00
3.320748000000000033e+00
3.325054999999999872e+00
3.329362000000000155e+00
3.333668999999999993e+00
3.337975999999999832e+00
3.342283000000000115e+00
3.346589999999999954e+00
3.350896999999999792e+00
3.355204000000000075e+00
3.359510999999999914e+00
3.363818000000000197e+00
3.368125000000000036e+00
3.372431999999999874e+00
3.376739999999999853e+00
3.381047000000000136e+00
3.385353999999999974e+00
3.389660999999999813e+00
3.393968000000000096e+00
3.398274999999999935e+00
3.402582000000000217e+00
3.406889000000000056e+00
3.411195999999999895e+00
3.415503000000000178e+00
3.419810000000000016e+00
3.424116999999999855e+00
3.428424000000000138e+00
3.432730999999999977e+00
3.437037999999999816e+00
3.441345000000000098e+00
3.445653000000000077e+00
3.449959999999999916e+00
3.454267000000000198e+00
3.458574000000000037e+00
3.462880999999999876e+00
3.467188000000000159e+00
3.471494999999999997e+00
3.475801999999999836e+00
3.480109000000000119e+00
3.484415999999999958e+00
3.488722999999999796e+00
3.493030000000000079e+00
3.497336999999999918e+00
3.501644000000000201e+00
3.505951000000000040e+00
3.510259000000000018e+00
3.514565999999999857e+00
3.518873000000000140e+00
3.523179999999999978e+00
3.527486999999999817e+00
3.531794000000000100e+00
3.536100999999999939e+00
3.540408000000000222e+00
3.544715000000000060e+00
3.549021999999999899e+00
3.553329000000000182e+00
3.557636000000000021e+00
3.561942999999999859e+00
3.566250000000000142e+00
3.570556999999999981e+00
3.574864999999999959e+00
3.579171999999999798e+00
3.583479000000000081e+00
3.587785999999999920e+00
3.592093000000000202e+00
3.596400000000000041e+00
3.600706999999999880e+00
3.605014000000000163e+00
3.609321000000000002e+00
3.613627999999999840e+00
3.617935000000000123e+00
3.622241999999999962e+00
3.626548999999999801e+00
3.630856000000000083e+00
3.635162999999999922e+00
3.639470999999999901e+00
3.643778000000000183e+00
3.648085000000000022e+00
3.652391999999999861e+00
3.656699000000000144e+00
3.661005999999999982e+00
3.665312999999999821e+00
3.669620000000000104e+00
3.673926999999999943e+00
3.678233999999999781e+00
3.682541000000000064e+00
3.686847999999999903e+00
3.691155000000000186e+00
3.695462000000000025e+00
3.699768999999999863e+00
3.704076999999999842e+00
3.708384000000000125e+00
3.712690999999999963e+00
3.716997999999999802e+00
3.721305000000000085e+00
3.725611999999999924e+00
3.729919000000000207e+00
3.734226000000000045e+00
3.738532999999999884e+00
3.742840000000000167e+00
3.747147000000000006e+00
3.751453999999999844e+00
3.755761000000000127e+00
3.760067999999999966e+00
3.764374999999999805e+00
3.768682000000000087e+00
3.772990000000000066e+00
3.777296999999999905e+00
3.781604000000000187e+00
3.785911000000000026e+00
3.790217999999999865e+00
3.794525000000000148e+00
3.798831999999999987e+00
3.803138999999999825e+00
3.807446000000000108e+00
3.811752999999999947e+00
3.816059999999999786e+00
3.820367000000000068e+00
3.824673999999999907e+00
3.828981000000000190e+00
3.833288000000000029e+00
3.837596000000000007e+00
3.841902999999999846e+00
3.846210000000000129e+00
3.850516999999999967e+00
3.854823999999999806e+00
3.859131000000000089e+00
3.863437999999999928e+00
3.867745000000000211e+00
3.872052000000000049e+00
3.876358999999999888e+00
3.880666000000000171e+00
3.884973000000000010e+00
3.889279999999999848e+00
3.893587000000000131e+00
3.897893999999999970e+00
3.902201999999999948e+00
3.906508999999999787e+00
3.910816000000000070e+00
3.915122999999999909e+00
3.919430000000000192e+00
3.923737000000000030e+00
3.928043999999999869e+00
3.932351000000000152e+00
3.936657999999999991e+00
3.940964999999999829e+00
3.945272000000000112e+00
3.949578999999999951e+00
3.953885999999999790e+00
3.958193000000000072e+00
3.962499999999999911e+00
3.966807999999999890e+00
3.971115000000000173e+00
3.975422000000000011e+00
3.979728999999999850e+00
3.984036000000000133e+00
3.988342999999999972e+00
3.992649999999999810e+00
3.996957000000000093e+00
4.001263999999999932e+00
4.005570999999999771e+00
4.009877999999999609e+00
4.014185000000000336e+00
4.018492000000000175e+00
4.022799000000000014e+00
4.027105999999999852e+00
4.031412999999999691e+00
4.035720999999999670e+00
4.040028000000000397e+00
4.044335000000000235e+00
4.048642000000000074e+00
4.052948999999999913e+00
4.057255999999999752e+00
4.061562999999999590e+00
4.065870000000000317e+00
4.070177000000000156e+00
4.074483999999999995e+00
4.078790999999999833e+00
4.083097999999999672e+00
4.087405000000000399e+00
4.091712000000000238e+00
4.096019000000000077e+00
4.100327000000000055e+00
4.104633999999999894e+00
4.108940999999999732e+00
4.113247999999999571e+00
4.117555000000000298e+00
4.121862000000000137e+00
4.126168999999999976e+00
4.130475999999999814e+00
4.134782999999999653e+00
4.139090000000000380e+00
4.143397000000000219e+00
4.147704000000000057e+00
4.152010999999999896e+00
4.156317999999999735e+00
4.160624999999999574e+00
4.164933000000000440e+00
4.169240000000000279e+00
4.173547000000000118e+00
4.177853999999999957e+00
4.182160999999999795e+00
4.186467999999999634e+00
4.190775000000000361e+00
4.195082000000000200e+00
4.199389000000000038e+00
4.203695999999999877e+00
4.208002999999999716e+00
4.212310000000000443e+00
4.216617000000000282e+00
4.220924000000000120e+00
4.225230999999999959e+00
4.229538999999999938e+00
4.233845999999999776e+00
4.238152999999999615e+00
4.242460000000000342e+00
4.246767000000000181e+00
4.251074000000000019e+00
4.255380999999999858e+00
4.259687999999999697e+00
4.263995000000000424e+00
4.268302000000000263e+00
4.272609000000000101e+00
4.276915999999999940e+00
4.281222999999999779e+00
4.285529999999999617e+00
4.289837000000000344e+00
4.294145000000000323e+00
4.298452000000000162e+00
4.302759000000000000e+00
