0.000000000000000000e+00
3.568678000000000041e-03
7.137356000000000082e-03
1.070603000000000006e-02
1.427470999999999948e-02
1.784339000000000064e-02
2.141206999999999833e-02
2.498074000000000128e-02
2.854941999999999896e-02
3.211809999999999665e-02
3.568678000000000128e-02
3.925545999999999897e-02
4.282413000000000192e-02
4.639280999999999960e-02
4.996148999999999729e-02
5.353017000000000192e-02
5.709884999999999960e-02
6.066752000000000256e-02
6.423619999999999330e-02
6.780487999999999793e-02
7.137356000000000256e-02
7.494222999999999857e-02
7.851091000000000319e-02
8.207958999999999394e-02
8.564826999999999857e-02
8.921695000000000320e-02
9.278561999999999921e-02
9.635430000000000383e-02
9.992297999999999458e-02
1.034917000000000059e-01
1.070602999999999971e-01
1.106290000000000051e-01
1.141976999999999992e-01
1.177663999999999933e-01
1.213349999999999984e-01
1.249037000000000064e-01
1.284723999999999866e-01
1.320410999999999946e-01
1.356098000000000026e-01
1.391784000000000077e-01
1.427470999999999879e-01
1.463157999999999959e-01
1.498845000000000038e-01
1.534531000000000089e-01
1.570217999999999892e-01
1.605904999999999971e-01
1.641592000000000051e-01
1.677279000000000131e-01
1.712964999999999904e-01
1.748651999999999984e-01
1.784339000000000064e-01
1.820025999999999866e-01
1.855711999999999917e-01
1.891398999999999997e-01
1.927086000000000077e-01
1.962772999999999879e-01
1.998459999999999959e-01
2.034146000000000010e-01
2.069833000000000089e-01
2.105519999999999892e-01
2.141206999999999971e-01
2.176893000000000022e-01
2.212580000000000102e-01
2.248266999999999904e-01
2.283953999999999984e-01
2.319641000000000064e-01
2.355327000000000115e-01
2.391013999999999917e-01
2.426700999999999997e-01
2.462388000000000077e-01
2.498074000000000128e-01
2.533760999999999930e-01
2.569447999999999732e-01
2.605135000000000089e-01
2.640821999999999892e-01
2.676508000000000220e-01
2.712195000000000022e-01
2.747881999999999825e-01
2.783569000000000182e-01
2.819254999999999955e-01
2.854941999999999758e-01
2.890629000000000115e-01
2.926315999999999917e-01
2.962003000000000275e-01
2.997689000000000048e-01
3.033375999999999850e-01
3.069063000000000208e-01
3.104750000000000010e-01
3.140435999999999783e-01
3.176123000000000141e-01
3.211809999999999943e-01
3.247496999999999745e-01
3.283184000000000102e-01
3.318869999999999876e-01
3.354557000000000233e-01
3.390244000000000035e-01
3.425930999999999838e-01
3.461617000000000166e-01
3.497303999999999968e-01
3.532990999999999771e-01
3.568678000000000128e-01
3.604364999999999930e-01
3.640051000000000259e-01
3.675738000000000061e-01
3.711424999999999863e-01
3.747112000000000220e-01
3.782797999999999994e-01
3.818484999999999796e-01
3.854172000000000153e-01
3.889858999999999956e-01
3.925545999999999758e-01
3.961232000000000086e-01
3.996918999999999889e-01
4.032606000000000246e-01
4.068293000000000048e-01
4.103979999999999850e-01
4.139666000000000179e-01
4.175352999999999981e-01
4.211039999999999783e-01
4.246727000000000141e-01
4.282412999999999914e-01
4.318100000000000271e-01
4.353787000000000074e-01
4.389473999999999876e-01
4.425161000000000233e-01
4.460847000000000007e-01
4.496533999999999809e-01
4.532221000000000166e-01
4.567907999999999968e-01
4.603593999999999742e-01
4.639281000000000099e-01
4.674967999999999901e-01
4.710655000000000259e-01
4.746342000000000061e-01
4.782027999999999834e-01
4.817715000000000192e-01
4.853401999999999994e-01
4.889088999999999796e-01
4.924775000000000125e-01
4.960461999999999927e-01
4.996148999999999729e-01
5.031835999999999531e-01
5.067523000000000444e-01
5.103208999999999662e-01
5.138895999999999464e-01
5.174583000000000377e-01
5.210270000000000179e-01
5.245956000000000508e-01
5.281643000000000310e-01
5.317330000000000112e-01
5.353016999999999914e-01
5.388703999999999716e-01
5.424390000000000045e-01
5.460076999999999847e-01
5.495763999999999649e-01
5.531450999999999452e-01
5.567136999999999780e-01
5.602823999999999582e-01
5.638511000000000495e-01
5.674198000000000297e-01
5.709885000000000099e-01
5.745571000000000428e-01
5.781258000000000230e-01
5.816945000000000032e-01
5.852631999999999834e-01
5.888318000000000163e-01
5.924004999999999965e-01
5.959691999999999767e-01
5.995378999999999570e-01
6.031066000000000482e-01
6.066751999999999700e-01
6.102438999999999503e-01
6.138126000000000415e-01
6.173813000000000217e-01
6.209499000000000546e-01
6.245186000000000348e-01
6.280873000000000150e-01
6.316559999999999953e-01
6.352246999999999755e-01
6.387933000000000083e-01
6.423619999999999886e-01
6.459306999999999688e-01
6.494993999999999490e-01
6.530679999999999819e-01
6.566366999999999621e-01
6.602054000000000533e-01
6.637741000000000335e-01
6.673428000000000138e-01
6.709114000000000466e-01
6.744801000000000268e-01
6.780488000000000071e-01
6.816174999999999873e-01
6.851861000000000201e-01
6.887548000000000004e-01
6.923234999999999806e-01
6.958921999999999608e-01
6.994609000000000520e-01
7.030294999999999739e-01
7.065981999999999541e-01
7.101669000000000453e-01
7.137356000000000256e-01
7.173041999999999474e-01
7.208729000000000386e-01
7.244416000000000189e-01
7.280102999999999991e-01
7.315789999999999793e-01
7.351476000000000122e-01
7.387162999999999924e-01
7.422849999999999726e-01
7.458536999999999528e-01
7.494222999999999857e-01
7.529909999999999659e-01
7.565596999999999461e-01
7.601284000000000374e-01
7.636971000000000176e-01
7.672657000000000505e-01
7.708344000000000307e-01
7.744031000000000109e-01
7.779717999999999911e-01
7.815404000000000240e-01
7.851091000000000042e-01
7.886777999999999844e-01
7.922464999999999646e-01
7.958151999999999449e-01
7.993837999999999777e-01
8.029524999999999579e-01
8.065212000000000492e-01
8.100899000000000294e-01
8.136584999999999512e-01
8.172272000000000425e-01
8.207959000000000227e-01
8.243646000000000029e-01
8.279332999999999831e-01
8.315019000000000160e-01
8.350705999999999962e-01
8.386392999999999764e-01
8.422079999999999567e-01
8.457765999999999895e-01
8.493452999999999697e-01
8.529139999999999500e-01
8.564827000000000412e-01
8.600514000000000214e-01
8.636200000000000543e-01
8.671887000000000345e-01
8.707574000000000147e-01
8.743260999999999949e-01
8.778947000000000278e-01
8.814634000000000080e-01
8.850320999999999882e-01
8.886007999999999685e-01
8.921694999999999487e-01
8.957380999999999815e-01
8.993067999999999618e-01
9.028755000000000530e-01
9.064442000000000332e-01
9.100127999999999551e-01
9.135815000000000463e-01
9.171502000000000265e-01
9.207189000000000068e-01
9.242875999999999870e-01
9.278562000000000198e-01
9.314249000000000001e-01
9.349935999999999803e-01
9.385622999999999605e-01
9.421308999999999934e-01
9.456995999999999736e-01
9.492682999999999538e-01
9.528370000000000450e-01
9.564057000000000253e-01
9.599742999999999471e-01
9.635430000000000383e-01
9.671117000000000186e-01
9.706803999999999988e-01
9.742490000000000316e-01
9.778177000000000119e-01
9.813863999999999921e-01
9.849550999999999723e-01
9.885237999999999525e-01
9.920923999999999854e-01
9.956610999999999656e-01
9.992297999999999458e-01
1.002798000000000078e+00
1.006367000000000012e+00
1.009935999999999945e+00
1.013505000000000100e+00
1.017072999999999894e+00
1.020642000000000049e+00
1.024210999999999983e+00
1.027778999999999998e+00
1.031347999999999931e+00
1.034917000000000087e+00
1.038485000000000102e+00
1.042054000000000036e+00
1.045622999999999969e+00
1.049190999999999985e+00
1.052759999999999918e+00
1.056329000000000073e+00
1.059897000000000089e+00
1.063466000000000022e+00
1.067034999999999956e+00
1.070602999999999971e+00
1.074171999999999905e+00
1.077741000000000060e+00
1.081309000000000076e+00
1.084878000000000009e+00
1.088446999999999942e+00
1.092014999999999958e+00
1.095583999999999891e+00
1.099153000000000047e+00
1.102721000000000062e+00
1.106289999999999996e+00
1.109858999999999929e+00
1.113426999999999945e+00
1.116996000000000100e+00
1.120565000000000033e+00
1.124133999999999967e+00
1.127701999999999982e+00
1.131270999999999916e+00
1.134840000000000071e+00
1.138408000000000087e+00
1.141977000000000020e+00
1.145545999999999953e+00
1.149113999999999969e+00
1.152682999999999902e+00
1.156252000000000058e+00
1.159820000000000073e+00
1.163389000000000006e+00
1.166957999999999940e+00
1.170525999999999955e+00
1.174095000000000111e+00
1.177664000000000044e+00
1.181232000000000060e+00
1.184800999999999993e+00
1.188369999999999926e+00
1.191937999999999942e+00
1.195507000000000097e+00
1.199076000000000031e+00
1.202644000000000046e+00
1.206212999999999980e+00
1.209781999999999913e+00
1.213349999999999929e+00
1.216919000000000084e+00
1.220488000000000017e+00
1.224056000000000033e+00
1.227624999999999966e+00
1.231193999999999900e+00
1.234763000000000055e+00
1.238331000000000071e+00
1.241900000000000004e+00
1.245468999999999937e+00
1.249036999999999953e+00
1.252606000000000108e+00
1.256175000000000042e+00
1.259743000000000057e+00
1.263311999999999991e+00
1.266880999999999924e+00
1.270448999999999939e+00
1.274018000000000095e+00
1.277587000000000028e+00
1.281155000000000044e+00
1.284723999999999977e+00
1.288292999999999910e+00
1.291860999999999926e+00
1.295430000000000081e+00
1.298999000000000015e+00
1.302567000000000030e+00
1.306135999999999964e+00
1.309704999999999897e+00
1.313272999999999913e+00
1.316842000000000068e+00
1.320411000000000001e+00
1.323979000000000017e+00
1.327547999999999950e+00
1.331117000000000106e+00
1.334686000000000039e+00
1.338254000000000055e+00
1.341822999999999988e+00
1.345391999999999921e+00
1.348959999999999937e+00
1.352529000000000092e+00
1.356098000000000026e+00
1.359666000000000041e+00
1.363234999999999975e+00
1.366803999999999908e+00
1.370371999999999924e+00
1.373941000000000079e+00
1.377510000000000012e+00
1.381078000000000028e+00
1.384646999999999961e+00
1.388215999999999894e+00
1.391783999999999910e+00
1.395353000000000065e+00
1.398921999999999999e+00
1.402490000000000014e+00
1.406058999999999948e+00
1.409628000000000103e+00
1.413195999999999897e+00
1.416765000000000052e+00
1.420333999999999985e+00
1.423902000000000001e+00
1.427470999999999934e+00
1.431040000000000090e+00
1.434608000000000105e+00
1.438177000000000039e+00
1.441745999999999972e+00
1.445314999999999905e+00
1.448882999999999921e+00
1.452452000000000076e+00
1.456021000000000010e+00
1.459589000000000025e+00
1.463157999999999959e+00
1.466726999999999892e+00
1.470294999999999908e+00
1.473864000000000063e+00
1.477432999999999996e+00
1.481001000000000012e+00
1.484569999999999945e+00
1.488139000000000101e+00
1.491706999999999894e+00
1.495276000000000050e+00
1.498844999999999983e+00
1.502412999999999998e+00
1.505981999999999932e+00
1.509551000000000087e+00
1.513119000000000103e+00
1.516688000000000036e+00
1.520256999999999969e+00
1.523824999999999985e+00
1.527393999999999918e+00
1.530963000000000074e+00
1.534531000000000089e+00
1.538100000000000023e+00
1.541668999999999956e+00
1.545236999999999972e+00
1.548805999999999905e+00
1.552375000000000060e+00
1.555943999999999994e+00
1.559512000000000009e+00
1.563080999999999943e+00
1.566650000000000098e+00
1.570217999999999892e+00
1.573787000000000047e+00
1.577355999999999980e+00
1.580923999999999996e+00
1.584492999999999929e+00
1.588062000000000085e+00
1.591630000000000100e+00
1.595199000000000034e+00
1.598767999999999967e+00
1.602335999999999983e+00
1.605904999999999916e+00
1.609474000000000071e+00
1.613042000000000087e+00
1.616611000000000020e+00
1.620179999999999954e+00
1.623747999999999969e+00
1.627316999999999902e+00
1.630886000000000058e+00
1.634454000000000073e+00
1.638023000000000007e+00
1.641591999999999940e+00
1.645159999999999956e+00
1.648728999999999889e+00
1.652298000000000044e+00
1.655866999999999978e+00
1.659434999999999993e+00
1.663003999999999927e+00
1.666573000000000082e+00
1.670141000000000098e+00
1.673710000000000031e+00
1.677278999999999964e+00
1.680846999999999980e+00
1.684415999999999913e+00
1.687985000000000069e+00
1.691553000000000084e+00
1.695122000000000018e+00
1.698690999999999951e+00
1.702258999999999967e+00
1.705827999999999900e+00
1.709397000000000055e+00
1.712965000000000071e+00
1.716534000000000004e+00
1.720102999999999938e+00
1.723670999999999953e+00
1.727240000000000109e+00
1.730809000000000042e+00
1.734377000000000058e+00
1.737945999999999991e+00
1.741514999999999924e+00
1.745082999999999940e+00
1.748652000000000095e+00
1.752221000000000029e+00
1.755789000000000044e+00
1.759357999999999977e+00
1.762926999999999911e+00
1.766496000000000066e+00
1.770064000000000082e+00
1.773633000000000015e+00
1.777201999999999948e+00
1.780769999999999964e+00
1.784338999999999897e+00
1.787908000000000053e+00
1.791476000000000068e+00
1.795045000000000002e+00
1.798613999999999935e+00
1.802181999999999951e+00
1.805751000000000106e+00
1.809320000000000039e+00
1.812888000000000055e+00
1.816456999999999988e+00
1.820025999999999922e+00
1.823593999999999937e+00
1.827163000000000093e+00
1.830732000000000026e+00
1.834300000000000042e+00
1.837868999999999975e+00
1.841437999999999908e+00
1.845005999999999924e+00
1.848575000000000079e+00
1.852144000000000013e+00
1.855712000000000028e+00
1.859280999999999962e+00
1.862849999999999895e+00
1.866419000000000050e+00
1.869987000000000066e+00
1.873555999999999999e+00
1.877124999999999932e+00
1.880692999999999948e+00
1.884262000000000103e+00
1.887831000000000037e+00
1.891399000000000052e+00
1.894967999999999986e+00
1.898536999999999919e+00
1.902104999999999935e+00
1.905674000000000090e+00
1.909243000000000023e+00
1.912811000000000039e+00
1.916379999999999972e+00
1.919948999999999906e+00
1.923516999999999921e+00
1.927086000000000077e+00
1.930655000000000010e+00
1.934223000000000026e+00
1.937791999999999959e+00
1.941360999999999892e+00
1.944928999999999908e+00
1.948498000000000063e+00
1.952066999999999997e+00
1.955635000000000012e+00
1.959203999999999946e+00
1.962773000000000101e+00
1.966340999999999894e+00
1.969910000000000050e+00
1.973478999999999983e+00
1.977047999999999917e+00
1.980615999999999932e+00
1.984185000000000088e+00
1.987754000000000021e+00
1.991322000000000036e+00
1.994890999999999970e+00
1.998459999999999903e+00
2.002028000000000141e+00
2.005596999999999852e+00
2.009166000000000007e+00
2.012734000000000023e+00
2.016303000000000178e+00
2.019871999999999890e+00
2.023439999999999905e+00
2.027009000000000061e+00
2.030578000000000216e+00
2.034145999999999788e+00
2.037714999999999943e+00
2.041284000000000098e+00
2.044852000000000114e+00
2.048420999999999825e+00
2.051989999999999981e+00
2.055557999999999996e+00
2.059127000000000152e+00
2.062695999999999863e+00
2.066263999999999879e+00
2.069833000000000034e+00
2.073402000000000189e+00
2.076970000000000205e+00
2.080538999999999916e+00
2.084108000000000072e+00
2.087676999999999783e+00
2.091244999999999798e+00
2.094813999999999954e+00
2.098383000000000109e+00
2.101951000000000125e+00
2.105519999999999836e+00
2.109088999999999992e+00
2.112657000000000007e+00
2.116226000000000163e+00
2.119794999999999874e+00
2.123362999999999889e+00
2.126932000000000045e+00
2.130501000000000200e+00
2.134069000000000216e+00
2.137637999999999927e+00
2.141207000000000082e+00
2.144775000000000098e+00
2.148343999999999809e+00
2.151912999999999965e+00
2.155480999999999980e+00
2.159050000000000136e+00
2.162618999999999847e+00
2.166186999999999863e+00
2.169756000000000018e+00
2.173325000000000173e+00
2.176893000000000189e+00
2.180461999999999900e+00
2.184031000000000056e+00
2.187600000000000211e+00
2.191167999999999783e+00
2.194736999999999938e+00
2.198306000000000093e+00
2.201874000000000109e+00
2.205442999999999820e+00
2.209011999999999976e+00
2.212579999999999991e+00
2.216149000000000147e+00
2.219717999999999858e+00
2.223285999999999873e+00
2.226855000000000029e+00
2.230424000000000184e+00
2.233992000000000200e+00
2.237560999999999911e+00
2.241130000000000067e+00
2.244698000000000082e+00
2.248266999999999793e+00
2.251835999999999949e+00
2.255403999999999964e+00
2.258973000000000120e+00
2.262541999999999831e+00
2.266109999999999847e+00
2.269679000000000002e+00
2.273248000000000157e+00
2.276816000000000173e+00
2.280384999999999884e+00
2.283954000000000040e+00
2.287522000000000055e+00
2.291091000000000211e+00
2.294659999999999922e+00
2.298229000000000077e+00
2.301797000000000093e+00
2.305365999999999804e+00
2.308934999999999960e+00
2.312502999999999975e+00
2.316072000000000131e+00
2.319640999999999842e+00
2.323208999999999858e+00
2.326778000000000013e+00
2.330347000000000168e+00
2.333915000000000184e+00
2.337483999999999895e+00
2.341053000000000051e+00
2.344621000000000066e+00
2.348190000000000222e+00
2.351758999999999933e+00
2.355326999999999948e+00
2.358896000000000104e+00
2.362464999999999815e+00
2.366032999999999831e+00
2.369601999999999986e+00
2.373171000000000141e+00
2.376739000000000157e+00
2.380307999999999868e+00
2.383877000000000024e+00
2.387445000000000039e+00
2.391014000000000195e+00
2.394582999999999906e+00
2.398152000000000061e+00
2.401720000000000077e+00
2.405288999999999788e+00
2.408857999999999944e+00
2.412425999999999959e+00
2.415995000000000115e+00
2.419563999999999826e+00
2.423131999999999842e+00
2.426700999999999997e+00
2.430270000000000152e+00
2.433838000000000168e+00
2.437406999999999879e+00
2.440976000000000035e+00
2.444544000000000050e+00
2.448113000000000206e+00
2.451681999999999917e+00
2.455249999999999932e+00
2.458819000000000088e+00
2.462387999999999799e+00
2.465955999999999815e+00
2.469524999999999970e+00
2.473094000000000126e+00
2.476662000000000141e+00
2.480230999999999852e+00
2.483800000000000008e+00
2.487368000000000023e+00
2.490937000000000179e+00
2.494505999999999890e+00
2.498073999999999906e+00
2.501643000000000061e+00
2.505212000000000216e+00
2.508780999999999928e+00
2.512348999999999943e+00
2.515918000000000099e+00
2.519486999999999810e+00
2.523054999999999826e+00
2.526623999999999981e+00
2.530193000000000136e+00
2.533761000000000152e+00
2.537329999999999863e+00
2.540899000000000019e+00
2.544467000000000034e+00
2.548036000000000190e+00
2.551604999999999901e+00
2.555172999999999917e+00
2.558742000000000072e+00
2.562310999999999783e+00
2.565878999999999799e+00
2.569447999999999954e+00
2.573017000000000110e+00
2.576585000000000125e+00
2.580153999999999836e+00
2.583722999999999992e+00
2.587291000000000007e+00
2.590860000000000163e+00
2.594428999999999874e+00
2.597996999999999890e+00
2.601566000000000045e+00
2.605135000000000201e+00
2.608703000000000216e+00
2.612271999999999927e+00
2.615841000000000083e+00
2.619409999999999794e+00
2.622977999999999810e+00
2.626546999999999965e+00
2.630116000000000120e+00
2.633684000000000136e+00
2.637252999999999847e+00
2.640822000000000003e+00
2.644390000000000018e+00
2.647959000000000174e+00
2.651527999999999885e+00
2.655095999999999901e+00
2.658665000000000056e+00
2.662234000000000211e+00
2.665801999999999783e+00
2.669370999999999938e+00
2.672940000000000094e+00
2.676508000000000109e+00
2.680076999999999821e+00
2.683645999999999976e+00
2.687213999999999992e+00
2.690783000000000147e+00
2.694351999999999858e+00
2.697919999999999874e+00
2.701489000000000029e+00
2.705058000000000185e+00
2.708626000000000200e+00
2.712194999999999911e+00
2.715764000000000067e+00
2.719332999999999778e+00
2.722900999999999794e+00
2.726469999999999949e+00
2.730039000000000105e+00
2.733607000000000120e+00
2.737175999999999831e+00
2.740744999999999987e+00
2.744313000000000002e+00
2.747882000000000158e+00
2.751450999999999869e+00
2.755018999999999885e+00
2.758588000000000040e+00
2.762157000000000195e+00
2.765725000000000211e+00
2.769293999999999922e+00
2.772863000000000078e+00
2.776431000000000093e+00
2.779999999999999805e+00
2.783568999999999960e+00
2.787136999999999976e+00
2.790706000000000131e+00
2.794274999999999842e+00
2.797842999999999858e+00
2.801412000000000013e+00
2.804981000000000169e+00
2.808549000000000184e+00
2.812117999999999896e+00
2.815687000000000051e+00
2.819255000000000067e+00
2.822824000000000222e+00
2.826392999999999933e+00
2.829962000000000089e+00
2.833530000000000104e+00
2.837098999999999815e+00
2.840667999999999971e+00
2.844235999999999986e+00
2.847805000000000142e+00
2.851373999999999853e+00
2.854941999999999869e+00
2.858511000000000024e+00
2.862080000000000179e+00
2.865648000000000195e+00
2.869216999999999906e+00
2.872786000000000062e+00
2.876354000000000077e+00
2.879922999999999789e+00
2.883491999999999944e+00
2.887059999999999960e+00
2.890629000000000115e+00
2.894197999999999826e+00
2.897765999999999842e+00
2.901334999999999997e+00
2.904904000000000153e+00
2.908472000000000168e+00
2.912040999999999880e+00
2.915610000000000035e+00
2.919178000000000051e+00
2.922747000000000206e+00
2.926315999999999917e+00
2.929883999999999933e+00
2.933453000000000088e+00
2.937021999999999800e+00
2.940590999999999955e+00
2.944158999999999970e+00
2.947728000000000126e+00
2.951296999999999837e+00
2.954864999999999853e+00
2.958434000000000008e+00
2.962003000000000164e+00
2.965571000000000179e+00
2.969139999999999890e+00
2.972709000000000046e+00
2.976277000000000061e+00
2.979846000000000217e+00
2.983414999999999928e+00
2.986982999999999944e+00
2.990552000000000099e+00
2.994120999999999810e+00
2.997688999999999826e+00
3.001257999999999981e+00
3.004827000000000137e+00
3.008395000000000152e+00
3.011963999999999864e+00
3.015533000000000019e+00
3.019101000000000035e+00
3.022670000000000190e+00
3.026238999999999901e+00
3.029806999999999917e+00
3.033376000000000072e+00
3.036944999999999784e+00
3.040513999999999939e+00
3.044081999999999955e+00
3.047651000000000110e+00
3.051219999999999821e+00
3.054787999999999837e+00
3.058356999999999992e+00
3.061926000000000148e+00
3.065494000000000163e+00
3.069062999999999874e+00
3.072632000000000030e+00
3.076200000000000045e+00
3.079769000000000201e+00
3.083337999999999912e+00
3.086905999999999928e+00
3.090475000000000083e+00
3.094043999999999794e+00
3.097611999999999810e+00
3.101180999999999965e+00
3.104750000000000121e+00
3.108318000000000136e+00
3.111886999999999848e+00
3.115456000000000003e+00
3.119024000000000019e+00
3.122593000000000174e+00
3.126161999999999885e+00
3.129729999999999901e+00
3.133299000000000056e+00
3.136868000000000212e+00
3.140435999999999783e+00
3.144004999999999939e+00
3.147574000000000094e+00
3.151142999999999805e+00
3.154710999999999821e+00
3.158279999999999976e+00
3.161849000000000132e+00
3.165417000000000147e+00
3.168985999999999859e+00
3.172555000000000014e+00
3.176123000000000030e+00
3.179692000000000185e+00
3.183260999999999896e+00
3.186828999999999912e+00
3.190398000000000067e+00
3.193966999999999778e+00
3.197534999999999794e+00
3.201103999999999949e+00
3.204673000000000105e+00
3.208241000000000120e+00
3.211809999999999832e+00
3.215378999999999987e+00
3.218947000000000003e+00
3.222516000000000158e+00
3.226084999999999869e+00
3.229652999999999885e+00
3.233222000000000040e+00
3.236791000000000196e+00
3.240359000000000211e+00
3.243927999999999923e+00
3.247497000000000078e+00
3.251065999999999789e+00
3.254633999999999805e+00
3.258202999999999960e+00
3.261772000000000116e+00
3.265340000000000131e+00
3.268908999999999843e+00
3.272477999999999998e+00
3.276046000000000014e+00
3.279615000000000169e+00
3.283183999999999880e+00
3.286751999999999896e+00
3.290321000000000051e+00
3.293890000000000207e+00
3.297457999999999778e+00
3.301026999999999934e+00
3.304596000000000089e+00
3.308164000000000105e+00
3.311732999999999816e+00
3.315301999999999971e+00
3.318869999999999987e+00
3.322439000000000142e+00
3.326007999999999853e+00
3.329575999999999869e+00
3.333145000000000024e+00
3.336714000000000180e+00
3.340282000000000195e+00
3.343850999999999907e+00
3.347420000000000062e+00
3.350988000000000078e+00
3.354556999999999789e+00
3.358125999999999944e+00
3.361695000000000100e+00
3.365263000000000115e+00
3.368831999999999827e+00
3.372400999999999982e+00
3.375968999999999998e+00
3.379538000000000153e+00
3.383106999999999864e+00
3.386674999999999880e+00
3.390244000000000035e+00
3.393813000000000191e+00
3.397381000000000206e+00
3.400949999999999918e+00
3.404519000000000073e+00
3.408087000000000089e+00
3.411655999999999800e+00
3.415224999999999955e+00
3.418792999999999971e+00
3.422362000000000126e+00
3.425930999999999838e+00
3.429498999999999853e+00
3.433068000000000008e+00
3.436637000000000164e+00
3.440205000000000179e+00
3.443773999999999891e+00
3.447343000000000046e+00
3.450911000000000062e+00
3.454480000000000217e+00
3.458048999999999928e+00
3.461616999999999944e+00
3.465186000000000099e+00
3.468754999999999811e+00
3.472323999999999966e+00
3.475891999999999982e+00
3.479461000000000137e+00
3.483029999999999848e+00
3.486597999999999864e+00
3.490167000000000019e+00
3.493736000000000175e+00
3.497304000000000190e+00
3.500872999999999902e+00
3.504442000000000057e+00
3.508010000000000073e+00
3.511578999999999784e+00
3.515147999999999939e+00
3.518715999999999955e+00
3.522285000000000110e+00
3.525853999999999822e+00
3.529421999999999837e+00
3.532990999999999993e+00
3.536560000000000148e+00
3.540128000000000164e+00
3.543696999999999875e+00
3.547266000000000030e+00
3.550834000000000046e+00
3.554403000000000201e+00
3.557971999999999912e+00
3.561539999999999928e+00
3.565109000000000083e+00
