2
8
1
2
2
2
-2.3377753575642398e+01
3.4897705225827096e+01
-4.7657372880479123e+00
8.0275892541491345e+00
3.6074653950813989e+01
0.0000000000000000e+00
2
-6.8622370558201373e+00
3.9016694324333812e+01
4.0390051706864483e-01
-1.4586108368950921e+00
1.3832751928225077e+01
0.0000000000000000e+00
1
2
2
2
-2.8301115684554340e+01
4.0952935796859691e+01
-1.1649914861271211e+00
1.8345453230840223e+00
2.0629993381533836e+01
0.0000000000000000e+00
2
-2.0018448462016185e+01
4.4622099650159761e+01
1.4271211514967094e-02
-9.0413860674204302e-02
1.0643829224080437e+03
0.0000000000000000e+00
1
2
1
2
-3.3862440328541631e+01
2.3642071671152209e+01
1.3707171857926123e-01
1.7149010365928714e-02
1.0990283447247937e+03
0.0000000000000000e+00
1
2
2
2
-3.1451712085928762e+01
3.8577188858574907e+00
-1.4237238389860423e+00
-8.0237418594049859e-01
3.4411613102753670e+01
0.0000000000000000e+00
2
-2.9535506201417643e+01
4.2490003564093911e+01
-1.0426102940946820e+00
1.4680570192015612e+00
1.3906882514596207e+01
0.0000000000000000e+00
1
2
1
2
-1.9228487719970072e+01
4.5275955953673552e+01
1.3802034060886717e-02
-1.0983215601068966e-01
1.1255277460067525e+03
0.0000000000000000e+00
1
2
1
2
-3.4494103091373631e+01
1.2607274912456496e+01
9.7233990142718843e-02
3.8118302603118055e-03
1.1235372481764330e+03
0.0000000000000000e+00
1
2
1
2
-1.9320135039118302e+01
4.5210004705708876e+01
-2.6999826002840243e-05
-5.6126516938315276e-03
1.1225432934166247e+03
0.0000000000000000e+00
1
2
1
2
2.5759167433147712e-01
-1.8563663955590332e-01
-2.5759167433147712e-01
1.8563663955590332e-01
1.1224495027292485e+03
0.0000000000000000e+00
