2
-1.0000000000000000e-300
98
2
9.0666666666666662e-01
2
-7.0214457422815251e+00
3.9802037330236956e+01
-9.7865596043941672e-01
-2.0550550137746393e-01
2.0579560128156063e+00
-1.0798200779723539e-01
1
1
-4.0003993648853307e+00
4.0436419253576616e+01
2.1566199863616928e+00
-4.1616208174501873e-01
-4.1616208174501873e-01
4.0510734891363480e+00
0
2
9.2000000000000004e-01
2
-1.2883888086392204e+01
3.7594566044143747e+01
-9.3585306625070186e-01
-3.5239046296567006e-01
2.0880921573145805e+00
-1.0642357016848056e-01
1
1
-9.9526669143368647e+00
3.8698301687190352e+01
2.3948131889944890e+00
-7.0253501056142964e-01
-7.0253501056142953e-01
3.9960189842135083e+00
0
2
9.2000000000000004e-01
2
-1.8329271257740398e+01
3.4498403275752786e+01
-8.6930600431189464e-01
-4.9427428707883253e-01
2.0880193105527995e+00
-1.0642728307114621e-01
1
1
-1.5606579672066301e+01
3.6046484659948263e+01
2.6505342738526245e+00
-9.1526436341317863e-01
-9.1526436341317841e-01
3.7398519963271060e+00
0
2
9.2000000000000004e-01
2
-2.3213259926056296e+01
3.0576389173781017e+01
-7.7971310009005890e-01
-6.2613695111209478e-01
2.0879426324681836e+00
-1.0643119153112487e-01
1
1
-2.0771265591898349e+01
3.2537396224766901e+01
2.9650225908345029e+00
-1.0398677821553362e+00
-1.0398677821553362e+00
3.4248943411743391e+00
0
2
9.0666666666666662e-01
2
-2.7343615215980787e+01
2.5988776942176006e+01
-6.6909935433385903e-01
-7.4317296373725350e-01
2.0576691454323619e+00
-1.0799706197447421e-01
1
1
-2.5278437571018543e+01
2.8282583057978513e+01
3.2111846254960543e+00
-1.0286519109861327e+00
-1.0286519109861327e+00
2.9947783361750995e+00
0
2
9.2000000000000004e-01
2
-3.0551860727067030e+01
2.0625356972973059e+01
-5.1334153729267940e-01
-8.5818440098267268e-01
2.0832430120540950e+00
-1.0667129131666180e-01
1
1
-2.8947737971523907e+01
2.3307066957574534e+01
3.6820239020624883e+00
-9.3412226613367022e-01
-9.3412226613367000e-01
2.6791600685581347e+00
0
2
9.2000000000000004e-01
2
-3.1527055798117051e+01
1.4457210126784041e+01
-1.5616211070386857e-01
-9.8773143879321401e-01
2.0815870265724277e+00
-1.0675615258235761e-01
1
1
-3.1039458262592042e+01
1.7541283549878550e+01
4.1824228718690053e+00
-3.2654311127405256e-01
-3.2654311127405244e-01
2.1686520126281024e+00
0
2
9.2000000000000004e-01
2
-3.1692885387829378e+01
8.1889570535792515e+00
-2.6446218240015962e-02
-9.9965023760353366e-01
0.0000000000000000e+00
-7.9739141506330352e-02
1
1
-3.1609970592973212e+01
1.1323083590181646e+01
3.2800616616454290e+00
-4.3372610618398214e-02
-4.3372610618398214e-02
1.6417519951103405e+00
0
2
1.2133333333333334e+00
2
-2.9990371626657428e+01
-8.2132533981105416e-01
2.4255505022578400e-01
-9.7013764364133781e-01
0.0000000000000000e+00
-6.6556870653756359e-02
1
1
-3.0901453562463910e+01
2.8226923029662392e+00
4.5711360286220923e+00
5.5412138751568563e-01
5.5412138751568574e-01
2.4933812177172712e+00
0
2
9.2000000000000004e-01
2
-5.9271499589488998e+00
3.6649325207044214e+01
-9.7712385707555438e-01
-2.1267103219242545e-01
1.8241230297470339e+00
-1.2182414157286287e-01
1
1
-3.2535587630387477e+00
3.7231232398417632e+01
1.6992470474603008e+00
-3.3783375659524167e-01
-3.3783375659524151e-01
3.1779055179322522e+00
0
2
9.2000000000000004e-01
2
-1.1047293847825182e+01
3.4718253239455130e+01
-9.3566555629939896e-01
-3.5288803713775341e-01
1.8240648254442151e+00
-1.2182802887397624e-01
1
1
-8.4872219033870415e+00
3.5683789223249676e+01
1.8280514058563910e+00
-5.3675357991737782e-01
-5.3675357991737771e-01
3.0487899231433446e+00
0
2
9.3333333333333335e-01
2
-1.5889621838724283e+01
3.2004005347193555e+01
-8.7231055902568788e-01
-4.8895223551211209e-01
1.8503838037940885e+00
-1.2009520498751151e-01
1
1
-1.3468457843274733e+01
3.3361129293324339e+01
2.0728019850880499e+00
-7.1350666816437402e-01
-7.1350666816437369e-01
2.9457881127086591e+00
0
2
9.2000000000000004e-01
2
-2.0198693807778625e+01
2.8631701433605667e+01
-7.8750617889968200e-01
-6.1630675657080214e-01
1.8239314960360293e+00
-1.2183693450394402e-01
1
1
-1.8044157823251453e+01
3.0317853390399613e+01
2.2427492870616916e+00
-7.8886879736757864e-01
-7.8886879736757853e-01
2.6333791258233266e+00
0
2
9.3333333333333335e-01
2
-2.3984470027191275e+01
2.4572358423347367e+01
-6.8203474773885242e-01
-7.3131976786956876e-01
1.8502362389226363e+00
-1.2010478313386551e-01
1
1
-2.2091581917484952e+01
2.6602029928476519e+01
2.5671490424620358e+00
-8.3426690078867904e-01
-8.3426690078867871e-01
2.4506406396893983e+00
0
2
9.2000000000000004e-01
2
-2.7033816546477404e+01
2.0029551443240113e+01
-5.5733039285208896e-01
-8.3029081242859504e-01
1.8237814639184773e+00
-1.2184695733488138e-01
1
1
-2.5509143286834338e+01
2.2300954933293738e+01
2.7454308239019989e+00
-7.5201306863356154e-01
-7.5201306863356143e-01
2.1298954253228057e+00
0
2
9.3333333333333335e-01
2
-2.9339877229772856e+01
1.4981095677203600e+01
-4.1549077253970745e-01
-9.0959739331990008e-01
1.8500697133011683e+00
-1.2011559382035417e-01
1
1
-2.8186846888125132e+01
1.7505323560221857e+01
3.0558983080349336e+00
-6.3200950688183433e-01
-6.3200950688183433e-01
1.9609881889717260e+00
0
2
9.2000000000000004e-01
2
-2.9433405940391715e+01
9.6452246143456293e+00
-1.7525600768376216e-02
-9.9984641486465686e-01
1.7788968997404315e+00
-1.2492136124058000e-01
1
1
-2.9386641585082288e+01
1.2313160145774614e+01
3.0917308871604949e+00
-2.7092220286236021e-02
-2.7092220286236021e-02
1.5465777641370948e+00
0
2
9.3333333333333335e-01
2
-2.6728212415018941e+01
4.8276668054222656e+00
4.8961727958420126e-01
-8.7193745161712477e-01
1.8417061911908770e+00
-1.2066106053459584e-01
1
1
-2.8080809177705326e+01
7.2364457098839470e+00
2.9171450958454681e+00
7.0748884766851838e-01
7.0748884766851838e-01
2.0544847276711407e+00
0
2
9.2000000000000004e-01
2
-2.2520090946586688e+01
1.3794217372613133e+00
7.7348535112575401e-01
-6.3381417749516245e-01
1.8134889744227760e+00
-1.2253850194647826e-01
1
1
-2.4624151680802814e+01
3.1035442713417893e+00
2.2523095085340010e+00
7.8773603980448303e-01
7.8773603980448303e-01
2.5681443207134667e+00
0
2
9.3333333333333335e-01
2
-1.7163313922435830e+01
1.4763138762272202e-01
9.7456585087582726e-01
-2.2410132151925072e-01
0.0000000000000000e+00
-9.0965691355270925e-02
1
1
-1.9841702434511259e+01
7.6352656244201766e-01
1.3239532157755836e+00
2.7532609897106675e-01
2.7532609897106680e-01
2.4579728034457715e+00
0
2
9.0666666666666662e-01
2
-4.0545968094021170e+00
4.4647032897827977e+01
-9.8621977913059977e-01
-1.6544046437190324e-01
2.1792862557066237e+00
-1.0197018479803500e-01
1
1
-8.3071399475410934e-01
4.5187846093043092e+01
2.3839245420774371e+00
-3.7860020272297429e-01
-3.7860020272297429e-01
4.5773161177454940e+00
0
2
9.0666666666666662e-01
2
-1.0279390615418494e+01
4.2648947938852402e+01
-9.5215065767884666e-01
-3.0562906452387634e-01
2.1792047843882125e+00
-1.0197399703516562e-01
1
1
-7.1669937124103056e+00
4.3647990418340186e+01
2.5369716561279283e+00
-6.7520126152824222e-01
-6.7520126152824222e-01
4.4237485297538361e+00
0
2
9.0666666666666662e-01
2
-1.6142565353199050e+01
3.9757549272191376e+01
-8.9687268918522933e-01
-4.4228879636913154e-01
2.1791181767789882e+00
-1.0197804992416462e-01
1
1
-1.3210977984308773e+01
4.1203248605521893e+01
2.7739034846289234e+00
-9.2031211304636562e-01
-9.2031211304636562e-01
4.1862634358060999e+00
0
2
9.0666666666666662e-01
2
-2.1504400561514320e+01
3.6018017489502455e+01
-8.2021907770940583e-01
-5.7204952981497281e-01
2.1790256424698384e+00
-1.0198238051496371e-01
1
1
-1.8823482957356685e+01
3.7887783380846912e+01
3.0790106781059703e+00
-1.0884914327402482e+00
-1.0884914327402482e+00
3.8805651403229087e+00
0
2
9.0666666666666662e-01
2
-2.6226609195952904e+01
3.1498192093955797e+01
-7.2241790654516236e-01
-6.9145670023719141e-01
2.1788905432045205e+00
-1.0198870379941037e-01
1
1
-2.3865504878733610e+01
3.3758104791729124e+01
3.4285865152056418e+00
-1.1586737105800200e+00
-1.1586737105800198e+00
3.5301263446471731e+00
0
2
9.0666666666666662e-01
2
-2.9595905416617189e+01
2.5923383678359073e+01
-5.1724865902303918e-01
-8.5583516213045829e-01
2.1712936720661533e+00
-1.0234553947313844e-01
1
1
-2.7911257306285044e+01
2.8710787886157433e+01
3.9905764496750367e+00
-1.0196789785721756e+00
-1.0196789785721756e+00
2.9196968159513097e+00
0
2
9.0666666666666662e-01
2
-3.1292078209061081e+01
1.9618284785793925e+01
-2.5978013369184577e-01
-9.6566779077436704e-01
2.1764209709942799e+00
-1.0210442978809464e-01
1
1
-3.0443991812839137e+01
2.2770834232076499e+01
4.4724485146363095e+00
-5.8057231130006948e-01
-5.8057231130006948e-01
2.4704991613092657e+00
0
2
9.2000000000000004e-01
2
-3.1834235967233727e+01
1.3006241321875919e+01
-8.1721235799009612e-02
-9.9665522605336421e-01
0.0000000000000000e+00
-7.5366657183374763e-02
1
1
-3.1563157088147406e+01
1.6312263053834922e+01
3.6607148336785142e+00
-1.4957823054582803e-01
-1.4957823054582800e-01
1.8487545277899091e+00
0
2
9.5999999999999996e-01
2
-4.7447320498158767e+00
4.3116647670340221e+01
-9.8524379857849687e-01
-1.7115682096432563e-01
2.3436955860927249e+00
-9.4817016143593266e-02
1
1
-1.2810647368853971e+00
4.3718356899075850e+01
2.7623516032610738e+00
-4.5256103537746589e-01
-4.5256103537746589e-01
5.2888461276368357e+00
0
2
9.7333333333333338e-01
2
-1.1479552655651970e+01
4.0781519621350668e+01
-9.4481925469665473e-01
-3.2759208774702997e-01
2.3760525526822889e+00
-9.3525802689573972e-02
1
1
-8.1121423527339225e+00
4.1949083645845448e+01
3.0543634833702642e+00
-8.5375066862085613e-01
-8.5375066862085580e-01
5.2206778635116020e+00
0
2
9.7333333333333338e-01
2
-1.7732999252535443e+01
3.7361078586607221e+01
-8.7733644317348758e-01
-4.7987578130146752e-01
2.3759211362760690e+00
-9.3530975767371280e-02
1
1
-1.4606275954093707e+01
3.9071299103978944e+01
3.3931660264459946e+00
-1.1611701894122080e+00
-1.1611701894122075e+00
4.8809599819931746e+00
0
2
9.7333333333333338e-01
2
-2.3313591772810476e+01
3.2927574702673603e+01
-7.8298395262012721e-01
-6.2204190368444023e-01
2.3757798618138963e+00
-9.3536537536165809e-02
1
1
-2.0523295512672959e+01
3.5144326644640415e+01
3.8247732119340547e+00
-1.3431413831659311e+00
-1.3431413831659313e+00
4.4483688514310638e+00
0
2
9.7333333333333338e-01
2
-2.8036126695968097e+01
2.7589960458771156e+01
-6.6263679286816357e-01
-7.4894090603824981e-01
2.3756276812000103e+00
-9.3542529404258487e-02
1
1
-2.5674859234389288e+01
3.0258767580722377e+01
4.3039987954784378e+00
-1.3684114080012209e+00
-1.3684114080012209e+00
3.9680834293593863e+00
0
2
9.7333333333333338e-01
2
-3.1683147264117629e+01
2.1473073682202013e+01
-5.1210753421422894e-01
-8.5892134296512979e-01
2.3738637717600151e+00
-9.3612036573380811e-02
1
1
-2.9859636980042865e+01
2.4531517070486586e+01
4.7844793536293917e+00
-1.2110525228289164e+00
-1.2110525228289164e+00
3.4753233485898916e+00
0
2
9.7333333333333338e-01
2
-3.2707713173018597e+01
1.4448039239287780e+01
-1.4431816416305276e-01
-9.8953133729690756e-01
0.0000000000000000e+00
-7.0428931369510478e-02
1
1
-3.2195430218568113e+01
1.7960556460744897e+01
4.1622524996035368e+00
-3.0032768876764898e-01
-3.0032768876764898e-01
2.1468281721006792e+00
0
2
1.2000000000000000e+00
2
-3.2121128251084549e+01
9.2628505396667271e-01
1.3219463158219769e-01
-9.9122377865991840e-01
0.0000000000000000e+00
-5.9917261894969924e-02
1
1
-3.2672699815777889e+01
5.0620872723551438e+00
5.7605199695109235e+00
3.8074011502911187e-01
3.8074011502911176e-01
2.9564261345973515e+00
0
2
9.0666666666666662e-01
2
-7.6450063107658206e+00
4.2528477644129566e+01
-9.7541930012778588e-01
-2.2035695799819979e-01
2.1602309439228291e+00
-1.0286965976826633e-01
1
1
-4.4843098776124322e+00
4.3242510523194184e+01
2.3907233397840049e+00
-4.9006683420312358e-01
-4.9006683420312352e-01
4.4493137082807044e+00
0
2
9.2000000000000004e-01
2
-1.3770025445401897e+01
4.0136283580198786e+01
-9.3147752809058582e-01
-3.6379886566927622e-01
2.1918650566523814e+00
-1.0138499245095889e-01
1
1
-1.0707515878083859e+01
4.1332380612164172e+01
2.6579389198058614e+00
-7.9542306926682327e-01
-7.9542306926682316e-01
4.3838939701147552e+00
0
2
9.2000000000000004e-01
2
-1.9455280739484504e+01
3.6832771868051005e+01
-8.6463068764160111e-01
-5.0240797564172079e-01
2.1917856087165264e+00
-1.0138866745837971e-01
1
1
-1.6612653092443200e+01
3.8484527724124895e+01
2.9395497254501155e+00
-1.0195772735878987e+00
-1.0195772735878987e+00
4.1017726869237556e+00
0
2
9.2000000000000004e-01
2
-2.4554251199064058e+01
3.2681566593921723e+01
-7.7549643783580258e-01
-6.3135194218754187e-01
2.1917016467582062e+00
-1.0139255155961395e-01
1
1
-2.2004765969274281e+01
3.4757169230986364e+01
3.2824253915498418e+00
-1.1490820213788944e+00
-1.1490820213788944e+00
3.7583575593978966e+00
0
2
9.2000000000000004e-01
2
-2.8927052699032398e+01
2.7771667694142430e+01
-6.6508121187620750e-01
-7.4677103693787916e-01
2.1916128045137917e+00
-1.0139666174816044e-01
1
1
-2.6740651949048228e+01
3.0226617144032076e+01
3.6554353395620254e+00
-1.1655385363918507e+00
-1.1655385363918511e+00
3.3847768162843024e+00
0
2
9.0666666666666662e-01
2
-3.2400649118138581e+01
2.2301946062003349e+01
-5.3609143007161630e-01
-8.4415992477952262e-01
2.1598283577872444e+00
-1.0288883439325247e-01
1
1
-3.0663850908585488e+01
2.5036806878072888e+01
3.9033075133563395e+00
-1.0314279770113077e+00
-1.0314279770113071e+00
2.9341803188511166e+00
0
2
9.2000000000000004e-01
2
-3.4554340774091813e+01
1.6112777501754088e+01
-3.2864822518458642e-01
-9.4445240435027811e-01
2.1843940226601486e+00
-1.0173174798912919e-01
1
1
-3.3477494946115200e+01
1.9207361781878717e+01
4.4108034774965192e+00
-7.2361933148822821e-01
-7.2361933148822821e-01
2.5831066520516432e+00
0
2
9.2000000000000004e-01
2
-3.5105469504585798e+01
9.5682390151797776e+00
-8.3914985767034739e-02
-9.9647291742611765e-01
2.1892344394998062e+00
-1.0150681818846009e-01
1
1
-3.4829905139338805e+01
1.2840508258466933e+01
4.6668042336222451e+00
-1.9580618316502235e-01
-1.9580618316502235e-01
2.3581359647452413e+00
0
2
9.2000000000000004e-01
2
-3.3574821234920940e+01
3.2293018297550766e+00
2.3472167677649072e-01
-9.7206261858546561e-01
2.1737067359744957e+00
-1.0223192418024030e-01
1
1
-3.4340145369753373e+01
6.3987704224674271e+00
4.4899064565842073e+00
5.2672772354355013e-01
5.2672772354355024e-01
2.4357347871818740e+00
0
2
9.2000000000000004e-01
2
-2.8245310106170475e+01
-1.2490130888220306e-01
8.4633413880724573e-01
-5.3265234955775587e-01
0.0000000000000000e+00
-7.9400729106430645e-02
1
1
-3.0910065670545706e+01
1.5522002604364369e+00
2.1240652373773412e+00
7.4590539653972376e-01
7.4590539653972365e-01
2.8397921703068874e+00
0
2
8.9333333333333331e-01
2
-5.9462550522435649e+00
4.3718993916067504e+01
-9.8405079487887004e-01
-1.7788769799585394e-01
2.1895352703494582e+00
-1.0149287167534631e-01
1
1
-2.7143341674395058e+00
4.4303230999452296e+01
2.4164098383801544e+00
-4.1001916437604680e-01
-4.1001916437604646e-01
4.6104611389756300e+00
0
2
9.0666666666666662e-01
2
-1.2257213052016006e+01
4.1571764000544711e+01
-9.4670395406946450e-01
-3.2210498808500521e-01
2.2220807862353746e+00
-1.0000636502451776e-01
1
1
-9.1017340521297854e+00
4.2645378958306111e+01
2.6627345740860866e+00
-7.3564478973819569e-01
-7.3564478973819536e-01
4.5745854472595928e+00
0
2
9.0666666666666662e-01
2
-1.8167279677059856e+01
3.8488457340228713e+01
-8.8659754153370729e-01
-4.6254167309161032e-01
2.2220027871271197e+00
-1.0000987555444905e-01
1
1
-1.5212246364537931e+01
4.0030110670386712e+01
2.9283634077022294e+00
-9.8924399381339800e-01
-9.8924399381339834e-01
4.3084485361660345e+00
0
2
9.0666666666666662e-01
2
-2.3527474520977918e+01
3.4526048382980257e+01
-8.0413843441128174e-01
-5.9444207312619857e-01
2.2219204283494287e+00
-1.0001358256888697e-01
1
1
-2.0847377099018885e+01
3.6507252861604485e+01
3.2644319224452896e+00
-1.1530129834702718e+00
-1.1530129834702718e+00
3.9718435649037866e+00
0
2
9.0666666666666662e-01
2
-2.8194307282482931e+01
2.9766892601677355e+01
-7.0014742801507224e-01
-7.1399830465056369e-01
2.2218333714541374e+00
-1.0001750134699937e-01
1
1
-2.5860890901730425e+01
3.2146470492328802e+01
3.6414753861524041e+00
-1.2057200505243055e+00
-1.2057200505243055e+00
3.5942330643865250e+00
0
2
9.0666666666666662e-01
2
-3.2019253371757493e+01
2.4313570631123014e+01
-5.7422993059614347e-01
-8.1869407400295036e-01
2.2203336361003507e+00
-1.0008505866375957e-01
1
1
-3.0106780327120212e+01
2.7040231616400185e+01
4.0230681289695651e+00
-1.1323502553875449e+00
-1.1323502553875444e+00
3.2028754260677399e+00
0
2
9.0666666666666662e-01
2
-3.3480562451425286e+01
1.7850998079191683e+01
-2.2055072813671753e-01
-9.7537550528930339e-01
2.2085759166207772e+00
-1.0061787804072068e-01
1
1
-3.2749907911591393e+01
2.1082284355157348e+01
4.6504856902422800e+00
-5.1267464429888421e-01
-5.1267464429888432e-01
2.4991308997485935e+00
0
2
9.0666666666666662e-01
2
-3.3531412299018939e+01
1.1180599667363495e+01
-7.6229884621125321e-03
-9.9997094460134506e-01
0.0000000000000000e+00
-7.4955863418005211e-02
1
1
-3.3505987375222112e+01
1.4515798873277589e+01
3.7132413516072380e+00
-1.4152997984195396e-02
-1.4152997984195391e-02
1.8567825127163609e+00
0
2
7.3333333333333328e-01
2
-3.1888932235412039e+01
1.2781935363233543e-01
3.3120334872170004e-01
-9.4355940024755824e-01
0.0000000000000000e+00
-1.0092259359265546e-01
1
1
-3.2709371289075548e+01
2.4651537568085962e+00
1.9359848287707584e+00
3.2006205006465666e-01
3.2006205006465666e-01
1.1365122067042321e+00
0
2
8.6666666666666670e-01
2
-6.6068512878755055e+00
4.7414543592480705e+01
-9.7714224269949101e-01
-2.1258654127721441e-01
2.2111384575925412e+00
-1.0050126958769236e-01
1
1
-3.3659561008189014e+00
4.8119631007957651e+01
2.4966934284856666e+00
-4.9620628966682351e-01
-4.9620628966682356e-01
4.6695237357060595e+00
0
2
8.6666666666666670e-01
2
-1.2834561614700924e+01
4.5130894736712769e+01
-9.3886875968720918e-01
-3.4427525627526839e-01
2.2110688217666774e+00
-1.0050443479396688e-01
1
1
-9.7207064512882155e+00
4.6272719164596737e+01
2.6716971425665585e+00
-7.7206177988716096e-01
-7.7206177988716096e-01
4.4940686545107509e+00
0
2
8.6666666666666670e-01
2
-1.8682380769002346e+01
4.2000476285560566e+01
-8.8162688786503352e-01
-4.7194706333805669e-01
2.2109954656149480e+00
-1.0050776931847540e-01
1
1
-1.5758471191851635e+01
4.3565685511136664e+01
2.9204147755345291e+00
-9.9378091581313832e-01
-9.9378091581313843e-01
4.2448755553083846e+00
0
2
8.6666666666666670e-01
2
-2.4024462241814089e+01
3.8069119088617576e+01
-8.0540945638861106e-01
-5.9271882672967457e-01
2.2109174534094289e+00
-1.0051131573435099e-01
1
1
-2.1353421505408217e+01
4.0034797687089068e+01
3.2272951314020664e+00
-1.1401115266431832e+00
-1.1401115266431832e+00
3.9374895717730078e+00
0
2
8.6666666666666670e-01
2
-2.8737794243503977e+01
3.3402792908485331e+01
-7.1064149778981067e-01
-7.0355430609090475e-01
2.2108343969727708e+00
-1.0051509173482397e-01
1
1
-2.6381128242659031e+01
3.5735955998551454e+01
3.5701557130846080e+00
-1.1939810922764835e+00
-1.1939810922764835e+00
3.5940906883927894e+00
0
2
8.6666666666666670e-01
2
-3.2689538058030330e+01
2.8077613647920369e+01
-5.9592515474819363e-01
-8.0303998028637491e-01
2.2104251308741110e+00
-1.0053370237169927e-01
1
1
-3.0713666150767153e+01
3.0740203278202848e+01
3.9266381354389686e+00
-1.1423977483074503e+00
-1.1423977483074508e+00
3.2349560440652851e+00
0
2
8.6666666666666670e-01
2
-3.5027147180566566e+01
2.1905660082484598e+01
-3.5419366037653044e-01
-9.3517209696882797e-01
2.1999350299411611e+00
-1.0101308411283659e-01
1
1
-3.3858342619298448e+01
2.4991636865202484e+01
4.4325418355867052e+00
-7.8322919543401737e-01
-7.8322919543401737e-01
2.6612395228400447e+00
0
2
8.8000000000000000e-01
2
-3.5818664633401184e+01
1.5216203725597794e+01
-1.1750344923187882e-01
-9.9307247440386315e-01
0.0000000000000000e+00
-7.4226695072275500e-02
1
1
-3.5422905906983871e+01
1.8560931904041198e+01
3.7605226514705103e+00
-2.2093185292263484e-01
-2.2093185292263484e-01
1.9194733501836976e+00
0
2
2.5333333333333335e-01
2
-3.1812535498270393e+01
6.4667099457435322e+00
-6.9306200803601919e-02
-9.9759543429697539e-01
0.0000000000000000e+00
-2.8962029599533340e-01
1
1
-3.1752710443049885e+01
7.3278334996613914e+00
2.4812741121433729e-01
-8.5983591757513942e-03
-8.5983591757513994e-03
1.2495973959117952e-01
0
2
1.0933333333333333e+00
2
-2.2555039442791610e+01
-1.1173180000000003e+00
9.9920856486936460e-01
-3.9777429425552589e-02
2.4804071426395695e+00
-8.9591026570638096e-02
1
1
-2.6272705534724519e+01
-9.6932166990552715e-01
3.0107132719516883e+00
1.1947461568234759e-01
1.1947461568234759e-01
6.0071580720531452e+00
0
2
1.0933333333333333e+00
2
-1.5105170649544126e+01
-1.0004216136464277e+00
9.9987691794419153e-01
1.5689135171342176e-02
2.4835952837624831e+00
-8.9476020378638443e-02
1
1
-1.8830105046167869e+01
-1.0588698068232141e+00
3.0144311895269085e+00
-4.7276360349754770e-02
-4.7276360349754784e-02
6.0266369295171032e+00
0
2
1.0933333333333333e+00
2
-7.6605697912510866e+00
-6.6847990753641329e-01
9.9900742385874475e-01
4.4543990336679634e-02
2.4839991777497450e+00
-8.9461471731859962e-02
1
1
-1.1382870220397606e+01
-8.3445076059142043e-01
3.0206512617659751e+00
-1.3415212741370441e-01
-1.3415212741370441e-01
6.0233576987255049e+00
0
2
1.1066666666666667e+00
2
-1.5518090000000001e-01
0.0000000000000000e+00
9.9605700916953666e-01
8.8715469249942822e-02
0.0000000000000000e+00
-6.6356122487578537e-02
1
1
-3.9078753456255435e+00
-3.3423995376820664e-01
2.3877548107205571e+00
-2.0934788283401010e-01
-2.0934788283401010e-01
4.7195718724233569e+00
0
2
9.5999999999999996e-01
2
-1.1449935405749882e+01
4.1292627789046021e-02
9.9982683728963062e-01
-1.8609014896404433e-02
1.9047893440474806e+00
-1.1666498603463572e-01
1
1
-1.4306624664092855e+01
9.4462007705884019e-02
1.7732954819999622e+00
3.2982146228456549e-02
3.2982146228456549e-02
3.5447493493494981e+00
0
2
9.5999999999999996e-01
2
-5.7350705949551068e+00
-1.4210849185400970e-14
9.9997389725865005e-01
-7.2252890147605992e-03
1.9050046627755743e+00
-1.1665179963310246e-01
1
1
-8.5925030003524938e+00
2.0646313894515905e-02
1.7731749668699597e+00
1.2810698408875096e-02
1.2810698408875101e-02
3.5460722434959875e+00
0
2
9.5999999999999996e-01
2
-1.9759030000000000e-02
0.0000000000000000e+00
1.0000000000000000e+00
2.4864522299253856e-15
0.0000000000000000e+00
-8.7484294481140409e-02
1
1
-2.8774148124775536e+00
-7.1054245927004848e-15
1.3629716919662216e+00
-3.3889640028145873e-15
-3.3889640028145873e-15
2.7259433839324432e+00
0
2
9.7333333333333338e-01
2
-3.2040130840365663e+01
5.9870120682760879e+00
-2.9320363309629421e-02
-9.9957006572595564e-01
2.3407494529500505e+00
-9.4936355508768847e-02
1
1
-3.1937183403799693e+01
9.4966266950760030e+00
5.3516779698996890e+00
-7.8456563942589527e-02
-7.8456563942589500e-02
2.6792910315412226e+00
0
2
9.8666666666666669e-01
2
-2.8356267273498091e+01
5.0265310031299648e-01
5.5759153135291217e-01
-8.3011546435632355e-01
2.2022474396441125e+00
-1.0090701808609379e-01
1
1
-3.0198199056931877e+01
3.2448325842945422e+00
4.0024165438323323e+00
1.0967906382252266e+00
1.0967906382252266e+00
3.1062855734499064e+00
0
2
9.8666666666666669e-01
2
-2.1345480444981632e+01
-5.1576775976226608e-01
9.8961316268941857e-01
-1.4375600242023423e-01
2.3614570126450953e+00
-9.4103860892775046e-02
1
1
-2.4850873859239861e+01
-6.5573297246347972e-03
2.7808686749098785e+00
3.8760410925889038e-01
3.8760410925889055e-01
5.3928215975758640e+00
0
2
9.8666666666666669e-01
2
-1.4230127615178459e+01
-2.7201642759372074e-01
9.9941374160378804e-01
3.4237013501720114e-02
2.3731755707050688e+00
-9.3639183280569568e-02
1
1
-1.7787804030080046e+01
-3.9389209367799338e-01
2.7548968478331894e+00
-9.4153780483012761e-02
-9.4153780483012747e-02
5.5001173900900842e+00
0
2
9.8666666666666669e-01
2
-7.1199861348871440e+00
1.1558600761660000e-01
9.9851741412339678e-01
5.4433203950575069e-02
2.3735661757865092e+00
-9.3623773581364866e-02
1
1
-1.0675056875032801e+01
-7.8215209988560380e-02
2.7607331060236211e+00
-1.4960946290519753e-01
-1.4960946290519755e-01
5.4969987697410785e+00
0
2
9.8666666666666669e-01
2
-5.3167509999999998e-03
0.0000000000000000e+00
9.9986805737363271e-01
-1.6244009476662560e-02
0.0000000000000000e+00
-7.0268061903064047e-02
1
1
-3.5626514429435718e+00
5.7793003808299999e-02
2.1132245836612893e+00
3.4313656666487037e-02
3.4313656666487037e-02
4.2247767725702143e+00
0
2
7.1999999999999997e-01
2
-3.3224271380471237e+01
9.1978894907436146e+00
-9.7916437411239551e-02
-9.9519463989949775e-01
0.0000000000000000e+00
-9.4777738499312258e-02
1
1
-3.2965992276744913e+01
1.1822964365015697e+01
2.3114122060816502e+00
-1.1316131146411197e-01
-1.1316131146411200e-01
1.1724068850192151e+00
0
2
1.1066666666666667e+00
2
-2.4268215445887105e+01
-7.7042497169315871e-01
9.7744544590180205e-01
-2.1118806852146554e-01
2.6780395905547647e+00
-8.2979438767814565e-02
1
1
-2.8194671848485825e+01
7.7930041136757000e-02
3.6603364601777537e+00
7.2332375075689659e-01
7.2332375075689681e-01
6.8518262553722309e+00
0
2
1.1066666666666667e+00
2
-1.6163689957177972e+01
-4.6956128538697856e-01
9.9931165562507318e-01
3.7097370956381479e-02
2.7033693453185768e+00
-8.2201946473590221e-02
1
1
-2.0215952701532537e+01
-6.1999312854006861e-01
3.5755666268867485e+00
-1.3237064624204789e-01
-1.3237064624204795e-01
7.1363912973285695e+00
0
2
1.1066666666666667e+00
2
-8.0609711729216844e+00
-5.2939047480709170e-02
9.9868073124272727e-01
5.1349752136610034e-02
2.7044741897221134e+00
-8.2168364951212838e-02
1
1
-1.2112330565049827e+01
-2.6125016643384386e-01
3.5829946130869450e+00
-1.8325993919254652e-01
-1.8325993919254643e-01
7.1377208752593875e+00
0
2
1.1066666666666667e+00
2
-6.5085450000000001e-03
1.8038590000000000e-02
9.9996117471530277e-01
8.8118705160645464e-03
0.0000000000000000e+00
-6.2074977618545711e-02
1
1
-4.0337398589608426e+00
-1.7450228740354585e-02
2.7073699328635277e+00
-2.3854214775521486e-02
-2.3854214775521479e-02
5.4141092404872566e+00
0
2
9.8666666666666669e-01
2
-2.1188891800675762e+01
-1.3819453041095556e-01
9.9999822556254103e-01
-1.8838449430373305e-03
2.3521436088966325e+00
-9.4476468775843397e-02
1
1
-2.4717100953423120e+01
-1.3154791964657930e-01
2.7031244617789474e+00
5.0922402401052131e-03
5.0922402401052131e-03
5.4062201445337532e+00
0
2
9.8666666666666669e-01
2
-1.4131153396751227e+01
-1.9492012691643626e-01
9.9996770197307028e-01
-8.0371021330424026e-03
2.3526554541040579e+00
-9.4455914415589315e-02
1
1
-1.7660022598713496e+01
-1.6655732866369591e-01
2.7044661192113995e+00
2.1733964477599312e-02
2.1733964477599312e-02
5.4084081872201919e+00
0
2
9.8666666666666669e-01
2
-7.0761033364313919e+00
-9.9509963557953881e-03
9.9965648596084045e-01
2.6208969388815312e-02
2.3524914672859607e+00
-9.4462498722087687e-02
1
1
-1.0603628366591309e+01
-1.0243556163611582e-01
2.7057718009961786e+00
-7.0842467434195464e-02
-7.0842467434195477e-02
5.4059715637377579e+00
0
2
9.8666666666666669e-01
2
-1.7226559999999998e-02
0.0000000000000000e+00
9.9999900635491190e-01
1.4097124490487917e-03
0.0000000000000000e+00
-7.0832728635649905e-02
1
1
-3.5466649482156960e+00
-4.9754981778976940e-03
2.0791218489956189e+00
-2.9309552166249149e-03
-2.9309552166249149e-03
4.1582313025667510e+00
0
2
8.6666666666666670e-01
2
-3.3529810342739054e+01
4.8024881599848568e+00
2.5116466331807875e-04
-9.9999996845815542e-01
0.0000000000000000e+00
-7.8393107999231965e-02
1
1
-3.3530611320878997e+01
7.9915439136741764e+00
3.3948550779060960e+00
4.2633381632802567e-04
4.2633381632802567e-04
1.6974276995730371e+00
0
2
1.0800000000000001e+00
2
-2.3960140655957641e+01
5.1520034234995071e-01
9.9880860453532094e-01
4.8799298214265742e-02
2.6460830578390726e+00
-8.3981574789908628e-02
1
1
-2.7924536445684840e+01
3.2150984799114307e-01
3.4290732709215659e+00
-1.6673993562335251e-01
-1.6673993562335260e-01
6.8337070492143210e+00
0
2
1.0933333333333333e+00
2
-1.5914374092907641e+01
5.5865920000000013e-01
9.9998541245334194e-01
5.4013776501441952e-03
2.6819613109190912e+00
-8.2858101389265790e-02
1
1
-1.9937257374432640e+01
5.3692977117497542e-01
3.5144269547673392e+00
-1.8981916499688160e-02
-1.8981916499688167e-02
7.0285463195490827e+00
0
2
1.0800000000000001e+00
2
-7.9673733591303471e+00
4.8821244792449314e-01
9.9996071200611936e-01
-8.8642227078868981e-03
2.6491043225868465e+00
-8.3885795031742094e-02
1
1
-1.1940873726018994e+01
5.2343582396224664e-01
3.4290125881015685e+00
3.0391949039129854e-02
3.0391949039129850e-02
6.8572169414347846e+00
0
2
1.0933333333333333e+00
2
-8.4148500000000000e-04
1.0121290000000000e-02
9.9820410193954878e-01
-5.9904681545425179e-02
0.0000000000000000e+00
-6.2649853017032964e-02
1
1
-3.9841074220651733e+00
2.4916686896224657e-01
2.6672432052928032e+00
1.5892309878491204e-01
1.5892309878491206e-01
5.3058743133068305e+00
0
2
1.0400000000000000e+00
2
-3.6254256731195625e+01
7.2622624563123912e+00
-5.4682370677887941e-02
-9.9850379986109528e-01
2.6552865966031369e+00
-8.3690484675555302e-02
1
1
-3.6036460682298404e+01
1.1239233090955093e+01
6.8792302340806248e+00
-1.8808609797763595e-01
-1.8808609797763595e-01
3.4550657248352974e+00
0
2
1.0533333333333332e+00
2
-3.2105989843718831e+01
1.0484497848026251e+00
5.5523058840104766e-01
-8.3169645526708025e-01
2.4904168791222201e+00
-8.9230933216509239e-02
1
1
-3.4180123287457228e+01
4.1553561205575082e+00
5.1263607092245724e+00
1.3993268603099966e+00
1.3993268603099966e+00
3.9644411230602126e+00
0
2
1.0533333333333332e+00
2
-2.4203533301419650e+01
-2.7560028190794966e-01
9.8625241840706379e-01
-1.6524577811919339e-01
2.6708701865805500e+00
-8.3202180075523616e-02
1
1
-2.8154761572569242e+01
3.8642475144733768e-01
3.5804885540341984e+00
5.6801636472874650e-01
5.6801636472874639e-01
6.8754650897790910e+00
0
2
1.0533333333333332e+00
2
-1.6138240980978704e+01
-7.6947123798443387e-02
9.9969680420276374e-01
2.4623153063347652e-02
2.6892461416081845e+00
-8.2633649179220170e-02
1
1
-2.0170887141199177e+01
-1.7627370285319652e-01
3.5355841227528675e+00
-8.6978098844580104e-02
-8.6978098844580146e-02
7.0647412717512763e+00
0
2
1.0533333333333332e+00
2
-8.0709033864145248e+00
-6.3948850000072020e-14
9.9995451536725932e-01
9.5376724953915529e-03
2.6892348503809158e+00
-8.2633996131184148e-02
1
1
-1.2104572183696614e+01
-3.8473561899253668e-02
3.5337335513922836e+00
-3.3698994800507032e-02
-3.3698994800507025e-02
7.0665028289974368e+00
0
2
1.0533333333333332e+00
2
-2.5481520000000001e-03
0.0000000000000000e+00
1.0000000000000000e+00
7.9258842901842591e-15
0.0000000000000000e+00
-6.1970499001743846e-02
1
1
-4.0367257692072620e+00
-3.1974425000036010e-14
2.7162956434469159e+00
-2.1529044967891855e-14
-2.1529044967891855e-14
5.4325912868938318e+00
0
2
2.5000000000000000e+01
2
0.0000000000000000e+00
0.0000000000000000e+00
0.0000000000000000e+00
0.0000000000000000e+00
0.0000000000000000e+00
-1.0000000000000000e+00
1
1
0.0000000000000000e+00
0.0000000000000000e+00
2.0000000000000000e+00
0.0000000000000000e+00
0.0000000000000000e+00
2.0000000000000000e+00
0
