2
1
1
10
1.6980047582029431e-01
1.3398950101686707e-01
9.0831143648041179e-02
1.1298282321062479e-01
1.2101845228855596e-01
7.6962010992705651e-02
8.7998402713861376e-02
1.0432280791628776e-01
4.6872836587939115e-02
5.5221545804822886e-02
2
1
-1.6110587894521469e+01
4.4882501490535489e+01
3.0445563705241696e+01
5.3249323796638443e+01
3.3725194630166948e+00
9.6269863112179834e+00
3.3725194630166948e+00
1.2099303782275971e+01
-2.4103910778006576e+00
9.6269863112179834e+00
-2.4103910778006576e+00
2.2557172125849302e+01
1
2
1
-3.3724304565903928e+01
5.6980063121517306e+00
2.3565201654156262e+01
5.0754822151866712e+00
-2.1166081493636688e+00
-2.0852994532093936e+00
-2.1166081493636688e+00
1.9363615159230672e+01
1.9559572543837401e+01
-2.0852994532093936e+00
1.9559572543837401e+01
3.7194738558625907e+01
1
2
1
-2.6012294177954850e+01
-8.3440859817657656e-02
3.2539631896046274e+01
2.0664700895977518e+01
-1.1534261665062935e+00
1.4962768245786281e+01
-1.1534261665062935e+00
2.4528079428926985e+00
-1.3621969827348188e+00
1.4962768245786281e+01
-1.3621969827348188e+00
2.6285199001876595e+01
1
2
1
-3.3658766713101436e+01
2.1526617994723203e+01
3.6807563487335820e+01
4.2386615498874729e+00
-1.8176220042768363e+00
-4.7038487251737227e+00
-1.8176220042768363e+00
4.3359265213148781e+01
8.5008279092299688e+00
-4.7038487251737227e+00
8.5008279092299688e+00
5.9082474180459215e+01
1
2
1
-3.6031448800612962e+00
4.3859358964337167e-02
1.7095374265063857e+01
1.0351655648704607e+01
6.0284577067251870e-02
-1.8684456573332906e+01
6.0284577067251870e-02
2.0358133663690752e+00
-3.7071213887500826e-01
-1.8684456573332906e+01
-3.7071213887500826e-01
5.9504657529520031e+01
1
2
1
-1.3927223042939938e+01
-1.8366885066519509e-01
3.3606773824875582e+01
1.8610144902174987e+01
2.4766786169949645e-01
-1.0799880493622771e+01
2.4766786169949645e-01
2.2070803913407406e+00
-4.3199693468772443e-01
-1.0799880493622771e+01
-4.3199693468772443e-01
1.5734280366838108e+01
1
2
1
-2.9672835362026149e+01
4.3776333454610274e+01
1.7560845557316160e+01
9.3710299332078151e+00
2.0860259469784874e+00
1.4354284754951279e+00
2.0860259469784874e+00
1.5414447671263014e+01
9.4567633187886369e-01
1.4354284754951279e+00
9.4567633187886369e-01
8.9802408041814754e+00
1
2
1
-3.2566980963595384e+01
3.5983920908014383e+01
2.6859071768188350e+01
5.0909723719603281e+00
6.9924263305838230e-01
-3.9067290648256661e+00
6.9924263305838230e-01
2.8948222528144402e+01
-6.3106645214840684e+00
-3.9067290648256661e+00
-6.3106645214840684e+00
1.7120997899069131e+01
1
2
1
9.4740906354974885e-01
4.3614710864524803e+01
5.3354847004870667e+00
3.7714010056486309e+00
1.7083921690594268e+00
-1.0566581032159070e+00
1.7083921690594268e+00
1.6826199148158167e+01
3.3354058577698781e-01
-1.0566581032159070e+00
3.3354058577698781e-01
1.3857632600122317e+01
1
2
1
-2.7133599352259830e+00
4.3082607295751082e+01
2.3232537490784186e+01
1.0533242115352657e+01
4.0349252683403147e+00
-1.0703497773679439e+01
4.0349252683403147e+00
1.3118187651094214e+01
3.3989890706690402e+00
-1.0703497773679439e+01
3.3989890706690402e+00
3.9367508752448941e+01
1
