2
7
1
2
4
2
2.0315673829610290e+01
6.9617672012862526e+00
7.8112954027325507e+00
-1.1159712617127098e+00
3.1847963054491320e+01
0.0000000000000000e+00
2
1.9282253760785643e+01
1.6338485723788381e+01
3.4111330847711430e+00
-7.9997542968873314e-01
4.1947075846951030e+01
0.0000000000000000e+00
2
1.7394703300729361e+01
-1.9546990536049409e+00
6.4327811496472291e+00
-3.2965834947122721e+00
2.9174705859230997e+01
0.0000000000000000e+00
2
1.1808852702678982e-01
1.8536872708107945e+00
-6.9206635198661093e-01
4.7444739171349992e-01
8.9205016861162369e+02
0.0000000000000000e+00
1
2
6
2
2.7306098474452227e+01
1.6297561543700443e+01
-5.6843626673425334e+00
-9.6055292993159258e-01
2.1027376085136563e+01
0.0000000000000000e+00
2
3.4758362832396394e+01
2.7115771673794759e-01
6.1974768495007764e+00
2.1167897400019395e+00
2.3887194988614599e+01
0.0000000000000000e+00
2
1.7654413396081953e+01
1.4657278768616562e+00
-5.5056185468806751e-01
-5.3065269689662236e+00
1.9459198633211471e+01
0.0000000000000000e+00
2
6.7292223964881410e+00
4.8439071740525739e+00
-1.2371754024863995e+00
2.8714610124247293e+00
1.1404280272349997e+01
0.0000000000000000e+00
2
2.4398931094479803e+01
-2.0103680799516601e+00
4.6569121119985146e+00
-3.0704539366704764e+00
2.0345629384702427e+01
0.0000000000000000e+00
2
2.7169776316099297e+00
-6.6208480905747424e-01
-5.7643966845480576e-01
6.2396679731571834e-02
9.1110918599623039e+02
0.0000000000000000e+00
1
2
3
2
2.2513224756970999e+01
1.5730761394668731e+01
-3.9368980586878495e+00
-1.8560561808034612e-01
1.9701963717934870e+01
0.0000000000000000e+00
2
4.1028962667761377e+01
2.9010177860729329e+00
4.1329544986678730e+00
2.7230402868252814e+00
2.5358751479684216e+01
0.0000000000000000e+00
2
2.1666226171876922e+01
-5.4234122185193767e+00
-9.5284307088212628e-01
-1.7180783771070025e+00
1.5979862397973356e+01
0.0000000000000000e+00
1
2
1
2
3.0812773823894851e+01
1.1126037370225337e+01
-5.8314649015403874e-01
-2.9705766543274653e-01
9.2111897351270409e+02
0.0000000000000000e+00
1
2
1
2
3.0316291971272975e+01
1.0873325763872522e+01
-4.0497560845418057e-03
-2.0631597980484656e-03
9.0900278239039665e+02
0.0000000000000000e+00
1
2
1
2
3.0468064504734258e+01
1.0835708366238775e+01
-4.0525688893662338e-03
-2.0567008114283718e-03
9.0891873331533611e+02
0.0000000000000000e+00
1
2
1
2
1.3007836215532009e+00
-5.0459774112808253e-01
-1.3007836215532009e+00
5.0459774112808253e-01
9.0883463871779077e+02
0.0000000000000000e+00
