2
-1.0000000000000000e-300
124
2
4.4000000000000000e-01
2
1.8993891369612051e+01
8.9339668535812233e+00
1.7930427060365042e-01
-9.8379366665134238e-01
7.0718346776194796e-01
-3.1423560130088746e-01
1
1
1.8803689845807028e+01
9.9775507786983297e+00
4.8083161919200584e-01
4.3101827893275442e-02
4.3101827893275442e-02
2.5219928931445906e-01
0
2
4.5333333333333331e-01
2
1.9175673500945340e+01
6.7557534420065739e+00
8.3165584333225892e-02
-9.9653574225037855e-01
7.2859517868564838e-01
-3.0500095076541783e-01
1
1
1.9084782435278697e+01
7.8448601477938986e+00
5.1693377722349620e-01
2.1495420389650528e-02
2.1495420389650532e-02
2.6115772917280516e-01
0
2
4.5333333333333331e-01
2
1.9133471188165220e+01
4.5704375378112729e+00
-1.9308167456346784e-02
-9.9981357995852282e-01
7.2857445561200129e-01
-3.0500962600391457e-01
1
1
1.9154572344555280e+01
5.6630954899089234e+00
5.1860147679928492e-01
-5.0066219915622431e-03
-5.0066219915622431e-03
2.5944576847986150e-01
0
2
4.5333333333333331e-01
2
1.8860284194514350e+01
2.4019229467229533e+00
-1.2499091828179372e-01
-9.9215788579594211e-01
7.2855158173696810e-01
-3.0501920219898998e-01
1
1
1.8996877691339783e+01
3.4861802422671131e+00
5.1461410839217148e-01
-3.2160048266509159e-02
-3.2160048266509172e-02
2.6338428346931719e-01
0
2
4.4000000000000000e-01
2
1.8369735738795438e+01
3.3805799852135682e-01
-2.3124222965519770e-01
-9.7289620783724540e-01
7.0712063341596720e-01
-3.1426352410155023e-01
1
1
1.8615009966654895e+01
1.3699904726221550e+00
4.7553697705305698e-01
-5.4961365284237354e-02
-5.4961365284237354e-02
2.5736367537817700e-01
0
2
4.5333333333333331e-01
2
1.7314833413292309e+01
-1.5099676520694643e+00
-4.9574482659137881e-01
-8.6846823022369890e-01
7.0930464553466699e-01
-3.1329587874715420e-01
1
1
1.7842284576043873e+01
-5.8595482677405375e-01
4.3121188827090318e-01
-1.0583140674851116e-01
-1.0583140674851117e-01
3.0622302814717484e-01
0
2
4.5333333333333331e-01
2
1.5269715878249368e+01
-2.0883099856738152e+00
-9.6226329463024463e-01
-2.7212010548165472e-01
7.0844003800047584e-01
-3.1367823711577542e-01
1
1
1.6292274645770839e+01
-1.7991388188716397e+00
2.6337058381573314e-01
-6.4209247429698135e-02
-6.4209247429698094e-02
4.7226763440733649e-01
0
2
4.5333333333333331e-01
2
1.3716899482553330e+01
-6.6671321363810832e-01
-7.3758419526027341e-01
6.7525517761973153e-01
0.0000000000000000e+00
-2.3749884316801573e-01
1
1
1.4493307680401349e+01
-1.3775115996559617e+00
2.6926277676056548e-01
9.2109314773093920e-02
9.2109314773093920e-02
2.8554850178703189e-01
0
2
4.6666666666666667e-01
2
1.9310459492963528e+01
1.0723438849457290e+01
2.3358439493667801e-01
-9.7233653147563370e-01
7.6286527258755144e-01
-2.9129943413005288e-01
1
1
1.9043169358290179e+01
1.1836081509153781e+01
5.5315901249371180e-01
6.4579243403092693e-02
6.4579243403092693e-02
2.9985031271273116e-01
0
2
4.7999999999999998e-01
2
1.9631104913400200e+01
8.3915078517472157e+00
1.3622038696856170e-01
-9.9067855845078989e-01
7.8462416082323660e-01
-2.8322123293917462e-01
1
1
1.9470782203181862e+01
9.5574733506022529e+00
5.9599414345279089e-01
4.0591496350401796e-02
4.0591496350401809e-02
3.0636919600422097e-01
0
2
4.7999999999999998e-01
2
1.9706151602861709e+01
6.0389065713939427e+00
3.1883233417786622e-02
-9.9949160047837660e-01
7.8459931670170147e-01
-2.8323020106160679e-01
1
1
1.9668628258130955e+01
7.2152072115705792e+00
6.0123172037900285e-01
9.5846044002138378e-03
9.5846044002138430e-03
3.0107447561832984e-01
0
2
4.7999999999999998e-01
2
1.9525976522188671e+01
3.6920977117881382e+00
-7.6549230135767921e-02
-9.9706580292657787e-01
7.8457170787774611e-01
-2.8324016784052758e-01
1
1
1.9616064062525190e+01
4.8655021415910404e+00
5.9973281445481308e-01
-2.2954443512761803e-02
-2.2954443512761803e-02
3.0250988116955652e-01
0
2
4.6666666666666667e-01
2
1.9099268428184210e+01
1.4439201853724466e+00
-1.8647268348409443e-01
-9.8246014591648478e-01
7.6277140800063914e-01
-2.9133528065073461e-01
1
1
1.9312622475186441e+01
2.5680089485802924e+00
5.5864841919203134e-01
-5.2078181073490146e-02
-5.2078181073490146e-02
2.9415100671767175e-01
0
2
4.7999999999999998e-01
2
1.8046615940742932e+01
-5.8840598453047599e-01
-4.5992241519849236e-01
-8.8795910491305041e-01
7.6292033370235357e-01
-2.9127841060914783e-01
1
1
1.8572942184463571e+01
4.2775710042098530e-01
5.0860099641739431e-01
-1.1613757535766833e-01
-1.1613757535766836e-01
3.4453146806686324e-01
0
2
4.7999999999999998e-01
2
1.5904183355610913e+01
-1.4709763309720765e+00
-9.2461849090275283e-01
-3.8089453432770076e-01
7.7236633494832052e-01
-2.8771609036674467e-01
1
1
1.6975399648176921e+01
-1.0296911577512762e+00
3.3374869800563361e-01
-1.0264807773233434e-01
-1.0264807773233434e-01
5.4064045289740759e-01
0
2
4.7999999999999998e-01
2
1.3885019388586803e+01
-4.5777330305257347e-01
-8.9378512813003896e-01
4.4849542331396181e-01
0.0000000000000000e+00
-2.2132554431607654e-01
1
1
1.4894601372098858e+01
-9.6437481701232497e-01
2.5578820625159226e-01
8.5364063709693516e-02
8.5364063709693516e-02
3.8307105696192928e-01
0
2
4.9333333333333335e-01
2
1.9992780294737354e+01
1.0395492448318784e+01
2.2324335972002668e-01
-9.7476274156376874e-01
7.9853411924619100e-01
-2.7828769850435192e-01
1
1
1.9725379135289966e+01
1.1563064409281724e+01
6.0756754585111272e-01
6.7795560965303037e-02
6.7795560965303037e-02
3.2707391547817066e-01
0
2
5.0666666666666671e-01
2
2.0292455891268556e+01
7.9535686198379265e+00
1.2180729760174933e-01
-9.9255376793953021e-01
8.2008112385021870e-01
-2.7097590196797333e-01
1
1
2.0142618093002955e+01
9.1745305340783556e+00
6.5229888071896613e-01
3.9726272343328414e-02
3.9726272343328428e-02
3.3346231856452568e-01
0
2
5.0666666666666671e-01
2
2.0327783882401576e+01
5.4936596129286288e+00
1.4360022402933312e-02
-9.9989688956241241e-01
8.2005422511976356e-01
-2.7098479029209094e-01
1
1
2.0310119886835068e+01
6.7236141163832777e+00
6.5706326925394132e-01
4.7177216082341768e-03
4.7177216082341768e-03
3.2863326498809925e-01
0
2
5.0666666666666671e-01
2
2.0089115419608582e+01
3.0451912215411858e+00
-9.7016813886186395e-02
-9.9528274265324890e-01
8.2002439657172410e-01
-2.7099464741691426e-01
1
1
2.0208449651005079e+01
4.2694254172349071e+00
6.5399089913296982e-01
-3.1723702033190679e-02
-3.1723702033190679e-02
3.3163392921257562e-01
0
2
4.9333333333333335e-01
2
1.9586985309044259e+01
7.0310283996118739e-01
-2.0963048419077573e-01
-9.7778068098011695e-01
7.9843685028709221e-01
-2.7832160069054707e-01
1
1
1.9838050364326421e+01
1.8741470307511867e+00
6.0925493352811733e-01
-6.3843085624307377e-02
-6.3843085624307350e-02
3.2515884544435947e-01
0
2
5.0666666666666671e-01
2
1.8519944117423432e+01
-1.4906100954691126e+00
-4.3740919896068964e-01
-8.9926258271128334e-01
8.1315253097570939e-01
-2.7328479437378839e-01
1
1
1.9053464713233843e+01
-3.9375362775396261e-01
5.8430684187921289e-01
-1.2707359175442315e-01
-1.2707359175442312e-01
3.8486798348280066e-01
0
2
5.0666666666666671e-01
2
1.6338001889070249e+01
-2.3287727246947014e+00
-9.3349545154629654e-01
-3.5858923846425717e-01
7.7912974820923009e-01
-2.8521850530413356e-01
1
1
1.7428973003246838e+01
-1.9096914100819071e+00
3.3472731869346628e-01
-9.9280936484133664e-02
-9.9280936484133664e-02
5.5504248246247501e-01
0
2
5.0666666666666671e-01
2
1.4243933712269747e+01
-1.0931844198774374e+00
-8.6125340277032425e-01
5.0817573359669355e-01
0.0000000000000000e+00
-2.0564120411929993e-01
1
1
1.5290967800669998e+01
-1.7109785722860695e+00
3.1037813829180771e-01
1.0796217387256449e-01
1.0796217387256447e-01
4.2964960554379683e-01
0
2
4.5333333333333331e-01
2
1.9051874773918076e+01
1.0730687757350115e+01
2.4608527070246539e-01
-9.6924818263605439e-01
7.3260144587594400e-01
-3.0333303800201994e-01
1
1
1.8781451136229975e+01
1.1795796687367822e+01
5.0856817768719997e-01
6.2545056915777358e-02
6.2545056915777372e-02
2.7810371142008028e-01
0
2
4.5333333333333331e-01
2
1.9386201409024803e+01
8.5584850393553271e+00
1.5212012360085087e-01
-9.8836201262273427e-01
7.3259348641246458e-01
-3.0333633364726220e-01
1
1
1.9219038091471440e+01
9.6445863983527218e+00
5.1836866008356186e-01
3.9424451005444318e-02
3.9424451005444311e-02
2.6828613527597261e-01
0
2
4.5333333333333331e-01
2
1.9504710013590003e+01
6.3639589999597419e+00
5.3923344572603761e-02
-9.9854507805612092e-01
7.3257451854108047e-01
-3.0334418765312360e-01
1
1
1.9445455711307403e+01
7.4612220196575345e+00
5.2364695412754281e-01
1.4118382606253534e-02
1.4118382606253532e-02
2.6296710657056388e-01
0
2
4.5333333333333331e-01
2
1.9399124855898016e+01
4.1688360008080547e+00
-4.8044336660630439e-02
-9.9884520408061217e-01
7.3255361631074412e-01
-3.0335284308794830e-01
1
1
1.9451917434744011e+01
5.2663975003838983e+00
5.2377424713263288e-01
-1.2582184732495788e-02
-1.2582184732495784e-02
2.6279492597165099e-01
0
2
4.5333333333333331e-01
2
1.9063019784148597e+01
1.9970989421889442e+00
-1.5294246874721881e-01
-9.8823509412158894e-01
7.3253050532120567e-01
-3.0336241372607481e-01
1
1
1.9231072320023308e+01
3.0829674714984994e+00
5.1821376503410821e-01
-3.9625671279694165e-02
-3.9625671279694179e-02
2.6830577865118066e-01
0
2
4.5333333333333331e-01
2
1.8187799047302150e+01
6.8136289307098395e-03
-4.0254408831662575e-01
-9.1540059917029581e-01
7.2474110062202879e-01
-3.0662290579559248e-01
1
1
1.8625409415725372e+01
1.0019562855598270e+00
4.7167000586562868e-01
-9.4564310766659540e-02
-9.4564310766659554e-02
2.9821147116872831e-01
0
2
4.5333333333333331e-01
2
1.6249009018854231e+01
-7.3671417561142949e-01
-9.3369380293396265e-01
-3.5807245406860677e-01
6.9215768679754330e-01
-3.2105721927382480e-01
1
1
1.7218404033078190e+01
-3.6495027334035984e-01
2.6408220381652631e-01
-7.8256841501003802e-02
-7.8256841501003802e-02
4.3812969005475361e-01
0
2
4.5333333333333331e-01
2
1.4422731290376944e+01
4.3773196612597692e-01
-8.4109247678340260e-01
5.4089134352322676e-01
0.0000000000000000e+00
-2.3027507362877619e-01
1
1
1.5335870154615588e+01
-1.4949110474272628e-01
2.5427580240616626e-01
8.9496683786037270e-02
8.9496683786037298e-02
3.3589051389746616e-01
0
2
4.4000000000000000e-01
2
1.9118981394668687e+01
1.0450423881868101e+01
2.4097812244028591e-01
-9.7053054795052929e-01
7.4358354439799235e-01
-2.9885306620405944e-01
1
1
1.8850200345058905e+01
1.1532929699055472e+01
5.2460188083146186e-01
6.3180520589140254e-02
6.3180520589140227e-02
2.8583207489447826e-01
0
2
4.4000000000000000e-01
2
1.9442571940783544e+01
8.2433092616371137e+00
1.4506170183275421e-01
-9.8942261074900917e-01
7.4356990169588744e-01
-2.9885854943212725e-01
1
1
1.9280776667726116e+01
9.3468665717526065e+00
5.3458506078515144e-01
3.8771717246829207e-02
3.8771717246829221e-02
2.7581915676896174e-01
0
2
4.4000000000000000e-01
2
1.9542406123029718e+01
6.0148947781477204e+00
4.4755652736101534e-02
-9.9899796373574523e-01
7.4354989178564967e-01
-2.9886659211065342e-01
1
1
1.9492489031906629e+01
7.1291020198924171e+00
5.3969933156022321e-01
1.2077291863262361e-02
1.2077291863262367e-02
2.7066126965756587e-01
0
2
4.4000000000000000e-01
2
1.9410115918129833e+01
3.7882375929833563e+00
-5.9307442498945394e-02
-9.9823976441746420e-01
7.4352784589240062e-01
-2.9887545362272966e-01
1
1
1.9476261020579777e+01
4.9015661855655388e+00
5.3925830846733835e-01
-1.5990990743591314e-02
-1.5990990743591317e-02
2.7105423986614774e-01
0
2
4.4000000000000000e-01
2
1.9039376457431167e+01
1.5887537847289970e+00
-1.6621283451744240e-01
-9.8608990139929797e-01
7.4350347608036227e-01
-2.9888524986291137e-01
1
1
1.9224746187780500e+01
2.6884956888561766e+00
5.3271135468144859e-01
-4.4267389040732449e-02
-4.4267389040732436e-02
2.7754807703780893e-01
0
2
4.4000000000000000e-01
2
1.8040120018760369e+01
-3.5427945288868823e-01
-4.5734157069119352e-01
-8.8929111528099281e-01
7.2830790136468693e-01
-3.0512125682809044e-01
1
1
1.8539748238095768e+01
6.1723716592015432e-01
4.6411258487317081e-01
-1.0540264500693200e-01
-1.0540264500693200e-01
3.1336545609652766e-01
0
2
4.4000000000000000e-01
2
1.6029288928102719e+01
-1.1207779152539896e+00
-9.3441543376123071e-01
-3.5618506025493391e-01
7.1732230226677862e-01
-3.0979410722347250e-01
1
1
1.7034704473431546e+01
-7.3752868407133887e-01
2.8329471279097124e-01
-8.3672203024931391e-02
-8.3672203024931391e-02
4.7090568278629324e-01
0
2
4.4000000000000000e-01
2
1.4277324351491071e+01
1.6640679373261669e-01
-8.0587587357288126e-01
5.9208451794751848e-01
0.0000000000000000e+00
-2.2999205701164038e-01
1
1
1.5153306639796895e+01
-4.7718556076068647e-01
2.6634009004029496e-01
9.4096443197232191e-02
9.4096443197232205e-02
3.2527957768755633e-01
0
2
4.5333333333333331e-01
2
1.7413468100002071e+01
9.0832308802462762e+00
2.5814993880111897e-01
-9.6610486444121491e-01
7.7361513341333554e-01
-2.8725164829924660e-01
1
1
1.7113905050982662e+01
1.0204320895640221e+01
5.6532626600664948e-01
7.2926109062909222e-02
7.2926109062909222e-02
3.1189267829054729e-01
0
2
4.6666666666666667e-01
2
1.7761120438606479e+01
6.7197076365355315e+00
1.4552488053968954e-01
-9.8935459221853772e-01
7.9631821334174324e-01
-2.7906208661191911e-01
1
1
1.7587294269304273e+01
7.9014692583909039e+00
6.1307975273208692e-01
4.4606624176562269e-02
4.4606624176562276e-02
3.1638170714991359e-01
0
2
4.5333333333333331e-01
2
1.7822986676112009e+01
4.3998467562406081e+00
2.6658602910406344e-02
-9.9964459628953395e-01
7.7356188686317406e-01
-2.8727142067888406e-01
1
1
1.7792053557359246e+01
5.5597771963880698e+00
5.8452435004192538e-01
7.7913007773739726e-03
7.7913007773739718e-03
2.9257384357949412e-01
0
2
4.6666666666666667e-01
2
1.7591851086798751e+01
2.0223087378010631e+00
-9.6760192899534900e-02
-9.9530772380708710e-01
7.9624889253525810e-01
-2.7908638153915200e-01
1
1
1.7707418881455382e+01
3.2110777470208358e+00
6.1663289629658358e-01
-2.9832429031544642e-02
-2.9832429031544639e-02
3.1266674833994401e-01
0
2
4.5333333333333331e-01
2
1.7074279649034391e+01
-2.3970783818837527e-01
-2.2304557476510947e-01
-9.7480801780540460e-01
7.7349130450046277e-01
-2.8729763467184427e-01
1
1
1.7333065367916571e+01
8.9130044980634393e-01
5.7008306692135091e-01
-6.3556563829272938e-02
-6.3556563829272938e-02
3.0685507528193084e-01
0
2
4.6666666666666667e-01
2
1.6121851744478761e+01
-2.4180786953333140e+00
-4.0060370012120600e-01
-9.1625142589204134e-01
7.9249384888146346e-01
-2.8040876599341402e-01
1
1
1.6598065696756578e+01
-1.3288932667608446e+00
5.6445894917898776e-01
-1.1263108131857484e-01
-1.1263108131857484e-01
3.5609636306000081e-01
0
2
4.5333333333333331e-01
2
1.4063831131940258e+01
-3.0035988311899038e+00
-9.6183022092714965e-01
-2.7364690042321060e-01
7.1323073024768946e-01
-3.1157129495114333e-01
1
1
1.5092841438209510e+01
-2.7108387632616089e+00
2.6715171762780965e-01
-6.5416285391343088e-02
-6.5416285391343129e-02
4.7846937012107082e-01
0
2
4.6666666666666667e-01
2
1.2156310837487370e+01
-1.5924192035633122e+00
-8.0391955588944397e-01
5.9473804961387755e-01
0.0000000000000000e+00
-2.1072372289491770e-01
1
1
1.3110070984713815e+01
-2.2980090173766081e+00
3.1801446443862746e-01
1.1232035830519600e-01
1.1232035830519604e-01
3.8674581214877951e-01
0
2
4.7999999999999998e-01
2
1.7821349816728187e+01
1.0886396120887147e+01
3.2549869979658036e-01
-9.4554248790349738e-01
8.4809036391215442e-01
-2.6202658546565016e-01
1
1
1.7407271350583066e+01
1.2089254329877868e+01
6.6559901028720636e-01
1.0815619446256754e-01
1.0815619446256754e-01
3.8864792198825920e-01
0
2
4.7999999999999998e-01
2
1.8363316471235532e+01
8.4006357722830476e+00
2.1302410116165840e-01
-9.7704694479040644e-01
8.4805217117359633e-01
-2.6203838605199836e-01
1
1
1.8092333143981861e+01
9.6435159465850973e+00
6.8682243896639250e-01
7.3135148410965745e-02
7.3135148410965745e-02
3.6732954193941031e-01
0
2
4.7999999999999998e-01
2
1.8600326730361633e+01
5.8676503028777613e+00
9.3162587294752325e-02
-9.9565090886743413e-01
8.4801659123898832e-01
-2.6204938030463071e-01
1
1
1.8481821600798582e+01
7.1341430375804045e+00
6.9965951956465811e-01
3.2590735967425857e-02
3.2590735967425878e-02
3.5440400953822887e-01
0
2
4.7999999999999998e-01
2
1.8518001149775710e+01
3.3250514511133811e+00
-3.2361558199576354e-02
-9.9947622760668764e-01
8.4797709758200135e-01
-2.6206158498370635e-01
1
1
1.8559163940068672e+01
4.5963508769955714e+00
7.0227563915915558e-01
-1.1363365424881164e-02
-1.1363365424881167e-02
3.5168971296340662e-01
0
2
4.7999999999999998e-01
2
1.8106096075627917e+01
8.1482256563879896e-01
-1.6192514682178422e-01
-9.8680304358404947e-01
8.4793309796231120e-01
-2.6207518347408532e-01
1
1
1.8312048612701815e+01
2.0699370083760900e+00
6.9336003824092174e-01
-5.6131259727673181e-02
-5.6131259727673175e-02
3.6049594094770376e-01
0
2
4.7999999999999998e-01
2
1.6982516897357034e+01
-1.4294469674040444e+00
-4.4767394029779556e-01
-8.9419687048112950e-01
8.3660530364538055e-01
-2.6562373111181908e-01
1
1
1.7544306486492474e+01
-3.0731220088262273e-01
6.1539102714508565e-01
-1.3689040881849701e-01
-1.3689040881849701e-01
4.1049547417592636e-01
0
2
4.7999999999999998e-01
2
1.4688752940919391e+01
-2.2471675102323432e+00
-9.4193437418863346e-01
-3.3579701416461016e-01
8.1172107784878045e-01
-2.7376672638728894e-01
1
1
1.5835634919138212e+01
-1.8383072388181938e+00
3.5822166139791911e-01
-1.0182348489992500e-01
-1.0182348489992500e-01
6.0754394571126413e-01
0
2
4.7999999999999998e-01
2
1.2509085192173893e+01
-9.9694439697213511e-01
-8.6743649246133869e-01
4.9754791884437649e-01
0.0000000000000000e+00
-1.9898365082489969e-01
1
1
1.3598919066546642e+01
-1.6220559536022392e+00
3.2867870196209115e-01
1.1370638085578037e-01
1.1370638085578037e-01
4.6169683287675972e-01
0
2
4.5333333333333331e-01
2
9.1012899769043365e-01
6.5232206133858703e+00
-9.6625899468258925e-01
2.5757242708603678e-01
0.0000000000000000e+00
-2.0912301208077524e-01
1
1
2.0652613108064157e+00
6.2153008577798401e+00
2.5435514148627203e-01
5.9365795583149805e-02
5.9365795583149805e-02
4.6123545850500558e-01
0
2
1.0133333333333334e+00
2
3.1580259907463589e+01
2.2223432512657904e+01
-9.4600244355131402e-01
-3.2415949283484363e-01
1.5975751871971700e+00
-1.3909969559060015e-01
1
1
3.3847224953731796e+01
2.3000236256328954e+01
1.3780117513730725e+00
-3.8239345422469095e-01
-3.8239345422469095e-01
2.3629278959752851e+00
0
2
1.0133333333333334e+00
2
2.6871463274992358e+01
2.0912244359534586e+01
-9.6334946827144552e-01
-2.6824951440985484e-01
1.6293141058216061e+00
-1.3639004377867547e-01
1
1
2.9225861591227975e+01
2.1567838436096245e+01
1.3903500542542420e+00
-3.3517319179369898e-01
-3.3517319179369909e-01
2.5007081152502488e+00
0
2
1.0133333333333334e+00
2
2.2326011755575543e+01
1.9145546966828569e+01
-9.3207241334993951e-01
-3.6227201972001566e-01
1.6255716667192250e+00
-1.3670404496574268e-01
1
1
2.4598737515283950e+01
2.0028895663181579e+01
1.4605089379766671e+00
-4.3594682843964599e-01
-4.3594682843964599e-01
2.4126946949407717e+00
0
2
1.0133333333333334e+00
2
1.8934156793641751e+01
1.5736898591037615e+01
-7.0535847493476389e-01
-7.0885077543704789e-01
1.6028988958403938e+00
-1.3863770372473308e-01
1
1
2.0630084274608649e+01
1.7441222778933092e+01
1.8860566591039607e+00
-6.2764460595246219e-01
-6.2764460595246208e-01
1.8798569063057404e+00
0
2
1.0133333333333334e+00
2
1.8613488322002002e+01
1.1021134703815438e+01
-6.7842595810274464e-02
-9.9769603697404929e-01
0.0000000000000000e+00
-1.0578307786755441e-01
1
1
1.8773822557821877e+01
1.3379016647426527e+01
1.8601331109553001e+00
-6.3097961543449863e-02
-6.3097961543449863e-02
9.3650247785701635e-01
0
2
9.2000000000000004e-01
2
1.1594296476735671e+01
3.2266241627871857e+00
-4.7867213753842114e-01
8.7799372705298906e-01
1.4781189039141891e+00
-1.5034123549449113e-01
1
1
1.2655597979644501e+01
1.2799554745745387e+00
1.8903533402303125e+00
4.4862672192913960e-01
4.4862672192913949e-01
1.3120559062518551e+00
0
2
9.3333333333333335e-01
2
8.3374379334366928e+00
6.2488240876150387e+00
-7.3302080677017167e-01
6.8020621640941126e-01
1.4810214176817678e+00
-1.5004659592976383e-01
1
1
9.9658672050861821e+00
4.7377241252011117e+00
1.5675051722395326e+00
5.3433843089455857e-01
5.3433843089455857e-01
1.6474932685488297e+00
0
2
9.2000000000000004e-01
2
3.9874864509862920e+00
6.5151385783300260e+00
-9.9813116049875106e-01
6.1107989996533260e-02
1.4526986881753414e+00
-1.5297199896376576e-01
1
1
6.1624621922114926e+00
6.3819813329725328e+00
1.0349196634256215e+00
6.2888832925678456e-02
6.2888832925678456e-02
2.0582887100824134e+00
0
2
9.3333333333333335e-01
2
2.4964391905877328e-01
4.1888484696952180e+00
-8.4900347475419313e-01
-5.2838726314636519e-01
1.4675411204921602e+00
-1.5142486920413983e-01
1
1
2.1185651850225327e+00
5.3519935240126220e+00
1.3460261581641548e+00
-4.7204043273548424e-01
-4.7204043273548424e-01
1.8107126289268825e+00
0
2
9.3333333333333335e-01
2
-5.1561679999999999e-02
1.1165720000000001e-02
-7.1912059539124190e-02
-9.9741097632462483e-01
0.0000000000000000e+00
-1.1937370979131802e-01
1
1
9.9041119529386643e-02
2.1000070948476091e+00
1.4602769845312260e+00
-5.2505586297211568e-02
-5.2505586297211568e-02
7.3581687099449200e-01
0
2
9.4666666666666666e-01
2
3.1119737473130890e+01
2.3988507844226024e+01
-9.8054225996410493e-01
-1.9630811604334114e-01
1.5453464586134626e+00
-1.4380090689929029e-01
1
1
3.3392653736565450e+01
2.4443553922113011e+01
1.2117428848915901e+00
-2.2459140254759555e-01
-2.2459140254759555e-01
2.2885937302031700e+00
0
2
9.4666666666666666e-01
2
2.6682321593031901e+01
2.2622356576096028e+01
-9.5573101646545666e-01
-2.9424177841684013e-01
1.5476515894293192e+00
-1.4358672438941142e-01
1
1
2.8901029533081395e+01
2.3305432210161026e+01
1.2715815768899390e+00
-3.2909648758815152e-01
-3.2909648758815147e-01
2.2392054477609076e+00
0
2
9.5999999999999996e-01
2
2.2402190044107051e+01
2.0675512253241351e+01
-9.1025989468728719e-01
-4.1403734629123573e-01
1.5673661166829924e+00
-1.4178067259263574e-01
1
1
2.4542255818569476e+01
2.1648934414668688e+01
1.4060246779678816e+00
-4.5235840753774714e-01
-4.5235840753774714e-01
2.1947752925965194e+00
0
2
9.4666666666666666e-01
2
1.9139354210889792e+01
1.7444727611018614e+01
-7.1058826090123806e-01
-7.0360807518770985e-01
1.5305796679308161e+00
-1.4518827531705256e-01
1
1
2.0770772127498422e+01
1.9060119932129982e+01
1.7112308128851357e+00
-5.7226549043325703e-01
-5.7226549043325703e-01
1.7225294327894298e+00
0
2
9.5999999999999996e-01
2
1.8775879223616826e+01
1.2948724168850271e+01
-8.0581118527975032e-02
-9.9674805409229705e-01
0.0000000000000000e+00
-1.1084823075797998e-01
1
1
1.8957616717253309e+01
1.5196725889934442e+01
1.6924162553014777e+00
-6.8188035707819589e-02
-6.8188035707819589e-02
8.5447701992246550e-01
0
2
9.4666666666666666e-01
2
1.1097379625334488e+01
3.2551006867169243e+00
-6.0041128859572335e-01
7.9969136829580889e-01
1.5476278878612293e+00
-1.4358892338734344e-01
1
1
1.2491199506960646e+01
1.3986636918321755e+00
1.9185936974170787e+00
5.6187690963726966e-01
5.6187690963726999e-01
1.5920857958990502e+00
0
2
9.4666666666666666e-01
2
7.6457803511245679e+00
6.3156919136242742e+00
-7.4821574115537393e-01
6.6345550317057034e-01
1.5377023338571914e+00
-1.4451576051445358e-01
1
1
9.3715799882295272e+00
4.7853963001705990e+00
1.6637807957359478e+00
5.7348230525708810e-01
5.7348230525708810e-01
1.8020123262042334e+00
0
2
9.4666666666666666e-01
2
3.1055340827222992e+00
6.4937791355139831e+00
-9.9923162022837431e-01
3.9193993618642481e-02
1.5145791948165785e+00
-1.4672208820954666e-01
1
1
5.3756572169234333e+00
6.4047355245691282e+00
1.1225028315921501e+00
4.3894134851684745e-02
4.3894134851684738e-02
2.2398405350805288e+00
0
2
9.4666666666666666e-01
2
-6.4846133583701282e-01
3.9746860079577537e+00
-8.3036919283979360e-01
-5.5721360678162690e-01
1.5069583710192651e+00
-1.4746407498431244e-01
1
1
1.2285363734426431e+00
5.2342325717358680e+00
1.4540256326824275e+00
-5.1337212729638249e-01
-5.1337212729638249e-01
1.8745666281506088e+00
0
2
9.4666666666666666e-01
2
-3.6905210000000001e-02
-7.1054269999999997e-15
1.5207320962085630e-01
-9.8836923207656113e-01
0.0000000000000000e+00
-1.2433299512184567e-01
1
1
-3.4268327291850642e-01
1.9873430039788733e+00
1.3339918131615629e+00
1.0142526745061498e-01
1.0142526745061498e-01
6.9040426267478294e-01
0
2
9.3333333333333335e-01
2
3.0505763088504793e+01
2.4272900417027465e+01
-9.5108229677022793e-01
-3.0893763896661736e-01
1.5111299683141217e+00
-1.4705698840063530e-01
1
1
3.2661576529978568e+01
2.4973167803901461e+01
1.2221655646522129e+00
-3.2781543010983544e-01
-3.2781543010983544e-01
2.1248807767780167e+00
0
2
9.3333333333333335e-01
2
2.6207002124643132e+01
2.2832174206047579e+01
-9.4816551566880480e-01
-3.1777689484370869e-01
1.5112554692273164e+00
-1.4704477617926592e-01
1
1
2.8356382606573963e+01
2.3552537311537520e+01
1.2285501371527521e+00
-3.3621654277928692e-01
-3.3621654277928709e-01
2.1190521787128498e+00
0
2
9.3333333333333335e-01
2
2.2223080946141881e+01
2.0704975065883861e+01
-8.8212839890442940e-01
-4.7100901036637061e-01
1.5054199908044881e+00
-1.4761476769248166e-01
1
1
2.4215041535392508e+01
2.1768574635965720e+01
1.3529131016788947e+00
-4.6005866032774834e-01
-4.6005866032774834e-01
1.9688866334020758e+00
0
2
9.3333333333333335e-01
2
1.9521234286164606e+01
1.7128954826724129e+01
-6.0282807556585216e-01
-7.9787111196581817e-01
1.4939840890462572e+00
-1.4874470474721488e-01
1
1
2.0872157616153245e+01
1.8916964946303995e+01
1.7847232321521953e+00
-5.2451147020486177e-01
-5.2451147020486211e-01
1.4868001828831612e+00
0
2
9.3333333333333335e-01
2
1.9457977975842578e+01
1.2730636370244664e+01
-1.4380443343819205e-02
-9.9989659607843218e-01
0.0000000000000000e+00
-1.1366805359505242e-01
1
1
1.9489606131003590e+01
1.4929795598484397e+01
1.6145639995770626e+00
-1.1609072998373828e-02
-1.1609072998373831e-02
8.0753244110993738e-01
0
2
1.0933333333333333e+00
2
1.0830122489064715e+01
2.9736271920153423e+00
-6.4293691959962573e-01
7.6591913242570475e-01
1.7699046978205912e+00
-1.2555603841035068e-01
1
1
1.2537028100667232e+01
9.4022138606895245e-01
2.4283587052350564e+00
7.5368154501554452e-01
7.5368154501554452e-01
2.1631758009306630e+00
0
2
1.0933333333333333e+00
2
6.4384726720883201e+00
5.7817287687161913e+00
-8.4249381152323677e-01
5.3870602144866442e-01
1.7375596737960013e+00
-1.2789328940671096e-01
1
1
8.6342975805765185e+00
4.3776779803657666e+00
1.9031575180302704e+00
6.6947573473462152e-01
6.6947573473462152e-01
2.5220897827144668e+00
0
2
1.0933333333333333e+00
2
1.4288621031292328e+00
4.6235101127457634e+00
-9.7429929906979196e-01
-2.2525735466819283e-01
1.7139191121735697e+00
-1.2965735701517611e-01
1
1
3.9336673876087764e+00
5.2026194407309774e+00
1.5080408454406640e+00
-3.1498425605253255e-01
-3.1498425605253255e-01
2.7976092347841188e+00
0
2
1.0933333333333333e+00
2
-2.0285600000000001e-04
7.1526380000000000e-04
-2.9534420686353335e-01
-9.5539091448063840e-01
0.0000000000000000e+00
-1.0333477319445801e-01
1
1
7.1432962356461638e-01
2.3121126882728817e+00
1.8686036918096318e+00
-2.7565356015751963e-01
-2.7565356015751963e-01
1.0621228470152704e+00
0
2
1.0400000000000000e+00
2
3.1011287330141666e+01
2.4974734428056582e+01
-9.6775960208711420e-01
-2.5187566886896895e-01
1.6803734657990606e+00
-1.3224573390686692e-01
1
1
3.3450583665070830e+01
2.5609602214028293e+01
1.4671077393589218e+00
-3.3628087582893662e-01
-3.3628087582893662e-01
2.6716472633947839e+00
0
2
1.0400000000000000e+00
2
2.6134279529775622e+01
2.3689149099619662e+01
-9.6696894360261854e-01
-2.5489421748646190e-01
1.6812011156552300e+00
-1.3218062976101080e-01
1
1
2.8572783429958644e+01
2.4331941763838124e+01
1.4706657552332754e+00
-3.4036796804490638e-01
-3.4036796804490638e-01
2.6721672499815203e+00
0
2
1.0400000000000000e+00
2
2.1561774267542766e+01
2.1613753570669399e+01
-9.1059259963295902e-01
-4.1330511428445899e-01
1.6738203466167481e+00
-1.3276348484554792e-01
1
1
2.3848026898659192e+01
2.2651451335144529e+01
1.6026735377851318e+00
-5.1516863623268405e-01
-5.1516863623268405e-01
2.5038637816370288e+00
0
2
1.0400000000000000e+00
2
1.8418717322300282e+01
1.7752249175169609e+01
-6.3126801238509300e-01
-7.7556475973278605e-01
1.6596526797797586e+00
-1.3389682367259631e-01
1
1
1.9990245794921524e+01
1.9683001372919506e+01
2.1552536470184238e+00
-6.5887511857261971e-01
-6.5887511857261949e-01
1.8820602018153001e+00
0
2
1.0400000000000000e+00
2
1.8511027498541878e+01
1.2860905617385528e+01
1.8868791576908201e-02
-9.9982196850460692e-01
0.0000000000000000e+00
-1.0220320415987660e-01
1
1
1.8464872410421080e+01
1.5306577396277568e+01
1.9969660336340651e+00
1.8840167638778466e-02
1.8840167638778455e-02
9.9901634856155574e-01
0
2
1.1200000000000001e+00
2
1.0800447398102191e+01
4.4841333346120642e+00
-6.6698090990295877e-01
7.4507480552292293e-01
1.8102886396962350e+00
-1.2275513271712898e-01
1
1
1.2611589344239569e+01
2.4609326503690205e+00
2.4900094249265976e+00
7.9569342210969718e-01
7.9569342210969729e-01
2.3134457308991259e+00
0
2
1.1200000000000001e+00
2
6.0722127320390289e+00
6.9027499132713013e+00
-8.9028482521463370e-01
4.5540413919127798e-01
1.7703078580959597e+00
-1.2552744496159643e-01
1
1
8.4363300650706101e+00
5.6934416239416823e+00
1.8487707289358855e+00
6.2081238527985083e-01
6.2081238527985094e-01
2.7448557939905691e+00
0
2
1.1200000000000001e+00
2
1.2086164571571361e+00
4.8516017608217599e+00
-9.2141039514406853e-01
-3.8859089505603622e-01
1.7594752206376825e+00
-1.2630028523032155e-01
1
1
3.6404145945980826e+00
5.8771758370465310e+00
1.7409229689933048e+00
-5.4156285818913841e-01
-5.4156285818913841e-01
2.7966581099507071e+00
0
2
1.1200000000000001e+00
2
-4.9908300000000003e-02
1.0436160000000000e-02
-2.5160046363451155e-01
-9.6783118708734484e-01
0.0000000000000000e+00
-9.9958487985110561e-02
1
1
5.7935407857856802e-01
2.4310189604108801e+00
2.0219452578137695e+00
-2.5422526972443565e-01
-2.5422526972443571e-01
1.1101064395088742e+00
0
2
9.5999999999999996e-01
2
2.9474215112492434e+01
2.5840622574481550e+01
-9.4960277771484047e-01
-3.1345584147732730e-01
1.6221396272057067e+00
-1.3699327634639061e-01
1
1
3.1784797556246218e+01
2.6603326287240776e+01
1.4119402483931165e+00
-3.8267636967018376e-01
-3.8267636967018376e-01
2.4449258024125071e+00
0
2
9.5999999999999996e-01
2
2.4886643433533308e+01
2.4212349407882677e+01
-9.4240021754212366e-01
-3.3448741377899083e-01
1.6226551428875171e+00
-1.3694975373928042e-01
1
1
2.7180429273012869e+01
2.5026485991182113e+01
1.4303684693286922e+00
-4.0551269350620883e-01
-4.0551269350620878e-01
2.4289493936824766e+00
0
2
9.7333333333333338e-01
2
2.0743620344621878e+01
2.1585892279826393e+01
-8.4458470795862706e-01
-5.3542195610792864e-01
1.6351322529172059e+00
-1.3590473909725673e-01
1
1
2.2815131889077591e+01
2.2899120843854533e+01
1.6807844854731142e+00
-5.9072043399621033e-01
-5.9072043399620999e-01
2.2381126001306599e+00
0
2
9.5999999999999996e-01
2
1.8305064047407861e+01
1.7434720674968304e+01
-5.0650936094020915e-01
-8.6223446189533670e-01
1.6048116022228700e+00
-1.3847246736901461e-01
1
1
1.9524342196014871e+01
1.9510306477397350e+01
2.1937847337107472e+00
-5.4953808703112661e-01
-5.4953808703112650e-01
1.5811217689067405e+00
0
2
9.7333333333333338e-01
2
1.8581419295449123e+01
1.2615435516242842e+01
5.7249568823730848e-02
-9.9835989846823125e-01
0.0000000000000000e+00
-1.0357966644292367e-01
1
1
1.8443241671428492e+01
1.5025078095605572e+01
1.9414030884903255e+00
5.5572169999070810e-02
5.5572169999070810e-02
9.7548160819193308e-01
0
2
9.8666666666666669e-01
2
1.1098013651881271e+01
4.0137606175566374e+00
-6.3700789939008717e-01
7.7085727350439426e-01
1.6636689030355192e+00
-1.3357358655725127e-01
1
1
1.2687669001686171e+01
2.0900837056446271e+00
2.1558529767732830e+00
6.6403263523712186e-01
6.6403263523712175e-01
1.9010244508198610e+00
0
2
9.8666666666666669e-01
2
6.9318782959041458e+00
6.7490839611930529e+00
-8.3592851619786157e-01
5.4883833303372798e-01
1.6612805502103538e+00
-1.3376561965652589e-01
1
1
9.0149459738927078e+00
5.3814222893748447e+00
1.7545861546630592e+00
6.1863768502119731e-01
6.1863768502119731e-01
2.2906515773984415e+00
0
2
1.0000000000000000e+00
2
1.9907523639259630e+00
7.4718264534988172e+00
-9.8947107792490174e-01
1.4473073602429129e-01
1.6645680849815270e+00
-1.3350143152882110e-01
1
1
4.4613153299150543e+00
7.1104552073459351e+00
1.3821117281126798e+00
1.9386697595565197e-01
1.9386697595565205e-01
2.6791522174185349e+00
0
2
9.8666666666666669e-01
2
-1.4833497890223426e+00
4.2265473151056758e+00
-7.3076311671060523e-01
-6.8263113557425881e-01
1.5846914335187636e+00
-1.4023059475293806e-01
1
1
2.5370128745181020e-01
5.8491868843022470e+00
1.7986880942050589e+00
-6.1205290935359724e-01
-6.1205290935359746e-01
1.8821567295069928e+00
0
2
1.0000000000000000e+00
2
-1.4110410000000000e-02
7.1054269999999997e-15
3.2834836339230844e-01
-9.4455669615835813e-01
0.0000000000000000e+00
-1.1174093482669827e-01
1
1
-7.4873009951117131e-01
2.1132736575528415e+00
1.5808350557966269e+00
2.5911067752423794e-01
2.5911067752423789e-01
9.2552625231144081e-01
0
2
1.0133333333333334e+00
2
3.1450813814615245e+01
2.2494616079005151e+01
-9.4262732244858560e-01
-3.3384686755069359e-01
1.7283911569945505e+00
-1.2857171903646994e-01
1
1
3.3894656907307620e+01
2.3360143039502574e+01
1.6222294939558548e+00
-4.5931246805742348e-01
-4.5931246805742348e-01
2.7564399425175123e+00
0
2
1.0133333333333334e+00
2
2.6402851909013187e+01
2.1287459845499800e+01
-9.7257737031304559e-01
-2.3257957510271840e-01
1.7300977998207174e+00
-1.2844489036703596e-01
1
1
2.8926832861814216e+01
2.1891037962252476e+01
1.5415484443436731e+00
-3.3080637819781311e-01
-3.3080637819781311e-01
2.8457724066533294e+00
0
2
1.0133333333333334e+00
2
2.1527187458227310e+01
1.9539645448728802e+01
-9.4134340978112241e-01
-3.3745012203531621e-01
1.7264915935122789e+00
-1.2871317940804194e-01
1
1
2.3965019683620248e+01
2.0413552647114301e+01
1.6221883752905000e+00
-4.6261897914418121e-01
-4.6261897914418104e-01
2.7468617225498724e+00
0
2
1.0133333333333334e+00
2
1.7629868917726672e+01
1.6187948094992219e+01
-7.5818486846301891e-01
-6.5203965004723052e-01
1.7134425048608635e+00
-1.2969342221393498e-01
1
1
1.9578528187976993e+01
1.7863796771860510e+01
2.0442698416877239e+00
-7.0912863755879607e-01
-7.0912863755879618e-01
2.2589859376921426e+00
0
2
1.0133333333333334e+00
2
1.6814342001963254e+01
1.1325410911034165e+01
-1.6540613276426883e-01
-9.8622553771638322e-01
0.0000000000000000e+00
-1.0141059085059852e-01
1
1
1.7222105459844961e+01
1.3756679503013192e+01
2.0009139461665808e+00
-1.6546580227752383e-01
-1.6546580227752380e-01
1.0420839499959489e+00
0
2
9.0666666666666662e-01
2
9.0541009682852387e+00
1.8634955112862763e+00
-6.6799894487700129e-01
7.4416221997842191e-01
1.5480113618908691e+00
-1.4355335347847939e-01
1
1
1.0605205902886304e+01
1.3553815386148205e-01
1.8191726772206618e+00
5.8200741245933718e-01
5.8200741245933707e-01
1.6932467966312401e+00
0
2
9.0666666666666662e-01
2
5.7126976174244941e+00
5.0802708093768985e+00
-7.2041418276209512e-01
6.9354409036140052e-01
1.5460566207667177e+00
-1.4373485371578315e-01
1
1
7.3833992928548664e+00
3.4718831603315872e+00
1.7295920510655058e+00
5.8350415543328360e-01
5.8350415543328360e-01
1.7739624544234669e+00
0
2
9.2000000000000004e-01
2
1.3509905860571536e+00
6.6774985626465932e+00
-9.3901991193796952e-01
3.4386277056990050e-01
1.5483189709880789e+00
-1.4352483331028901e-01
1
1
3.5318441017408237e+00
5.8788846860117463e+00
1.3097649079570626e+00
3.7819663773385143e-01
3.7819663773385143e-01
2.2040506273962128e+00
0
2
9.0666666666666662e-01
2
-1.9131175388941393e+00
4.0845116002532231e+00
-7.8300556645668407e-01
-6.2201469668959375e-01
1.3895636100955118e+00
-1.5992230985881081e-01
1
1
-2.8106347641849283e-01
5.3810050814499082e+00
1.3083970652696835e+00
-4.5947215140893710e-01
-4.5947215140893710e-01
1.5217887698906740e+00
0
2
9.2000000000000004e-01
2
-1.7165719999999999e-02
2.6783000000000002e-03
4.2126025965308317e-01
-9.0693979603776176e-01
0.0000000000000000e+00
-1.1109466376070506e-01
1
1
-9.6514162944706960e-01
2.0435949501266117e+00
1.5404146678753134e+00
3.2291600864822279e-01
3.2291600864822290e-01
9.9519197279171756e-01
0
2
9.8666666666666669e-01
2
2.9304265491078706e+01
2.7071662425464304e+01
-9.6238343848832408e-01
-2.7169489749237108e-01
1.7371539271981296e+00
-1.2792316140956284e-01
1
1
3.1811977745539352e+01
2.7779626212732154e+01
1.5832305658369479e+00
-3.8551658100449276e-01
-3.8551658100449293e-01
2.8399502511807175e+00
0
2
9.8666666666666669e-01
2
2.4493004963656258e+01
2.5014484052331536e+01
-9.1947617663986880e-01
-3.9314572437167444e-01
1.7442034387465788e+00
-1.2740613697099223e-01
1
1
2.6898635227367482e+01
2.6043073238897918e+01
1.7161251541087685e+00
-5.3731027870781978e-01
-5.3731027870781967e-01
2.7430277570464190e+00
0
2
9.8666666666666669e-01
2
1.9999084036552347e+01
2.2361883938325473e+01
-8.6116970999525422e-01
-5.0831754896588988e-01
1.7394639232912934e+00
-1.2775328033348848e-01
1
1
2.2246044500104304e+01
2.3688183995328504e+01
1.8602949861102602e+00
-6.4713000183142866e-01
-6.4713000183142866e-01
2.5746571813596235e+00
0
2
9.8666666666666669e-01
2
1.6684058798512524e+01
1.8374054272335286e+01
-6.3925458604942331e-01
-7.6899517177598742e-01
1.7285889484326802e+00
-1.2855700739248174e-01
1
1
1.8341571417532435e+01
2.0367969105330381e+01
2.3232020473941297e+00
-7.1765838469902987e-01
-7.1765838469902987e-01
2.0564696076756079e+00
0
2
1.0000000000000000e+00
2
1.6993192884437942e+01
1.3292112538868590e+01
6.0717682996564611e-02
-9.9815497943532228e-01
0.0000000000000000e+00
-9.8206062936737101e-02
1
1
1.6838625841475235e+01
1.5833083405601938e+01
2.1592311462795877e+00
6.5551644349617771e-02
6.5551644349617771e-02
1.0855968246140517e+00
0
2
1.0933333333333333e+00
2
8.2665589263956143e+00
2.9544703335706326e+00
-7.3176695144749493e-01
6.8155493452049754e-01
1.9325489066276336e+00
-1.1498918421164715e-01
1
1
1.0387822059284755e+01
9.7876296829924869e-01
2.6723434679514053e+00
9.1006304350693557e-01
9.1006304350693523e-01
2.8018365510911973e+00
0
2
1.1066666666666667e+00
2
3.2203936239223983e+00
5.9073811021738099e+00
-8.6308471135711395e-01
5.0505918566204444e-01
0.0000000000000000e+00
-8.5518870233412758e-02
1
1
5.7434762751590061e+00
4.4309257178722214e+00
1.7901778412115745e+00
6.2175432002753628e-01
6.2175432002753628e-01
2.4888426718594583e+00
0
2
1.4399999999999999e+00
2
-2.9007330000000000e-03
3.3707139999999999e-03
2.0350722063394966e-01
-9.7907344522760142e-01
0.0000000000000000e+00
-7.9297817250838579e-02
1
1
-6.4449222848280141e-01
3.0900680506068525e+00
3.2491288882121601e+00
3.3053667341690057e-01
3.3053667341690041e-01
1.7276209615500207e+00
0
2
2.5000000000000000e+01
2
0.0000000000000000e+00
0.0000000000000000e+00
0.0000000000000000e+00
0.0000000000000000e+00
0.0000000000000000e+00
-1.0000000000000000e+00
1
1
0.0000000000000000e+00
0.0000000000000000e+00
2.0000000000000000e+00
0.0000000000000000e+00
0.0000000000000000e+00
2.0000000000000000e+00
0
