2
1
1
10
1.2336130881679504e-01
1.0166263744871958e-01
1.2107617628758703e-01
1.0766863411402659e-01
1.3125770342743290e-01
8.8822558189416770e-02
8.5861978109786283e-02
8.1763123516298553e-02
6.9749911213767155e-02
8.8775968876170105e-02
2
1
3.2879567464987687e+01
9.6730409311239463e+00
2.0443089152752112e+01
4.0654189737704883e+01
-3.5094312898767649e-01
-4.6625905805384029e+00
-3.5094312898767649e-01
3.0197397262011680e+00
-2.8106047531461235e-02
-4.6625905805384029e+00
-2.8106047531461235e-02
7.1609034602842598e+00
1
2
1
3.2088530856934682e+01
2.5005312194272708e+01
1.1594959150010611e+01
1.0939063992225840e+01
1.7806529674820322e+00
-1.3430945525335023e+01
1.7806529674820322e+00
5.6052547192877133e+00
-6.5605174279679996e+00
-1.3430945525335023e+01
-6.5605174279679996e+00
3.6390004226008230e+01
1
2
1
3.6844237908456812e+01
-5.7692005507429309e+00
1.7428603060332879e+01
2.5487549821845452e+01
9.6400436340909650e+00
-1.2436333418962151e+00
9.6400436340909650e+00
7.1613394395690522e+00
-9.3828758973321646e-01
-1.2436333418962151e+00
-9.3828758973321646e-01
5.5182712187913969e+00
1
2
1
4.5126434209593668e+01
3.9342793650865087e+00
1.4053664432323247e+01
4.1924050663440831e+00
6.2466155057290605e-02
-9.1745853753382667e-01
6.2466155057290605e-02
1.3095529357518412e+01
-1.2690540579728724e+00
-9.1745853753382667e-01
-1.2690540579728724e+00
5.5682391697635882e+00
1
2
1
1.1491256653956238e+01
1.7086632512368924e+00
1.5544681301050696e+01
1.6927681541365217e+01
-1.3397802734370856e+01
6.9051193576709844e+00
-1.3397802734370856e+01
1.6522908222026402e+01
-8.4891786953343189e+00
6.9051193576709844e+00
-8.4891786953343189e+00
1.2298812129795609e+01
1
2
1
2.2538028624427703e+01
-6.7014620894383468e+00
1.7045210550685194e+01
1.9261875137696155e+01
-5.0500477418115270e+00
4.1585255388924827e+00
-5.0500477418115270e+00
5.4557681256223187e+00
-5.6198728338258019e-01
4.1585255388924827e+00
-5.6198728338258019e-01
5.3355596884105605e+00
1
2
1
2.1553479612218187e+01
2.0226100890421460e+01
1.6246050638467864e+01
1.0428291441789563e+01
5.5522262751586817e+00
3.3164074387330413e+00
5.5522262751586817e+00
8.8866511634121803e+00
1.6613281833743503e+00
3.3164074387330413e+00
1.6613281833743503e+00
5.8537176482624673e+00
1
2
1
1.9238714927629967e+01
1.2523922828170342e+01
1.4159384273426994e+01
6.0198040111727540e+00
-3.0672552101852180e+00
2.1157148097794551e+00
-3.0672552101852180e+00
8.4447078266987674e+00
-2.3778786465137198e+00
2.1157148097794551e+00
-2.3778786465137198e+00
7.1867356465636387e+00
1
2
1
-7.9908790903789606e-01
1.7229773194553810e+00
7.2229766957661061e+00
2.5687624223526244e+00
-4.0504856818535018e-01
-5.5101989887443614e-01
-4.0504856818535018e-01
4.7743253604027247e+00
2.8261836306200312e+00
-5.5101989887443614e-01
2.8261836306200312e+00
9.2710761275110940e+00
1
2
1
1.6847818964858519e+00
5.5040968648726514e+00
1.1072541519758543e+01
8.3481419369388910e+00
1.8469638875629830e+00
3.4503324421931785e+00
1.8469638875629830e+00
4.0517518277434812e+00
5.7225292031969366e-01
3.4503324421931785e+00
5.7225292031969366e-01
5.9970437708673945e+00
1
