2
7
1
2
5
2
-3.8079328662730617e+01
4.9491601114767647e+01
-7.8879513982826426e+00
1.3445437788002328e+01
5.5091643931986823e+01
0.0000000000000000e+00
2
-4.7640265759476087e+01
2.7795126537526595e+01
2.3118555238143994e+00
7.3488419328521248e-01
3.1758817926034425e+01
0.0000000000000000e+00
2
-2.5978479489624497e+01
3.0588997528843358e+01
-1.1353498396623045e+00
2.4129327976334363e+00
2.2105723151728963e+01
0.0000000000000000e+00
2
-5.9939326592552780e+00
5.8246427883242269e+01
4.8516239764163244e-01
-1.2896250731609378e+00
3.9115083891954008e+01
0.0000000000000000e+00
2
-2.3620046640153971e+00
6.9266735125150845e+01
-3.5037666276551242e-02
1.4789663258427177e-01
1.4665042984380862e+03
0.0000000000000000e+00
1
2
3
2
-4.5615073418565366e+01
5.7237989435440557e+00
-1.9691096095543406e+00
-1.0022736838999806e+00
8.2290803084174627e+01
0.0000000000000000e+00
2
-4.6735477517680359e+01
5.7548731533950452e+01
-1.1261690976476544e+00
2.7081373625732956e+00
3.5881443752372292e+01
0.0000000000000000e+00
2
-3.3552165845344817e+01
3.0926228258014294e+01
3.9331237028729099e-01
-1.0523463345357061e-01
1.6152673361512666e+03
0.0000000000000000e+00
1
2
1
2
-4.6965190575551084e+01
5.0083154272305013e+00
-2.3363307067714470e-01
-1.4922488875895448e-01
1.6541877188832045e+03
0.0000000000000000e+00
1
2
1
2
-3.4493847791246601e+01
3.2390036843844278e+01
1.5633369655702109e-01
1.0981167528498442e-03
1.6543442645806304e+03
0.0000000000000000e+00
1
2
1
2
-4.7317898345750145e+01
5.3152644930438324e+00
-1.0711502599052394e-01
-6.0163154190143987e-02
1.6526060581661563e+03
0.0000000000000000e+00
1
2
1
2
-3.4479510578014590e+01
3.2257879199798062e+01
8.2535401219841608e-03
4.1722405526182116e-04
1.6528157352709345e+03
0.0000000000000000e+00
1
2
1
2
-4.1397175028587213e-01
-4.6871961987847366e-01
4.1397175028587213e-01
4.6871961987847366e-01
1.6528157353098920e+03
0.0000000000000000e+00
