2
-1.0000000000000000e-300
194
2
9.0666666666666662e-01
2
-7.0214457422815251e+00
3.9802037330236956e+01
-9.7865596043941672e-01
-2.0550550137746393e-01
2.0579560128156063e+00
-1.0798200779723539e-01
1
1
-4.0003993648853307e+00
4.0436419253576616e+01
2.1566199863616928e+00
-4.1616208174501873e-01
-4.1616208174501873e-01
4.0510734891363480e+00
0
2
9.2000000000000004e-01
2
-1.2883888086392204e+01
3.7594566044143747e+01
-9.3585306625070186e-01
-3.5239046296567006e-01
2.0880921573145805e+00
-1.0642357016848056e-01
1
1
-9.9526669143368647e+00
3.8698301687190352e+01
2.3948131889944890e+00
-7.0253501056142964e-01
-7.0253501056142953e-01
3.9960189842135083e+00
0
2
9.2000000000000004e-01
2
-1.8329271257740398e+01
3.4498403275752786e+01
-8.6930600431189464e-01
-4.9427428707883253e-01
2.0880193105527995e+00
-1.0642728307114621e-01
1
1
-1.5606579672066301e+01
3.6046484659948263e+01
2.6505342738526245e+00
-9.1526436341317863e-01
-9.1526436341317841e-01
3.7398519963271060e+00
0
2
9.2000000000000004e-01
2
-2.3213259926056296e+01
3.0576389173781017e+01
-7.7971310009005890e-01
-6.2613695111209478e-01
2.0879426324681836e+00
-1.0643119153112487e-01
1
1
-2.0771265591898349e+01
3.2537396224766901e+01
2.9650225908345029e+00
-1.0398677821553362e+00
-1.0398677821553362e+00
3.4248943411743391e+00
0
2
9.0666666666666662e-01
2
-2.7343615215980787e+01
2.5988776942176006e+01
-6.6909935433385903e-01
-7.4317296373725350e-01
2.0576691454323619e+00
-1.0799706197447421e-01
1
1
-2.5278437571018543e+01
2.8282583057978513e+01
3.2111846254960543e+00
-1.0286519109861327e+00
-1.0286519109861327e+00
2.9947783361750995e+00
0
2
9.2000000000000004e-01
2
-3.0551860727067030e+01
2.0625356972973059e+01
-5.1334153729267940e-01
-8.5818440098267268e-01
2.0832430120540950e+00
-1.0667129131666180e-01
1
1
-2.8947737971523907e+01
2.3307066957574534e+01
3.6820239020624883e+00
-9.3412226613367022e-01
-9.3412226613367000e-01
2.6791600685581347e+00
0
2
9.2000000000000004e-01
2
-3.1527055798117051e+01
1.4457210126784041e+01
-1.5616211070386857e-01
-9.8773143879321401e-01
2.0815870265724277e+00
-1.0675615258235761e-01
1
1
-3.1039458262592042e+01
1.7541283549878550e+01
4.1824228718690053e+00
-3.2654311127405256e-01
-3.2654311127405244e-01
2.1686520126281024e+00
0
2
9.2000000000000004e-01
2
-3.1692885387829378e+01
8.1889570535792515e+00
-2.6446218240015962e-02
-9.9965023760353366e-01
0.0000000000000000e+00
-7.9739141506330352e-02
1
1
-3.1609970592973212e+01
1.1323083590181646e+01
3.2800616616454290e+00
-4.3372610618398214e-02
-4.3372610618398214e-02
1.6417519951103405e+00
0
2
1.2133333333333334e+00
2
-2.9990371626657428e+01
-8.2132533981105416e-01
2.4255505022578400e-01
-9.7013764364133781e-01
0.0000000000000000e+00
-6.6556870653756359e-02
1
1
-3.0901453562463910e+01
2.8226923029662392e+00
4.5711360286220923e+00
5.5412138751568563e-01
5.5412138751568574e-01
2.4933812177172712e+00
0
2
9.2000000000000004e-01
2
-5.9271499589488998e+00
3.6649325207044214e+01
-9.7712385707555438e-01
-2.1267103219242545e-01
1.8241230297470339e+00
-1.2182414157286287e-01
1
1
-3.2535587630387477e+00
3.7231232398417632e+01
1.6992470474603008e+00
-3.3783375659524167e-01
-3.3783375659524151e-01
3.1779055179322522e+00
0
2
9.2000000000000004e-01
2
-1.1047293847825182e+01
3.4718253239455130e+01
-9.3566555629939896e-01
-3.5288803713775341e-01
1.8240648254442151e+00
-1.2182802887397624e-01
1
1
-8.4872219033870415e+00
3.5683789223249676e+01
1.8280514058563910e+00
-5.3675357991737782e-01
-5.3675357991737771e-01
3.0487899231433446e+00
0
2
9.3333333333333335e-01
2
-1.5889621838724283e+01
3.2004005347193555e+01
-8.7231055902568788e-01
-4.8895223551211209e-01
1.8503838037940885e+00
-1.2009520498751151e-01
1
1
-1.3468457843274733e+01
3.3361129293324339e+01
2.0728019850880499e+00
-7.1350666816437402e-01
-7.1350666816437369e-01
2.9457881127086591e+00
0
2
9.2000000000000004e-01
2
-2.0198693807778625e+01
2.8631701433605667e+01
-7.8750617889968200e-01
-6.1630675657080214e-01
1.8239314960360293e+00
-1.2183693450394402e-01
1
1
-1.8044157823251453e+01
3.0317853390399613e+01
2.2427492870616916e+00
-7.8886879736757864e-01
-7.8886879736757853e-01
2.6333791258233266e+00
0
2
9.3333333333333335e-01
2
-2.3984470027191275e+01
2.4572358423347367e+01
-6.8203474773885242e-01
-7.3131976786956876e-01
1.8502362389226363e+00
-1.2010478313386551e-01
1
1
-2.2091581917484952e+01
2.6602029928476519e+01
2.5671490424620358e+00
-8.3426690078867904e-01
-8.3426690078867871e-01
2.4506406396893983e+00
0
2
9.2000000000000004e-01
2
-2.7033816546477404e+01
2.0029551443240113e+01
-5.5733039285208896e-01
-8.3029081242859504e-01
1.8237814639184773e+00
-1.2184695733488138e-01
1
1
-2.5509143286834338e+01
2.2300954933293738e+01
2.7454308239019989e+00
-7.5201306863356154e-01
-7.5201306863356143e-01
2.1298954253228057e+00
0
2
9.3333333333333335e-01
2
-2.9339877229772856e+01
1.4981095677203600e+01
-4.1549077253970745e-01
-9.0959739331990008e-01
1.8500697133011683e+00
-1.2011559382035417e-01
1
1
-2.8186846888125132e+01
1.7505323560221857e+01
3.0558983080349336e+00
-6.3200950688183433e-01
-6.3200950688183433e-01
1.9609881889717260e+00
0
2
9.2000000000000004e-01
2
-2.9433405940391715e+01
9.6452246143456293e+00
-1.7525600768376216e-02
-9.9984641486465686e-01
1.7788968997404315e+00
-1.2492136124058000e-01
1
1
-2.9386641585082288e+01
1.2313160145774614e+01
3.0917308871604949e+00
-2.7092220286236021e-02
-2.7092220286236021e-02
1.5465777641370948e+00
0
2
9.3333333333333335e-01
2
-2.6728212415018941e+01
4.8276668054222656e+00
4.8961727958420126e-01
-8.7193745161712477e-01
1.8417061911908770e+00
-1.2066106053459584e-01
1
1
-2.8080809177705326e+01
7.2364457098839470e+00
2.9171450958454681e+00
7.0748884766851838e-01
7.0748884766851838e-01
2.0544847276711407e+00
0
2
9.2000000000000004e-01
2
-2.2520090946586688e+01
1.3794217372613133e+00
7.7348535112575401e-01
-6.3381417749516245e-01
1.8134889744227760e+00
-1.2253850194647826e-01
1
1
-2.4624151680802814e+01
3.1035442713417893e+00
2.2523095085340010e+00
7.8773603980448303e-01
7.8773603980448303e-01
2.5681443207134667e+00
0
2
9.3333333333333335e-01
2
-1.7163313922435830e+01
1.4763138762272202e-01
9.7456585087582726e-01
-2.2410132151925072e-01
0.0000000000000000e+00
-9.0965691355270925e-02
1
1
-1.9841702434511259e+01
7.6352656244201766e-01
1.3239532157755836e+00
2.7532609897106675e-01
2.7532609897106680e-01
2.4579728034457715e+00
0
2
9.0666666666666662e-01
2
-4.0545968094021170e+00
4.4647032897827977e+01
-9.8621977913059977e-01
-1.6544046437190324e-01
2.1792862557066237e+00
-1.0197018479803500e-01
1
1
-8.3071399475410934e-01
4.5187846093043092e+01
2.3839245420774371e+00
-3.7860020272297429e-01
-3.7860020272297429e-01
4.5773161177454940e+00
0
2
9.0666666666666662e-01
2
-1.0279390615418494e+01
4.2648947938852402e+01
-9.5215065767884666e-01
-3.0562906452387634e-01
2.1792047843882125e+00
-1.0197399703516562e-01
1
1
-7.1669937124103056e+00
4.3647990418340186e+01
2.5369716561279283e+00
-6.7520126152824222e-01
-6.7520126152824222e-01
4.4237485297538361e+00
0
2
9.0666666666666662e-01
2
-1.6142565353199050e+01
3.9757549272191376e+01
-8.9687268918522933e-01
-4.4228879636913154e-01
2.1791181767789882e+00
-1.0197804992416462e-01
1
1
-1.3210977984308773e+01
4.1203248605521893e+01
2.7739034846289234e+00
-9.2031211304636562e-01
-9.2031211304636562e-01
4.1862634358060999e+00
0
2
9.0666666666666662e-01
2
-2.1504400561514320e+01
3.6018017489502455e+01
-8.2021907770940583e-01
-5.7204952981497281e-01
2.1790256424698384e+00
-1.0198238051496371e-01
1
1
-1.8823482957356685e+01
3.7887783380846912e+01
3.0790106781059703e+00
-1.0884914327402482e+00
-1.0884914327402482e+00
3.8805651403229087e+00
0
2
9.0666666666666662e-01
2
-2.6226609195952904e+01
3.1498192093955797e+01
-7.2241790654516236e-01
-6.9145670023719141e-01
2.1788905432045205e+00
-1.0198870379941037e-01
1
1
-2.3865504878733610e+01
3.3758104791729124e+01
3.4285865152056418e+00
-1.1586737105800200e+00
-1.1586737105800198e+00
3.5301263446471731e+00
0
2
9.0666666666666662e-01
2
-2.9595905416617189e+01
2.5923383678359073e+01
-5.1724865902303918e-01
-8.5583516213045829e-01
2.1712936720661533e+00
-1.0234553947313844e-01
1
1
-2.7911257306285044e+01
2.8710787886157433e+01
3.9905764496750367e+00
-1.0196789785721756e+00
-1.0196789785721756e+00
2.9196968159513097e+00
0
2
9.0666666666666662e-01
2
-3.1292078209061081e+01
1.9618284785793925e+01
-2.5978013369184577e-01
-9.6566779077436704e-01
2.1764209709942799e+00
-1.0210442978809464e-01
1
1
-3.0443991812839137e+01
2.2770834232076499e+01
4.4724485146363095e+00
-5.8057231130006948e-01
-5.8057231130006948e-01
2.4704991613092657e+00
0
2
9.2000000000000004e-01
2
-3.1834235967233727e+01
1.3006241321875919e+01
-8.1721235799009612e-02
-9.9665522605336421e-01
0.0000000000000000e+00
-7.5366657183374763e-02
1
1
-3.1563157088147406e+01
1.6312263053834922e+01
3.6607148336785142e+00
-1.4957823054582803e-01
-1.4957823054582800e-01
1.8487545277899091e+00
0
2
9.5999999999999996e-01
2
-4.7447320498158767e+00
4.3116647670340221e+01
-9.8524379857849687e-01
-1.7115682096432563e-01
2.3436955860927249e+00
-9.4817016143593266e-02
1
1
-1.2810647368853971e+00
4.3718356899075850e+01
2.7623516032610738e+00
-4.5256103537746589e-01
-4.5256103537746589e-01
5.2888461276368357e+00
0
2
9.7333333333333338e-01
2
-1.1479552655651970e+01
4.0781519621350668e+01
-9.4481925469665473e-01
-3.2759208774702997e-01
2.3760525526822889e+00
-9.3525802689573972e-02
1
1
-8.1121423527339225e+00
4.1949083645845448e+01
3.0543634833702642e+00
-8.5375066862085613e-01
-8.5375066862085580e-01
5.2206778635116020e+00
0
2
9.7333333333333338e-01
2
-1.7732999252535443e+01
3.7361078586607221e+01
-8.7733644317348758e-01
-4.7987578130146752e-01
2.3759211362760690e+00
-9.3530975767371280e-02
1
1
-1.4606275954093707e+01
3.9071299103978944e+01
3.3931660264459946e+00
-1.1611701894122080e+00
-1.1611701894122075e+00
4.8809599819931746e+00
0
2
9.7333333333333338e-01
2
-2.3313591772810476e+01
3.2927574702673603e+01
-7.8298395262012721e-01
-6.2204190368444023e-01
2.3757798618138963e+00
-9.3536537536165809e-02
1
1
-2.0523295512672959e+01
3.5144326644640415e+01
3.8247732119340547e+00
-1.3431413831659311e+00
-1.3431413831659313e+00
4.4483688514310638e+00
0
2
9.7333333333333338e-01
2
-2.8036126695968097e+01
2.7589960458771156e+01
-6.6263679286816357e-01
-7.4894090603824981e-01
2.3756276812000103e+00
-9.3542529404258487e-02
1
1
-2.5674859234389288e+01
3.0258767580722377e+01
4.3039987954784378e+00
-1.3684114080012209e+00
-1.3684114080012209e+00
3.9680834293593863e+00
0
2
9.7333333333333338e-01
2
-3.1683147264117629e+01
2.1473073682202013e+01
-5.1210753421422894e-01
-8.5892134296512979e-01
2.3738637717600151e+00
-9.3612036573380811e-02
1
1
-2.9859636980042865e+01
2.4531517070486586e+01
4.7844793536293917e+00
-1.2110525228289164e+00
-1.2110525228289164e+00
3.4753233485898916e+00
0
2
9.7333333333333338e-01
2
-3.2707713173018597e+01
1.4448039239287780e+01
-1.4431816416305276e-01
-9.8953133729690756e-01
0.0000000000000000e+00
-7.0428931369510478e-02
1
1
-3.2195430218568113e+01
1.7960556460744897e+01
4.1622524996035368e+00
-3.0032768876764898e-01
-3.0032768876764898e-01
2.1468281721006792e+00
0
2
1.2000000000000000e+00
2
-3.2121128251084549e+01
9.2628505396667271e-01
1.3219463158219769e-01
-9.9122377865991840e-01
0.0000000000000000e+00
-5.9917261894969924e-02
1
1
-3.2672699815777889e+01
5.0620872723551438e+00
5.7605199695109235e+00
3.8074011502911187e-01
3.8074011502911176e-01
2.9564261345973515e+00
0
2
9.0666666666666662e-01
2
-7.6450063107658206e+00
4.2528477644129566e+01
-9.7541930012778588e-01
-2.2035695799819979e-01
2.1602309439228291e+00
-1.0286965976826633e-01
1
1
-4.4843098776124322e+00
4.3242510523194184e+01
2.3907233397840049e+00
-4.9006683420312358e-01
-4.9006683420312352e-01
4.4493137082807044e+00
0
2
9.2000000000000004e-01
2
-1.3770025445401897e+01
4.0136283580198786e+01
-9.3147752809058582e-01
-3.6379886566927622e-01
2.1918650566523814e+00
-1.0138499245095889e-01
1
1
-1.0707515878083859e+01
4.1332380612164172e+01
2.6579389198058614e+00
-7.9542306926682327e-01
-7.9542306926682316e-01
4.3838939701147552e+00
0
2
9.2000000000000004e-01
2
-1.9455280739484504e+01
3.6832771868051005e+01
-8.6463068764160111e-01
-5.0240797564172079e-01
2.1917856087165264e+00
-1.0138866745837971e-01
1
1
-1.6612653092443200e+01
3.8484527724124895e+01
2.9395497254501155e+00
-1.0195772735878987e+00
-1.0195772735878987e+00
4.1017726869237556e+00
0
2
9.2000000000000004e-01
2
-2.4554251199064058e+01
3.2681566593921723e+01
-7.7549643783580258e-01
-6.3135194218754187e-01
2.1917016467582062e+00
-1.0139255155961395e-01
1
1
-2.2004765969274281e+01
3.4757169230986364e+01
3.2824253915498418e+00
-1.1490820213788944e+00
-1.1490820213788944e+00
3.7583575593978966e+00
0
2
9.2000000000000004e-01
2
-2.8927052699032398e+01
2.7771667694142430e+01
-6.6508121187620750e-01
-7.4677103693787916e-01
2.1916128045137917e+00
-1.0139666174816044e-01
1
1
-2.6740651949048228e+01
3.0226617144032076e+01
3.6554353395620254e+00
-1.1655385363918507e+00
-1.1655385363918511e+00
3.3847768162843024e+00
0
2
9.0666666666666662e-01
2
-3.2400649118138581e+01
2.2301946062003349e+01
-5.3609143007161630e-01
-8.4415992477952262e-01
2.1598283577872444e+00
-1.0288883439325247e-01
1
1
-3.0663850908585488e+01
2.5036806878072888e+01
3.9033075133563395e+00
-1.0314279770113077e+00
-1.0314279770113071e+00
2.9341803188511166e+00
0
2
9.2000000000000004e-01
2
-3.4554340774091813e+01
1.6112777501754088e+01
-3.2864822518458642e-01
-9.4445240435027811e-01
2.1843940226601486e+00
-1.0173174798912919e-01
1
1
-3.3477494946115200e+01
1.9207361781878717e+01
4.4108034774965192e+00
-7.2361933148822821e-01
-7.2361933148822821e-01
2.5831066520516432e+00
0
2
9.2000000000000004e-01
2
-3.5105469504585798e+01
9.5682390151797776e+00
-8.3914985767034739e-02
-9.9647291742611765e-01
2.1892344394998062e+00
-1.0150681818846009e-01
1
1
-3.4829905139338805e+01
1.2840508258466933e+01
4.6668042336222451e+00
-1.9580618316502235e-01
-1.9580618316502235e-01
2.3581359647452413e+00
0
2
9.2000000000000004e-01
2
-3.3574821234920940e+01
3.2293018297550766e+00
2.3472167677649072e-01
-9.7206261858546561e-01
2.1737067359744957e+00
-1.0223192418024030e-01
1
1
-3.4340145369753373e+01
6.3987704224674271e+00
4.4899064565842073e+00
5.2672772354355013e-01
5.2672772354355024e-01
2.4357347871818740e+00
0
2
9.2000000000000004e-01
2
-2.8245310106170475e+01
-1.2490130888220306e-01
8.4633413880724573e-01
-5.3265234955775587e-01
0.0000000000000000e+00
-7.9400729106430645e-02
1
1
-3.0910065670545706e+01
1.5522002604364369e+00
2.1240652373773412e+00
7.4590539653972376e-01
7.4590539653972365e-01
2.8397921703068874e+00
0
2
8.9333333333333331e-01
2
-5.9462550522435649e+00
4.3718993916067504e+01
-9.8405079487887004e-01
-1.7788769799585394e-01
2.1895352703494582e+00
-1.0149287167534631e-01
1
1
-2.7143341674395058e+00
4.4303230999452296e+01
2.4164098383801544e+00
-4.1001916437604680e-01
-4.1001916437604646e-01
4.6104611389756300e+00
0
2
9.0666666666666662e-01
2
-1.2257213052016006e+01
4.1571764000544711e+01
-9.4670395406946450e-01
-3.2210498808500521e-01
2.2220807862353746e+00
-1.0000636502451776e-01
1
1
-9.1017340521297854e+00
4.2645378958306111e+01
2.6627345740860866e+00
-7.3564478973819569e-01
-7.3564478973819536e-01
4.5745854472595928e+00
0
2
9.0666666666666662e-01
2
-1.8167279677059856e+01
3.8488457340228713e+01
-8.8659754153370729e-01
-4.6254167309161032e-01
2.2220027871271197e+00
-1.0000987555444905e-01
1
1
-1.5212246364537931e+01
4.0030110670386712e+01
2.9283634077022294e+00
-9.8924399381339800e-01
-9.8924399381339834e-01
4.3084485361660345e+00
0
2
9.0666666666666662e-01
2
-2.3527474520977918e+01
3.4526048382980257e+01
-8.0413843441128174e-01
-5.9444207312619857e-01
2.2219204283494287e+00
-1.0001358256888697e-01
1
1
-2.0847377099018885e+01
3.6507252861604485e+01
3.2644319224452896e+00
-1.1530129834702718e+00
-1.1530129834702718e+00
3.9718435649037866e+00
0
2
9.0666666666666662e-01
2
-2.8194307282482931e+01
2.9766892601677355e+01
-7.0014742801507224e-01
-7.1399830465056369e-01
2.2218333714541374e+00
-1.0001750134699937e-01
1
1
-2.5860890901730425e+01
3.2146470492328802e+01
3.6414753861524041e+00
-1.2057200505243055e+00
-1.2057200505243055e+00
3.5942330643865250e+00
0
2
9.0666666666666662e-01
2
-3.2019253371757493e+01
2.4313570631123014e+01
-5.7422993059614347e-01
-8.1869407400295036e-01
2.2203336361003507e+00
-1.0008505866375957e-01
1
1
-3.0106780327120212e+01
2.7040231616400185e+01
4.0230681289695651e+00
-1.1323502553875449e+00
-1.1323502553875444e+00
3.2028754260677399e+00
0
2
9.0666666666666662e-01
2
-3.3480562451425286e+01
1.7850998079191683e+01
-2.2055072813671753e-01
-9.7537550528930339e-01
2.2085759166207772e+00
-1.0061787804072068e-01
1
1
-3.2749907911591393e+01
2.1082284355157348e+01
4.6504856902422800e+00
-5.1267464429888421e-01
-5.1267464429888432e-01
2.4991308997485935e+00
0
2
9.0666666666666662e-01
2
-3.3531412299018939e+01
1.1180599667363495e+01
-7.6229884621125321e-03
-9.9997094460134506e-01
0.0000000000000000e+00
-7.4955863418005211e-02
1
1
-3.3505987375222112e+01
1.4515798873277589e+01
3.7132413516072380e+00
-1.4152997984195396e-02
-1.4152997984195391e-02
1.8567825127163609e+00
0
2
7.3333333333333328e-01
2
-3.1888932235412039e+01
1.2781935363233543e-01
3.3120334872170004e-01
-9.4355940024755824e-01
0.0000000000000000e+00
-1.0092259359265546e-01
1
1
-3.2709371289075548e+01
2.4651537568085962e+00
1.9359848287707584e+00
3.2006205006465666e-01
3.2006205006465666e-01
1.1365122067042321e+00
0
2
8.6666666666666670e-01
2
-6.6068512878755055e+00
4.7414543592480705e+01
-9.7714224269949101e-01
-2.1258654127721441e-01
2.2111384575925412e+00
-1.0050126958769236e-01
1
1
-3.3659561008189014e+00
4.8119631007957651e+01
2.4966934284856666e+00
-4.9620628966682351e-01
-4.9620628966682356e-01
4.6695237357060595e+00
0
2
8.6666666666666670e-01
2
-1.2834561614700924e+01
4.5130894736712769e+01
-9.3886875968720918e-01
-3.4427525627526839e-01
2.2110688217666774e+00
-1.0050443479396688e-01
1
1
-9.7207064512882155e+00
4.6272719164596737e+01
2.6716971425665585e+00
-7.7206177988716096e-01
-7.7206177988716096e-01
4.4940686545107509e+00
0
2
8.6666666666666670e-01
2
-1.8682380769002346e+01
4.2000476285560566e+01
-8.8162688786503352e-01
-4.7194706333805669e-01
2.2109954656149480e+00
-1.0050776931847540e-01
1
1
-1.5758471191851635e+01
4.3565685511136664e+01
2.9204147755345291e+00
-9.9378091581313832e-01
-9.9378091581313843e-01
4.2448755553083846e+00
0
2
8.6666666666666670e-01
2
-2.4024462241814089e+01
3.8069119088617576e+01
-8.0540945638861106e-01
-5.9271882672967457e-01
2.2109174534094289e+00
-1.0051131573435099e-01
1
1
-2.1353421505408217e+01
4.0034797687089068e+01
3.2272951314020664e+00
-1.1401115266431832e+00
-1.1401115266431832e+00
3.9374895717730078e+00
0
2
8.6666666666666670e-01
2
-2.8737794243503977e+01
3.3402792908485331e+01
-7.1064149778981067e-01
-7.0355430609090475e-01
2.2108343969727708e+00
-1.0051509173482397e-01
1
1
-2.6381128242659031e+01
3.5735955998551454e+01
3.5701557130846080e+00
-1.1939810922764835e+00
-1.1939810922764835e+00
3.5940906883927894e+00
0
2
8.6666666666666670e-01
2
-3.2689538058030330e+01
2.8077613647920369e+01
-5.9592515474819363e-01
-8.0303998028637491e-01
2.2104251308741110e+00
-1.0053370237169927e-01
1
1
-3.0713666150767153e+01
3.0740203278202848e+01
3.9266381354389686e+00
-1.1423977483074503e+00
-1.1423977483074508e+00
3.2349560440652851e+00
0
2
8.6666666666666670e-01
2
-3.5027147180566566e+01
2.1905660082484598e+01
-3.5419366037653044e-01
-9.3517209696882797e-01
2.1999350299411611e+00
-1.0101308411283659e-01
1
1
-3.3858342619298448e+01
2.4991636865202484e+01
4.4325418355867052e+00
-7.8322919543401737e-01
-7.8322919543401737e-01
2.6612395228400447e+00
0
2
8.8000000000000000e-01
2
-3.5818664633401184e+01
1.5216203725597794e+01
-1.1750344923187882e-01
-9.9307247440386315e-01
0.0000000000000000e+00
-7.4226695072275500e-02
1
1
-3.5422905906983871e+01
1.8560931904041198e+01
3.7605226514705103e+00
-2.2093185292263484e-01
-2.2093185292263484e-01
1.9194733501836976e+00
0
2
9.0666666666666662e-01
2
-1.0532168613422279e+01
5.9703055995355420e+01
-9.7865596043941672e-01
-2.0550550137746432e-01
3.0869340192234089e+00
-7.1988005198156943e-02
1
1
-6.0005990473279871e+00
6.0654628880364911e+01
4.8523949693138082e+00
-9.3636468392629280e-01
-9.3636468392629291e-01
9.1149153505567746e+00
0
2
9.2000000000000004e-01
2
-1.9325832129588292e+01
5.6391849066215670e+01
-9.3585306625070408e-01
-3.5239046296566434e-01
3.1321382359718610e+00
-7.0949046778987279e-02
1
1
-1.4929000371505285e+01
5.8047452530785549e+01
5.3883296752375447e+00
-1.5807037737631833e+00
-1.5807037737631833e+00
8.9910427144803506e+00
0
2
9.2000000000000004e-01
2
-2.7493906886610585e+01
5.1747604913629267e+01
-8.6930600431189653e-01
-4.9427428707882931e-01
3.1320289658291931e+00
-7.0951522047430896e-02
1
1
-2.3409869508099440e+01
5.4069726989922472e+01
5.9637021161683759e+00
-2.0593448176796372e+00
-2.0593448176796372e+00
8.4146669917359826e+00
0
2
9.2000000000000004e-01
2
-3.4819889889084507e+01
4.5864583760671572e+01
-7.7971310009005990e-01
-6.2613695111209366e-01
3.1319139487023038e+00
-7.0954127687415935e-02
1
1
-3.1156898387847548e+01
4.8806094337150419e+01
6.6713008293777492e+00
-2.3397025098495483e+00
-2.3397025098495483e+00
7.7060122676424108e+00
0
2
9.0666666666666662e-01
2
-4.1015422823971157e+01
3.8983165413264125e+01
-6.6909935433385748e-01
-7.4317296373725472e-01
3.0865037181485069e+00
-7.1998041316317027e-02
1
1
-3.7917656356527829e+01
4.2423874586967848e+01
7.2251654073659513e+00
-2.3144667997187405e+00
-2.3144667997187414e+00
6.7382512563937969e+00
0
2
9.2000000000000004e-01
2
-4.5827791090600677e+01
3.0938035459459677e+01
-5.1334153729269039e-01
-8.5818440098266624e-01
3.1248645180811767e+00
-7.1114194211107040e-02
1
1
-4.3421606957285917e+01
3.4960600436361901e+01
8.2845537796407349e+00
-2.1017750988008359e+00
-2.1017750988008346e+00
6.0281101542559981e+00
0
2
9.2000000000000004e-01
2
-4.7290583697175592e+01
2.1685815190176196e+01
-1.5616211070385730e-01
-9.8773143879321579e-01
3.1223805398586206e+00
-7.1170768388238922e-02
1
1
-4.6559187393888138e+01
2.6311925324817935e+01
9.4104514617051382e+00
-7.3472200036655899e-01
-7.3472200036655910e-01
4.8794670284131438e+00
0
2
9.2000000000000004e-01
2
-4.7539328081744031e+01
1.2283435580368906e+01
-2.6446218240010189e-02
-9.9965023760353389e-01
0.0000000000000000e+00
-5.3159427670886314e-02
1
1
-4.7414955889459812e+01
1.6984625385272551e+01
7.3801387387023798e+00
-9.7588373891376839e-02
-9.7588373891376839e-02
3.6939419889983478e+00
0
2
1.2400000000000000e+00
2
-4.4852456586339933e+01
-1.2614161951191603e+00
2.4887241670331894e-01
-9.6853627717512458e-01
0.0000000000000000e+00
-4.3639626866837034e-02
1
1
-4.6278181521286868e+01
4.2870746302638025e+00
1.0615800522352817e+01
1.3203152015463639e+00
1.3203152015463637e+00
5.8167971028786400e+00
0
2
9.2000000000000004e-01
2
-8.8907249384232525e+00
5.4973987810566264e+01
-9.7712385707555394e-01
-2.1267103219242695e-01
2.7361845446205262e+00
-8.1216094381909312e-02
1
1
-4.8803381445580625e+00
5.5846848597626384e+01
3.8233058567856091e+00
-7.6012595233928504e-01
-7.6012595233928504e-01
7.1502874153474361e+00
0
2
9.2000000000000004e-01
2
-1.6570940771737614e+01
5.2077379859182670e+01
-9.3566555629939918e-01
-3.5288803713775246e-01
2.7360972381663000e+00
-8.1218685915984870e-02
1
1
-1.2730832855080433e+01
5.3525683834874471e+01
4.1131156631768064e+00
-1.2076955548140766e+00
-1.2076955548140766e+00
6.8597773270724094e+00
0
2
9.3333333333333335e-01
2
-2.3834432758086169e+01
4.8006008020790340e+01
-8.7231055902568666e-01
-4.8895223551211403e-01
2.7755757056911001e+00
-8.0063469991675268e-02
1
1
-2.0202686764911892e+01
5.0041693939986502e+01
4.6638044664480107e+00
-1.6053900033698094e+00
-1.6053900033698096e+00
6.6280232535943213e+00
0
2
9.2000000000000004e-01
2
-3.0298040711667653e+01
4.2947552150408526e+01
-7.8750617889968189e-01
-6.1630675657080247e-01
2.7358972440540321e+00
-8.1224623002629670e-02
1
1
-2.7066236734876910e+01
4.5476780085599430e+01
5.0461858958887689e+00
-1.7749547940770376e+00
-1.7749547940770376e+00
5.9251030331024372e+00
0
2
9.3333333333333335e-01
2
-3.5976705040786555e+01
3.6858537635021150e+01
-6.8203474773885198e-01
-7.3131976786956898e-01
2.7753543583839204e+00
-8.0069855422577982e-02
1
1
-3.3137372876227104e+01
3.9903044892714838e+01
5.7760853455394390e+00
-1.8771005267744814e+00
-1.8771005267744816e+00
5.5139414393010071e+00
0
2
9.2000000000000004e-01
2
-4.0550724819715690e+01
3.0044327164860409e+01
-5.5733039285209196e-01
-8.3029081242859293e-01
2.7356721958776662e+00
-8.1231304889922459e-02
1
1
-3.8263714930251126e+01
3.3451432399940778e+01
6.1772193537792486e+00
-1.6920294044254554e+00
-1.6920294044254554e+00
4.7922647069761437e+00
0
2
9.3333333333333335e-01
2
-4.4009815844658917e+01
2.2471643515805553e+01
-4.1549077253970829e-01
-9.0959739331989964e-01
2.7751045699517851e+00
-8.0077062546901820e-02
1
1
-4.2280270332187300e+01
2.6257985340332979e+01
6.8757711930787622e+00
-1.4220213904841634e+00
-1.4220213904841636e+00
4.4122234251864914e+00
0
2
9.2000000000000004e-01
2
-4.4150108910587377e+01
1.4467836921518559e+01
-1.7525600768397646e-02
-9.9984641486465642e-01
2.6683453496106613e+00
-8.3280907493719553e-02
1
1
-4.4079962377623147e+01
1.8469740218662057e+01
6.9563944961111828e+00
-6.0957495644107733e-02
-6.0957495644107712e-02
3.4797999693085018e+00
0
2
9.3333333333333335e-01
2
-4.0092318622528332e+01
7.2415002081336155e+00
4.8961727958419587e-01
-8.7193745161712777e-01
2.7625592867862672e+00
-8.0440707023065300e-02
1
1
-4.2121213766557858e+01
1.0854668564826088e+01
6.5635764656520923e+00
1.5918499072540988e+00
1.5918499072540988e+00
4.6225906372598846e+00
0
2
9.2000000000000004e-01
2
-3.3780136419879952e+01
2.0691326058920749e+00
7.7348535112574723e-01
-6.3381417749517066e-01
2.7202334616341877e+00
-8.1692334630984853e-02
1
1
-3.6936227521204145e+01
4.6553164070128457e+00
5.0676963942016222e+00
1.7724060895601237e+00
1.7724060895601237e+00
5.7783247216053519e+00
0
2
9.3333333333333335e-01
2
-2.5744970883653728e+01
2.2144708143407954e-01
9.7456585087582415e-01
-2.2410132151926493e-01
0.0000000000000000e+00
-6.0643794236847570e-02
1
1
-2.9762553651766840e+01
1.1452898436630772e+00
2.9788947354950537e+00
6.1948372268493157e-01
6.1948372268493157e-01
5.5304388077529163e+00
0
2
9.0666666666666662e-01
2
-6.0818952141031968e+00
6.6970549346742018e+01
-9.8621977913060088e-01
-1.6544046437189658e-01
3.2689293835599385e+00
-6.7980123198689943e-02
1
1
-1.2460709921311759e+00
6.7781769139564659e+01
5.3638302196742309e+00
-8.5185045612666010e-01
-8.5185045612666010e-01
1.0298961264927391e+01
0
2
9.0666666666666662e-01
2
-1.5419085923127781e+01
6.3973421908278667e+01
-9.5215065767884699e-01
-3.0562906452387473e-01
3.2688071765823237e+00
-6.7982664690110300e-02
1
1
-1.0750490568615490e+01
6.5471985627510350e+01
5.7081862262878520e+00
-1.5192028384385441e+00
-1.5192028384385441e+00
9.9534341919461671e+00
0
2
9.0666666666666662e-01
2
-2.4213848029798623e+01
5.9636323908287132e+01
-8.9687268918522967e-01
-4.4228879636913099e-01
3.2686772651684839e+00
-6.7985366616109683e-02
1
1
-1.9816466976463204e+01
6.1804872908282903e+01
6.2412828404150877e+00
-2.0707022543543245e+00
-2.0707022543543245e+00
9.4190927305637455e+00
0
2
9.2000000000000004e-01
2
-3.2368224961964600e+01
5.3935515983933563e+01
-8.1957438612962663e-01
-5.7297279656214528e-01
3.3165087758433409e+00
-6.7004864826782903e-02
1
1
-2.8291036495881613e+01
5.6785919946110347e+01
7.1382967307413576e+00
-2.5236057928162929e+00
-2.5236057928162938e+00
8.9837579617346144e+00
0
2
9.0666666666666662e-01
2
-3.9434061636162085e+01
4.7137879710508805e+01
-7.2065150595211980e-01
-6.9329748807344027e-01
3.2682633310914726e+00
-6.7993977140149417e-02
1
1
-3.5901143299063342e+01
5.0536697847221184e+01
7.7272804244612949e+00
-2.6074491136484550e+00
-2.6074491136484550e+00
7.9291290451684748e+00
0
2
9.0666666666666662e-01
2
-4.4447896601370431e+01
3.8751232728915021e+01
-5.1312903740613791e-01
-8.5831147666255192e-01
3.2570332214766298e+00
-6.8228417431208790e-02
1
1
-4.1940979118766258e+01
4.2944556219711913e+01
9.0013088305943718e+00
-2.2827204087437978e+00
-2.2827204087437978e+00
6.5476912274355401e+00
0
2
9.0666666666666662e-01
2
-4.6960621473372314e+01
2.9284852181901339e+01
-2.5655261064158358e-01
-9.6653026748932591e-01
3.2647298159990026e+00
-6.8067569062900415e-02
1
1
-4.5704259037371372e+01
3.4018042455408178e+01
1.0072293754130039e+01
-1.2912883176766032e+00
-1.2912883176766032e+00
5.5502798537561535e+00
0
2
9.2000000000000004e-01
2
-4.7753775759406523e+01
1.9365042167891168e+01
-7.9702235858164494e-02
-9.9681871651730614e-01
0.0000000000000000e+00
-5.0243841117393225e-02
1
1
-4.7357198616389418e+01
2.4324947174896252e+01
8.2381508559900762e+00
-3.2829785469793865e-01
-3.2829785469793882e-01
4.1584497986001825e+00
0
2
9.7333333333333338e-01
2
-7.2590722134992047e+00
6.4638295749404662e+01
-9.8505375978184473e-01
-1.7224717803102491e-01
3.5642643774418703e+00
-6.2347289283213814e-02
1
1
-1.9925841747157880e+00
6.5559197470560974e+01
6.3910811184041165e+00
-1.0531462906889588e+00
-1.0531462906889590e+00
1.2229700582334104e+01
0
2
9.7333333333333338e-01
2
-1.7353361953306848e+01
6.1112807338822847e+01
-9.4407724090445144e-01
-3.2972437460133025e-01
3.5640762225970128e+00
-6.2350580723634738e-02
1
1
-1.2306217083403027e+01
6.2875551544113755e+01
6.8810064176967538e+00
-1.9319210829073357e+00
-1.9319210829073359e+00
1.1737809380714902e+01
0
2
9.7333333333333338e-01
2
-2.6721636185767451e+01
5.5960474519929868e+01
-8.7622451877383778e-01
-4.8190309471879966e-01
3.5638789038416334e+00
-6.2354032844011906e-02
1
1
-2.2037499069537148e+01
5.8536640929376361e+01
7.6467113786830589e+00
-2.6203410967937759e+00
-2.6203410967937772e+00
1.0970042881404087e+01
0
2
9.7333333333333338e-01
2
-3.5076737078537882e+01
4.9290408760540330e+01
-7.8150786932615135e-01
-6.2389538400384015e-01
3.5636667783330815e+00
-6.2357744437084431e-02
1
1
-3.0899186632152666e+01
5.2625441640235096e+01
8.6200541448320536e+00
-3.0253535770880342e+00
-3.0253535770880342e+00
9.9944840068828640e+00
0
2
9.7333333333333338e-01
2
-4.2141060151505386e+01
4.1266807924550804e+01
-6.6081525145762754e-01
-7.5054860165148041e-01
3.5634382718341762e+00
-6.2361743145290929e-02
1
1
-3.8608898615021630e+01
4.5278608342545567e+01
9.6989358706789481e+00
-3.0770474393336951e+00
-3.0770474393336942e+00
8.9132151854766644e+00
0
2
9.7333333333333338e-01
2
-4.7578573065626514e+01
3.2073222939673329e+01
-5.0907206746990441e-01
-8.6072389889087952e-01
3.5604080846847790e+00
-6.2414817890712848e-02
1
1
-4.4859816608565950e+01
3.6670015432112066e+01
1.0781933588679586e+01
-2.7138105142370228e+00
-2.7138105142370219e+00
7.7985770587656269e+00
0
2
9.7333333333333338e-01
2
-4.9065540007071000e+01
2.1525477859364347e+01
-1.3959454471507490e-01
-9.9020874722746777e-01
0.0000000000000000e+00
-4.6939357165354488e-02
1
1
-4.8322056536348754e+01
2.6799350399518836e+01
9.3767108808055823e+00
-6.5443716297936538e-01
-6.5443716297936516e-01
4.8267442267064720e+00
0
2
1.2400000000000000e+00
2
-4.7934807879170833e+01
1.2311813055799927e+00
1.4618953289146452e-01
-9.8925659991378145e-01
0.0000000000000000e+00
-3.8915162381928929e-02
1
1
-4.8873963236256984e+01
7.5863944112380297e+00
1.3629302047829885e+01
9.9617253622635882e-01
9.9617253622635893e-01
7.0354683494141037e+00
0
2
9.0666666666666662e-01
2
-1.1467509466148780e+01
6.3792716466194392e+01
-9.7541930012778666e-01
-2.2035695799819643e-01
3.2403464158842556e+00
-6.8579773178843950e-02
1
1
-6.7264648164186758e+00
6.4863765784791312e+01
5.3791275145140443e+00
-1.1026503769570204e+00
-1.1026503769570204e+00
1.0010955843631669e+01
0
2
9.2000000000000004e-01
2
-2.0655038168102905e+01
6.0204425370298146e+01
-9.3147752809058337e-01
-3.6379886566928238e-01
3.2877975849785845e+00
-6.7589994967305653e-02
1
1
-1.6061273817125844e+01
6.1998570918246273e+01
5.9803625695632583e+00
-1.7897019058503918e+00
-1.7897019058503925e+00
9.8637614327582543e+00
0
2
9.2000000000000004e-01
2
-2.9182921109226825e+01
5.5249157802076454e+01
-8.6463068764160045e-01
-5.0240797564172213e-01
3.2876784130747958e+00
-6.7592444972253030e-02
1
1
-2.4918979638664865e+01
5.7726791586187304e+01
6.6139868822627914e+00
-2.2940488655727833e+00
-2.2940488655727833e+00
9.2289885455784706e+00
0
2
9.2000000000000004e-01
2
-3.6831376798596231e+01
4.9022349890882467e+01
-7.7549643783580247e-01
-6.3135194218754209e-01
3.2875524701373422e+00
-6.7595034373075319e-02
1
1
-3.3007148953911525e+01
5.2135753846479460e+01
7.3854571309872821e+00
-2.5854345481025596e+00
-2.5854345481025596e+00
8.4563045086454256e+00
0
2
9.2000000000000004e-01
2
-4.3390579048548751e+01
4.1657501541213463e+01
-6.6508121187620495e-01
-7.4677103693788149e-01
3.2874192067707058e+00
-6.7597774498773244e-02
1
1
-4.0110977923572491e+01
4.5339925716047965e+01
8.2247295140146708e+00
-2.6224617068816918e+00
-2.6224617068816918e+00
7.6157478366397466e+00
0
2
9.0666666666666662e-01
2
-4.8600973677208025e+01
3.3452919093004823e+01
-5.3609143007161519e-01
-8.4415992477952329e-01
3.2397425366808719e+00
-6.8592556262168189e-02
1
1
-4.5995776362878388e+01
3.7555210317109143e+01
8.7824419050517992e+00
-2.3207129482754469e+00
-2.3207129482754469e+00
6.6019057174150317e+00
0
2
9.2000000000000004e-01
2
-5.1831511161137854e+01
2.4169166252630742e+01
-3.2864822518457881e-01
-9.4445240435028077e-01
3.2765910339902811e+00
-6.7821165326084870e-02
1
1
-5.0216242419172943e+01
2.8811042672817784e+01
9.9243078243675580e+00
-1.6281434958485401e+00
-1.6281434958485401e+00
5.8119899671163848e+00
0
2
9.2000000000000004e-01
2
-5.2658204256878847e+01
1.4352358522769432e+01
-8.3914985767037500e-02
-9.9647291742611754e-01
3.2838516592496578e+00
-6.7671212125641131e-02
1
1
-5.2244857709008350e+01
1.9260762387700087e+01
1.0500309525649715e+01
-4.4056391212130319e-01
-4.4056391212130308e-01
5.3058059206766295e+00
0
2
9.2000000000000004e-01
2
-5.0362231852381434e+01
4.8439527446322428e+00
2.3472167677649955e-01
-9.7206261858546361e-01
3.2605601039617973e+00
-6.8154616120159078e-02
1
1
-5.1510218054630144e+01
9.5981556337008378e+00
1.0102289527314774e+01
1.1851373779730687e+00
1.1851373779730687e+00
5.4804032711594202e+00
0
2
9.2000000000000004e-01
2
-4.2367965159255668e+01
-1.8735196332331297e-01
8.4633413880726516e-01
-5.3265234955772500e-01
0.0000000000000000e+00
-5.2933819404287825e-02
1
1
-4.6365098505818551e+01
2.3283003906544648e+00
4.7791467840987636e+00
1.6782871422142733e+00
1.6782871422142733e+00
6.3895323831904456e+00
0
2
8.9333333333333331e-01
2
-8.9193825783653260e+00
6.5578490874101348e+01
-9.8405079487887148e-01
-1.7788769799584589e-01
3.2843029055241759e+00
-6.7661914450231106e-02
1
1
-4.0715012511592468e+00
6.6454846499178501e+01
5.4369221363552933e+00
-9.2254311984605841e-01
-9.2254311984605819e-01
1.0373537562695111e+01
0
2
9.0666666666666662e-01
2
-1.8385819578023952e+01
6.2357646000817141e+01
-9.4670395406946350e-01
-3.2210498808500787e-01
3.3331211793530526e+00
-6.6670910016345328e-02
1
1
-1.3652601078194639e+01
6.3968068437459245e+01
5.9911527916936764e+00
-1.6552007769109447e+00
-1.6552007769109447e+00
1.0292817256334025e+01
0
2
9.0666666666666662e-01
2
-2.7250919515589707e+01
5.7732686010343187e+01
-8.8659754153370862e-01
-4.6254167309160776e-01
3.3330041806906672e+00
-6.6673250369632980e-02
1
1
-2.2818369546806828e+01
6.0045166005580164e+01
6.5888176673299510e+00
-2.2257989860801191e+00
-2.2257989860801191e+00
9.6940092063735097e+00
0
2
9.0666666666666662e-01
2
-3.5291211781466828e+01
5.1789072574470531e+01
-8.0413843441128408e-01
-5.9444207312619546e-01
3.3328806425241444e+00
-6.6675721712591285e-02
1
1
-3.1271065648528268e+01
5.4760879292406855e+01
7.3449718255018901e+00
-2.5942792128081082e+00
-2.5942792128081082e+00
8.9366480210335499e+00
0
2
9.0666666666666662e-01
2
-4.2291460923724358e+01
4.4650338902516268e+01
-7.0014742801507734e-01
-7.1399830465055891e-01
3.3327500571811872e+00
-6.6678334231333278e-02
1
1
-3.8791336352595593e+01
4.8219705738493403e+01
8.1933196188427821e+00
-2.7128701136796574e+00
-2.7128701136796574e+00
8.0870243948696334e+00
0
2
9.0666666666666662e-01
2
-4.8028880057636293e+01
3.6470355946684791e+01
-5.7422993059615135e-01
-8.1869407400294492e-01
3.3305004541505339e+00
-6.6723372442506243e-02
1
1
-4.5160170490680329e+01
4.0560347424600529e+01
9.0519032901815102e+00
-2.5477880746220012e+00
-2.5477880746220016e+00
7.2064697086524898e+00
0
2
9.0666666666666662e-01
2
-5.0220843677138042e+01
2.6776497118787908e+01
-2.2055072813672577e-01
-9.7537550528930150e-01
3.3128638749311330e+00
-6.7078585360481099e-02
1
1
-4.9124861867387168e+01
3.1623426532736350e+01
1.0463592803044907e+01
-1.1535179496725103e+00
-1.1535179496725103e+00
5.6230445244342482e+00
0
2
9.0666666666666662e-01
2
-5.0297118448528444e+01
1.6770899501045683e+01
-7.6229884621047649e-03
-9.9997094460134528e-01
0.0000000000000000e+00
-4.9970575612003770e-02
1
1
-5.0258981062833243e+01
2.1773698309916796e+01
8.3547930411161868e+00
-3.1844245464407693e-02
-3.1844245464407700e-02
4.1777606536117640e+00
0
2
7.4666666666666670e-01
2
-4.7833398353118568e+01
1.9172903044859907e-01
3.2527012046236609e-01
-9.4562114439895950e-01
0.0000000000000000e+00
-6.6042488054123105e-02
1
1
-4.9064689488742502e+01
3.7713229110728608e+00
4.5302884374360657e+00
7.3563352994783271e-01
7.3563352994783304e-01
2.6447036358052642e+00
0
2
8.6666666666666670e-01
2
-9.9102769318133817e+00
7.1121815388721004e+01
-9.7714224269949124e-01
-2.1258654127721441e-01
3.3167076863888512e+00
-6.7000846391794114e-02
1
1
-5.0489341512284174e+00
7.2179446511936447e+01
5.6175602140928866e+00
-1.1164641517503784e+00
-1.1164641517503779e+00
1.0506428405338882e+01
0
2
8.6666666666666670e-01
2
-1.9251842422051588e+01
6.7696342105069064e+01
-9.3886875968720884e-01
-3.4427525627526895e-01
3.3166032326500456e+00
-6.7002956529310653e-02
1
1
-1.4581059676932485e+01
6.9409078746895034e+01
6.0113185707748649e+00
-1.7371390047461461e+00
-1.7371390047461468e+00
1.0111654472649368e+01
0
2
8.6666666666666670e-01
2
-2.8023571153503841e+01
6.3000714428340615e+01
-8.8162688786503007e-01
-4.7194706333806308e-01
3.3164931984224801e+00
-6.7005179545649080e-02
1
1
-2.3637706787777716e+01
6.5348528266704847e+01
6.5709332449529523e+00
-2.2360070605796616e+00
-2.2360070605796607e+00
9.5509699994441721e+00
0
2
8.6666666666666670e-01
2
-3.6036693362721493e+01
5.7103678632926048e+01
-8.0540945638860861e-01
-5.9271882672967802e-01
3.3163761801141698e+00
-6.7007543822900084e-02
1
1
-3.2030132258112666e+01
6.0052196530633331e+01
7.2614140456547958e+00
-2.5652509349472128e+00
-2.5652509349472119e+00
8.8593515364893971e+00
0
2
8.6666666666666670e-01
2
-4.3106691365256346e+01
5.0104189362727510e+01
-7.1064149778980312e-01
-7.0355430609091241e-01
3.3162515954592005e+00
-6.7010061156548409e-02
1
1
-3.9571692363988916e+01
5.3603933997826779e+01
8.0328503544406402e+00
-2.6864574576221596e+00
-2.6864574576221609e+00
8.0867040488839361e+00
0
2
8.6666666666666670e-01
2
-4.9034307087045875e+01
4.2116420471879884e+01
-5.9592515474818486e-01
-8.0303998028638157e-01
3.3156376963112155e+00
-6.7022468247798561e-02
1
1
-4.6070499226151114e+01
4.6110304917303694e+01
8.8349358047379898e+00
-2.5703949336918188e+00
-2.5703949336918188e+00
7.2786510991470443e+00
0
2
8.6666666666666670e-01
2
-5.2540720770850037e+01
3.2858490123725680e+01
-3.5419366037649513e-01
-9.3517209696884129e-01
3.2999025449118897e+00
-6.7342056075221396e-02
1
1
-5.0787513928947959e+01
3.7487455297802782e+01
9.9732191300711115e+00
-1.7622656897265452e+00
-1.7622656897265454e+00
5.9877889263904986e+00
0
2
8.8000000000000000e-01
2
-5.3727996950101833e+01
2.2824305588395365e+01
-1.1750344923186472e-01
-9.9307247440386470e-01
0.0000000000000000e+00
-4.9484463381516540e-02
1
1
-5.3134358860475935e+01
2.7841397856060524e+01
8.4611759658088168e+00
-4.9709666907588163e-01
-4.9709666907588151e-01
4.3188150379133852e+00
0
2
2.5333333333333335e-01
2
-3.1812535498270393e+01
6.4667099457435322e+00
-6.9306200803601919e-02
-9.9759543429697539e-01
0.0000000000000000e+00
-2.8962029599533340e-01
1
1
-3.1752710443049885e+01
7.3278334996613914e+00
2.4812741121433729e-01
-8.5983591757513942e-03
-8.5983591757513994e-03
1.2495973959117952e-01
0
2
1.0933333333333333e+00
2
-2.2555039442791610e+01
-1.1173180000000003e+00
9.9920856486936460e-01
-3.9777429425552589e-02
2.4804071426395695e+00
-8.9591026570638096e-02
1
1
-2.6272705534724519e+01
-9.6932166990552715e-01
3.0107132719516883e+00
1.1947461568234759e-01
1.1947461568234759e-01
6.0071580720531452e+00
0
2
1.0933333333333333e+00
2
-1.5105170649544126e+01
-1.0004216136464277e+00
9.9987691794419153e-01
1.5689135171342176e-02
2.4835952837624831e+00
-8.9476020378638443e-02
1
1
-1.8830105046167869e+01
-1.0588698068232141e+00
3.0144311895269085e+00
-4.7276360349754770e-02
-4.7276360349754784e-02
6.0266369295171032e+00
0
2
1.0933333333333333e+00
2
-7.6605697912510866e+00
-6.6847990753641329e-01
9.9900742385874475e-01
4.4543990336679634e-02
2.4839991777497450e+00
-8.9461471731859962e-02
1
1
-1.1382870220397606e+01
-8.3445076059142043e-01
3.0206512617659751e+00
-1.3415212741370441e-01
-1.3415212741370441e-01
6.0233576987255049e+00
0
2
1.1066666666666667e+00
2
-1.5518090000000001e-01
0.0000000000000000e+00
9.9605700916953666e-01
8.8715469249942822e-02
0.0000000000000000e+00
-6.6356122487578537e-02
1
1
-3.9078753456255435e+00
-3.3423995376820664e-01
2.3877548107205571e+00
-2.0934788283401010e-01
-2.0934788283401010e-01
4.7195718724233569e+00
0
2
9.5999999999999996e-01
2
-1.1449935405749882e+01
4.1292627789046021e-02
9.9982683728963062e-01
-1.8609014896404433e-02
1.9047893440474806e+00
-1.1666498603463572e-01
1
1
-1.4306624664092855e+01
9.4462007705884019e-02
1.7732954819999622e+00
3.2982146228456549e-02
3.2982146228456549e-02
3.5447493493494981e+00
0
2
9.5999999999999996e-01
2
-5.7350705949551068e+00
-1.4210849185400970e-14
9.9997389725865005e-01
-7.2252890147605992e-03
1.9050046627755743e+00
-1.1665179963310246e-01
1
1
-8.5925030003524938e+00
2.0646313894515905e-02
1.7731749668699597e+00
1.2810698408875096e-02
1.2810698408875101e-02
3.5460722434959875e+00
0
2
9.5999999999999996e-01
2
-1.9759030000000000e-02
0.0000000000000000e+00
1.0000000000000000e+00
2.4864522299253856e-15
0.0000000000000000e+00
-8.7484294481140409e-02
1
1
-2.8774148124775536e+00
-7.1054245927004848e-15
1.3629716919662216e+00
-3.3889640028145873e-15
-3.3889640028145873e-15
2.7259433839324432e+00
0
2
9.7333333333333338e-01
2
-3.2040130840365663e+01
5.9870120682760879e+00
-2.9320363309629421e-02
-9.9957006572595564e-01
2.3407494529500505e+00
-9.4936355508768847e-02
1
1
-3.1937183403799693e+01
9.4966266950760030e+00
5.3516779698996890e+00
-7.8456563942589527e-02
-7.8456563942589500e-02
2.6792910315412226e+00
0
2
9.8666666666666669e-01
2
-2.8356267273498091e+01
5.0265310031299648e-01
5.5759153135291217e-01
-8.3011546435632355e-01
2.2022474396441125e+00
-1.0090701808609379e-01
1
1
-3.0198199056931877e+01
3.2448325842945422e+00
4.0024165438323323e+00
1.0967906382252266e+00
1.0967906382252266e+00
3.1062855734499064e+00
0
2
9.8666666666666669e-01
2
-2.1345480444981632e+01
-5.1576775976226608e-01
9.8961316268941857e-01
-1.4375600242023423e-01
2.3614570126450953e+00
-9.4103860892775046e-02
1
1
-2.4850873859239861e+01
-6.5573297246347972e-03
2.7808686749098785e+00
3.8760410925889038e-01
3.8760410925889055e-01
5.3928215975758640e+00
0
2
9.8666666666666669e-01
2
-1.4230127615178459e+01
-2.7201642759372074e-01
9.9941374160378804e-01
3.4237013501720114e-02
2.3731755707050688e+00
-9.3639183280569568e-02
1
1
-1.7787804030080046e+01
-3.9389209367799338e-01
2.7548968478331894e+00
-9.4153780483012761e-02
-9.4153780483012747e-02
5.5001173900900842e+00
0
2
9.8666666666666669e-01
2
-7.1199861348871440e+00
1.1558600761660000e-01
9.9851741412339678e-01
5.4433203950575069e-02
2.3735661757865092e+00
-9.3623773581364866e-02
1
1
-1.0675056875032801e+01
-7.8215209988560380e-02
2.7607331060236211e+00
-1.4960946290519753e-01
-1.4960946290519755e-01
5.4969987697410785e+00
0
2
9.8666666666666669e-01
2
-5.3167509999999998e-03
0.0000000000000000e+00
9.9986805737363271e-01
-1.6244009476662560e-02
0.0000000000000000e+00
-7.0268061903064047e-02
1
1
-3.5626514429435718e+00
5.7793003808299999e-02
2.1132245836612893e+00
3.4313656666487037e-02
3.4313656666487037e-02
4.2247767725702143e+00
0
2
7.1999999999999997e-01
2
-3.3224271380471237e+01
9.1978894907436146e+00
-9.7916437411239551e-02
-9.9519463989949775e-01
0.0000000000000000e+00
-9.4777738499312258e-02
1
1
-3.2965992276744913e+01
1.1822964365015697e+01
2.3114122060816502e+00
-1.1316131146411197e-01
-1.1316131146411200e-01
1.1724068850192151e+00
0
2
1.1066666666666667e+00
2
-2.4268215445887105e+01
-7.7042497169315871e-01
9.7744544590180205e-01
-2.1118806852146554e-01
2.6780395905547647e+00
-8.2979438767814565e-02
1
1
-2.8194671848485825e+01
7.7930041136757000e-02
3.6603364601777537e+00
7.2332375075689659e-01
7.2332375075689681e-01
6.8518262553722309e+00
0
2
1.1066666666666667e+00
2
-1.6163689957177972e+01
-4.6956128538697856e-01
9.9931165562507318e-01
3.7097370956381479e-02
2.7033693453185768e+00
-8.2201946473590221e-02
1
1
-2.0215952701532537e+01
-6.1999312854006861e-01
3.5755666268867485e+00
-1.3237064624204789e-01
-1.3237064624204795e-01
7.1363912973285695e+00
0
2
1.1066666666666667e+00
2
-8.0609711729216844e+00
-5.2939047480709170e-02
9.9868073124272727e-01
5.1349752136610034e-02
2.7044741897221134e+00
-8.2168364951212838e-02
1
1
-1.2112330565049827e+01
-2.6125016643384386e-01
3.5829946130869450e+00
-1.8325993919254652e-01
-1.8325993919254643e-01
7.1377208752593875e+00
0
2
1.1066666666666667e+00
2
-6.5085450000000001e-03
1.8038590000000000e-02
9.9996117471530277e-01
8.8118705160645464e-03
0.0000000000000000e+00
-6.2074977618545711e-02
1
1
-4.0337398589608426e+00
-1.7450228740354585e-02
2.7073699328635277e+00
-2.3854214775521486e-02
-2.3854214775521479e-02
5.4141092404872566e+00
0
2
9.8666666666666669e-01
2
-2.1188891800675762e+01
-1.3819453041095556e-01
9.9999822556254103e-01
-1.8838449430373305e-03
2.3521436088966325e+00
-9.4476468775843397e-02
1
1
-2.4717100953423120e+01
-1.3154791964657930e-01
2.7031244617789474e+00
5.0922402401052131e-03
5.0922402401052131e-03
5.4062201445337532e+00
0
2
9.8666666666666669e-01
2
-1.4131153396751227e+01
-1.9492012691643626e-01
9.9996770197307028e-01
-8.0371021330424026e-03
2.3526554541040579e+00
-9.4455914415589315e-02
1
1
-1.7660022598713496e+01
-1.6655732866369591e-01
2.7044661192113995e+00
2.1733964477599312e-02
2.1733964477599312e-02
5.4084081872201919e+00
0
2
9.8666666666666669e-01
2
-7.0761033364313919e+00
-9.9509963557953881e-03
9.9965648596084045e-01
2.6208969388815312e-02
2.3524914672859607e+00
-9.4462498722087687e-02
1
1
-1.0603628366591309e+01
-1.0243556163611582e-01
2.7057718009961786e+00
-7.0842467434195464e-02
-7.0842467434195477e-02
5.4059715637377579e+00
0
2
9.8666666666666669e-01
2
-1.7226559999999998e-02
0.0000000000000000e+00
9.9999900635491190e-01
1.4097124490487917e-03
0.0000000000000000e+00
-7.0832728635649905e-02
1
1
-3.5466649482156960e+00
-4.9754981778976940e-03
2.0791218489956189e+00
-2.9309552166249149e-03
-2.9309552166249149e-03
4.1582313025667510e+00
0
2
8.6666666666666670e-01
2
-3.3529810342739054e+01
4.8024881599848568e+00
2.5116466331807875e-04
-9.9999996845815542e-01
0.0000000000000000e+00
-7.8393107999231965e-02
1
1
-3.3530611320878997e+01
7.9915439136741764e+00
3.3948550779060960e+00
4.2633381632802567e-04
4.2633381632802567e-04
1.6974276995730371e+00
0
2
1.0800000000000001e+00
2
-2.3960140655957641e+01
5.1520034234995071e-01
9.9880860453532094e-01
4.8799298214265742e-02
2.6460830578390726e+00
-8.3981574789908628e-02
1
1
-2.7924536445684840e+01
3.2150984799114307e-01
3.4290732709215659e+00
-1.6673993562335251e-01
-1.6673993562335260e-01
6.8337070492143210e+00
0
2
1.0933333333333333e+00
2
-1.5914374092907641e+01
5.5865920000000013e-01
9.9998541245334194e-01
5.4013776501441952e-03
2.6819613109190912e+00
-8.2858101389265790e-02
1
1
-1.9937257374432640e+01
5.3692977117497542e-01
3.5144269547673392e+00
-1.8981916499688160e-02
-1.8981916499688167e-02
7.0285463195490827e+00
0
2
1.0800000000000001e+00
2
-7.9673733591303471e+00
4.8821244792449314e-01
9.9996071200611936e-01
-8.8642227078868981e-03
2.6491043225868465e+00
-8.3885795031742094e-02
1
1
-1.1940873726018994e+01
5.2343582396224664e-01
3.4290125881015685e+00
3.0391949039129854e-02
3.0391949039129850e-02
6.8572169414347846e+00
0
2
1.0933333333333333e+00
2
-8.4148500000000000e-04
1.0121290000000000e-02
9.9820410193954878e-01
-5.9904681545425179e-02
0.0000000000000000e+00
-6.2649853017032964e-02
1
1
-3.9841074220651733e+00
2.4916686896224657e-01
2.6672432052928032e+00
1.5892309878491204e-01
1.5892309878491206e-01
5.3058743133068305e+00
0
2
1.0400000000000000e+00
2
-3.6254256731195625e+01
7.2622624563123912e+00
-5.4682370677887941e-02
-9.9850379986109528e-01
2.6552865966031369e+00
-8.3690484675555302e-02
1
1
-3.6036460682298404e+01
1.1239233090955093e+01
6.8792302340806248e+00
-1.8808609797763595e-01
-1.8808609797763595e-01
3.4550657248352974e+00
0
2
1.0533333333333332e+00
2
-3.2105989843718831e+01
1.0484497848026251e+00
5.5523058840104766e-01
-8.3169645526708025e-01
2.4904168791222201e+00
-8.9230933216509239e-02
1
1
-3.4180123287457228e+01
4.1553561205575082e+00
5.1263607092245724e+00
1.3993268603099966e+00
1.3993268603099966e+00
3.9644411230602126e+00
0
2
1.0533333333333332e+00
2
-2.4203533301419650e+01
-2.7560028190794966e-01
9.8625241840706379e-01
-1.6524577811919339e-01
2.6708701865805500e+00
-8.3202180075523616e-02
1
1
-2.8154761572569242e+01
3.8642475144733768e-01
3.5804885540341984e+00
5.6801636472874650e-01
5.6801636472874639e-01
6.8754650897790910e+00
0
2
1.0533333333333332e+00
2
-1.6138240980978704e+01
-7.6947123798443387e-02
9.9969680420276374e-01
2.4623153063347652e-02
2.6892461416081845e+00
-8.2633649179220170e-02
1
1
-2.0170887141199177e+01
-1.7627370285319652e-01
3.5355841227528675e+00
-8.6978098844580104e-02
-8.6978098844580146e-02
7.0647412717512763e+00
0
2
1.0533333333333332e+00
2
-8.0709033864145248e+00
-6.3948850000072020e-14
9.9995451536725932e-01
9.5376724953915529e-03
2.6892348503809158e+00
-8.2633996131184148e-02
1
1
-1.2104572183696614e+01
-3.8473561899253668e-02
3.5337335513922836e+00
-3.3698994800507032e-02
-3.3698994800507025e-02
7.0665028289974368e+00
0
2
1.0533333333333332e+00
2
-2.5481520000000001e-03
0.0000000000000000e+00
1.0000000000000000e+00
7.9258842901842591e-15
0.0000000000000000e+00
-6.1970499001743846e-02
1
1
-4.0367257692072620e+00
-3.1974425000036010e-14
2.7162956434469159e+00
-2.1529044967891855e-14
-2.1529044967891855e-14
5.4325912868938318e+00
0
2
1.0933333333333333e+00
2
-3.3696241856872447e+01
-1.6759770000000003e+00
9.9931029516721326e-01
-3.7134000226437383e-02
3.7213048450917610e+00
-5.9716210166260303e-02
1
1
-3.9274349221606187e+01
-1.4686965975595803e+00
6.7752571225060896e+00
2.5107266240363646e-01
2.5107266240363640e-01
1.3522524943748184e+01
0
2
1.0933333333333333e+00
2
-2.2521590261832166e+01
-1.4942053676865112e+00
9.9986772795697720e-01
1.6264273428353290e-02
3.7253766281910670e+00
-5.9650941207017437e-02
1
1
-2.8108916059352307e+01
-1.5850911838432558e+00
6.7825354480551665e+00
-1.1026925058846561e-01
-1.1026925058846557e-01
1.3559689836619668e+01
0
2
1.0933333333333333e+00
2
-1.1354670740701190e+01
-9.9669151454321037e-01
9.9900901371331874e-01
4.4508319666573912e-02
3.7259989208784381e+00
-5.9640978685477269e-02
1
1
-1.6938130501266677e+01
-1.2454484411148607e+00
6.7964443551119826e+00
-3.0160107739356989e-01
-3.0160107739356989e-01
1.3552577490865136e+01
0
2
1.0933333333333333e+00
2
-2.3277135000000002e-01
0.0000000000000000e+00
9.9600858069614417e-01
8.9257532901445072e-02
0.0000000000000000e+00
-4.4776910206942182e-02
1
1
-5.7937210453505950e+00
-4.9834575727160518e-01
5.2442701203944564e+00
-4.6253727536724892e-01
-4.6253727536724909e-01
1.0364189095002454e+01
0
2
9.5999999999999996e-01
2
-1.7174903108624868e+01
6.1938941683570288e-02
9.9982683728963051e-01
-1.8609014896404014e-02
2.8571840160712005e+00
-7.7776657356424347e-02
1
1
-2.1459936996139298e+01
1.4169301155882491e-01
3.9899148344998601e+00
7.4209829014024550e-02
7.4209829014024578e-02
7.9756860360362625e+00
0
2
9.5999999999999996e-01
2
-8.6026058924324360e+00
-2.1316273778101464e-14
9.9997389725865005e-01
-7.2252890147605185e-03
2.8575069941634514e+00
-7.7767866422065846e-02
1
1
-1.2888754500528652e+01
3.0969470841774486e-02
3.9896436754576619e+00
2.8824071419970475e-02
2.8824071419970464e-02
7.9786625478664766e+00
0
2
9.5999999999999996e-01
2
-2.9638545000000002e-02
0.0000000000000000e+00
1.0000000000000000e+00
2.4864522299254515e-15
0.0000000000000000e+00
-5.8322862987428468e-02
1
1
-4.3161222187162176e+00
-1.0658136889050732e-14
3.0666863069238377e+00
-7.6251690063326237e-15
-7.6251690063326237e-15
6.1333726138476754e+00
0
2
9.7333333333333338e-01
2
-4.8063588744135508e+01
8.8362185018280979e+00
-2.9412492484256203e-02
-9.9956735905383753e-01
3.5111269459716916e+00
-6.3290853803271721e-02
1
1
-4.7908682251771012e+01
1.4100630334859634e+01
1.2041261816039414e+01
-1.7708174475251889e-01
-1.7708174475251898e-01
6.0284469127733473e+00
0
2
9.8666666666666669e-01
2
-4.2399298596803554e+01
7.0317288522514276e-01
5.7150766894629212e-01
-8.2059672454597044e-01
3.3037119506348276e+00
-6.7264406081020744e-02
1
1
-4.5231443670469531e+01
4.7696956935266206e+00
8.9235054426865865e+00
2.5008809823192828e+00
2.5008809823192824e+00
7.0743746422537352e+00
0
2
9.8666666666666669e-01
2
-3.1873887591934125e+01
-7.7507703543762774e-01
9.9028103273702417e-01
-1.3908082614542158e-01
3.5429037000329728e+00
-6.2723190082799626e-02
1
1
-3.7136593094368841e+01
-3.5952075106242487e-02
6.2513825671242618e+00
8.4465868548313328e-01
8.4465868548313339e-01
1.2146878803284844e+01
0
2
9.7333333333333338e-01
2
-2.1345191422767510e+01
-4.0802464139057060e-01
9.9939287056308690e-01
3.4840928054131290e-02
3.5116974446143630e+00
-6.3280571782466169e-02
1
1
-2.6609539507350817e+01
-5.9155083841409917e-01
6.0325076736948233e+00
-2.0979589130306456e-01
-2.0979589130306453e-01
1.2043073575229041e+01
0
2
9.8666666666666669e-01
2
-1.0679979202330601e+01
1.7337901142490630e-01
9.9851741412339678e-01
5.4433203950575007e-02
3.5603492636797420e+00
-6.2415849054243633e-02
1
1
-1.6012585312549056e+01
-1.1732281498283215e-01
6.2116494885530704e+00
-3.3662129153668985e-01
-3.3662129153668996e-01
1.2368247231917273e+01
0
2
9.8666666666666669e-01
2
-7.9751264999999988e-03
0.0000000000000000e+00
9.9986805737363271e-01
-1.6244009476663327e-02
0.0000000000000000e+00
-4.6845374602043202e-02
1
1
-5.3439771644153007e+00
8.6689505712453152e-02
4.7547553132377978e+00
7.7205727499597809e-02
7.7205727499597809e-02
9.5057477382827766e+00
0
2
6.9333333333333336e-01
2
-4.9813118593343141e+01
1.3941607516896067e+01
-9.8099347949531956e-02
-9.9517662649997796e-01
0.0000000000000000e+00
-6.5611395076678181e-02
1
1
-4.9439329300207071e+01
1.7733542688130207e+01
4.8230717037784290e+00
-2.3656732942825634e-01
-2.3656732942825631e-01
2.4465152215987298e+00
0
2
1.0933333333333333e+00
2
-3.6255765959933491e+01
-1.1604062593848765e+00
9.7967056394373619e-01
-2.0061302585366173e-01
3.9737990671144581e+00
-5.5921856759503244e-02
1
1
-4.2095286919552166e+01
3.5387523097558105e-02
8.0257295790563425e+00
1.5163094031647835e+00
1.5163094031647841e+00
1.5119947805128772e+01
0
2
1.1066666666666667e+00
2
-2.4099187626794176e+01
-6.9516365674324476e-01
9.9926847444552980e-01
3.8242855271324920e-02
4.0551592303175275e+00
-5.4799875812724060e-02
1
1
-3.0177476793363834e+01
-9.2778495806406069e-01
8.0461357638499802e+00
-3.0703306905655103e-01
-3.0703306905655103e-01
1.6057020276838806e+01
0
2
1.0933333333333333e+00
2
-1.2091456759382627e+01
-7.9408571221067564e-02
9.9868777401175479e-01
5.1212596491940036e-02
4.0078361425467275e+00
-5.5446933037789817e-02
1
1
-1.8095322193088400e+01
-3.8728611398215618e-01
7.8685424957743209e+00
-4.0138697640790072e-01
-4.0138697640790089e-01
1.5675335754815753e+01
0
2
1.1066666666666667e+00
2
-9.7628174999999998e-03
2.7057885000000000e-02
9.9996117471530266e-01
8.8118705160647876e-03
0.0000000000000000e+00
-4.1383318412363458e-02
1
1
-6.0506097884413137e+00
-2.6175343110533780e-02
6.0915823489430387e+00
-5.3671983244925732e-02
-5.3671983244925725e-02
1.2181745791096533e+01
0
2
9.8666666666666669e-01
2
-3.1783337701013664e+01
-2.0729179561643385e-01
9.9999822556254103e-01
-1.8838449430365993e-03
3.5282154133449275e+00
-6.2984312517229329e-02
1
1
-3.7075651430134670e+01
-1.9732187946987340e-01
6.0820300390025546e+00
1.1457540540232134e-02
1.1457540540232137e-02
1.2163995325200791e+01
0
2
9.8666666666666669e-01
2
-2.1196730095126885e+01
-2.9238019037465324e-01
9.9996770197307028e-01
-8.0371021330422621e-03
3.5289831811560792e+00
-6.2970609610392997e-02
1
1
-2.6490033898070273e+01
-2.4983599299554354e-01
6.0850487682256231e+00
4.8901420074597399e-02
4.8901420074597392e-02
1.2168918421245380e+01
0
2
9.8666666666666669e-01
2
-1.0614155004647138e+01
-1.4926494533694006e-02
9.9965648596084056e-01
2.6208969388815131e-02
3.5287372009289388e+00
-6.2974999148058486e-02
1
1
-1.5905442549887011e+01
-1.5365334245417361e-01
6.0879865522413965e+00
-1.5939555172693848e-01
-1.5939555172693851e-01
1.2163436018409943e+01
0
2
9.8666666666666669e-01
2
-2.5839839999999996e-02
0.0000000000000000e+00
9.9999900635491179e-01
1.4097124490488721e-03
0.0000000000000000e+00
-4.7221819090433041e-02
1
1
-5.3199974223235689e+00
-7.4632472668470029e-03
4.6780241602401871e+00
-6.5946492374064991e-03
-6.5946492374064991e-03
9.3560204307752812e+00
0
2
8.5333333333333339e-01
2
-5.0295980624366443e+01
7.3509167916971228e+00
1.2078834842990596e-04
-9.9999999270508744e-01
0.0000000000000000e+00
-5.3078653303294789e-02
1
1
-5.0296549536447444e+01
1.2060908146371403e+01
7.4052073740951831e+00
4.4723138424793602e-04
4.4723138424793591e-04
3.7026037680781014e+00
0
2
1.0800000000000001e+00
2
-3.5940210983937085e+01
7.7280051352489953e-01
9.9880860453532150e-01
4.8799298214255944e-02
3.9691245867585687e+00
-5.5987716526606356e-02
1
1
-4.1886804668527830e+01
4.8226477198674933e-01
7.7154148595733520e+00
-3.7516485515245990e-01
-3.7516485515246001e-01
1.5375840860731898e+01
0
2
1.0933333333333333e+00
2
-2.3871561139362004e+01
8.3798880000000009e-01
9.9998541245334205e-01
5.4013776501463488e-03
4.0229419663786636e+00
-5.5238734259510154e-02
1
1
-2.9905886061649547e+01
8.0539465676244981e-01
7.9074606482266203e+00
-4.2709312124315925e-02
-4.2709312124315925e-02
1.5814229218985639e+01
0
2
1.0800000000000001e+00
2
-1.1951060038695879e+01
7.3231867188675914e-01
9.9996071200611925e-01
-8.8642227078851218e-03
3.9736564838803314e+00
-5.5923863354493883e-02
1
1
-1.7911310589028943e+01
7.8515373594337956e-01
7.7152783232287643e+00
6.8381885338030593e-02
6.8381885338030593e-02
1.5428738118228740e+01
0
2
1.0933333333333333e+00
2
-1.2622275000000001e-03
1.5181935000000001e-02
9.9820410193954878e-01
-5.9904681545425012e-02
0.0000000000000000e+00
-4.1766568678020727e-02
1
1
-5.9761611330979392e+00
3.7375030344337956e-01
6.0012972119091659e+00
3.5757697226607271e-01
3.5757697226607260e-01
1.1938217204941088e+01
0
2
1.0400000000000000e+00
2
-5.4381385096793501e+01
1.0893393684467084e+01
-5.4682370677887719e-02
-9.9850379986109516e-01
3.9829298949047649e+00
-5.5793656450369371e-02
1
1
-5.4054691023447667e+01
1.6858849636431223e+01
1.5478268026681874e+01
-4.2319372044969211e-01
-4.2319372044969211e-01
7.7738978808796508e+00
0
2
1.0533333333333332e+00
2
-4.8158984765576868e+01
1.5726746772033056e+00
5.5523058840117268e-01
-8.3169645526699687e-01
3.7356253186833559e+00
-5.9487288811005755e-02
1
1
-5.1270184931185184e+01
6.2330341808351948e+00
1.1534311595754501e+01
3.1484854356979270e+00
3.1484854356979270e+00
8.9199925268865456e+00
0
2
1.0533333333333332e+00
2
-3.6305299952127669e+01
-4.1340042286194489e-01
9.8625241840707334e-01
-1.6524577811913810e-01
4.0063052798709311e+00
-5.5468120050347618e-02
1
1
-4.2232142358852272e+01
5.7963712717068039e-01
8.0560992465772330e+00
1.2780368206393307e+00
1.2780368206393307e+00
1.5469796452003918e+01
0
2
1.0533333333333332e+00
2
-2.4207361471466314e+01
-1.1542068569760094e-01
9.9969680420276363e-01
2.4623153063354761e-02
4.0338692124122559e+00
-5.5089099452813733e-02
1
1
-3.0256330711796991e+01
-2.6441055427977289e-01
7.9550642761938741e+00
-1.9570072240035968e-01
-1.9570072240035966e-01
1.5895667861440206e+01
0
2
1.0533333333333332e+00
2
-1.2106355079620394e+01
-9.5923275000108099e-14
9.9995451536725954e-01
9.5376724953865309e-03
4.0338522755712560e+00
-5.5089330754124380e-02
1
1
-1.8156858275543353e+01
-5.7710342848848434e-02
7.9509004906321747e+00
-7.5822738301096371e-02
-7.5822738301096371e-02
1.5899631365243300e+01
0
2
1.0533333333333332e+00
2
-3.8222280000000004e-03
0.0000000000000000e+00
1.0000000000000000e+00
7.9258842901851773e-15
0.0000000000000000e+00
-4.1313666001167315e-02
1
1
-6.0550886538101976e+00
-4.7961637500054050e-14
6.1116651977541547e+00
-4.8440351177751137e-14
-4.8440351177751137e-14
1.2223330395508309e+01
0
2
2.5000000000000000e+01
2
0.0000000000000000e+00
0.0000000000000000e+00
0.0000000000000000e+00
0.0000000000000000e+00
0.0000000000000000e+00
-1.0000000000000000e+00
1
1
0.0000000000000000e+00
0.0000000000000000e+00
2.0000000000000000e+00
0.0000000000000000e+00
0.0000000000000000e+00
2.0000000000000000e+00
0
