2
1
1
9
1.2508747813611662e-01
1.0896277709708362e-01
9.9956599110904237e-02
1.0331630638967257e-01
1.0374344798319496e-01
1.1619761906451362e-01
1.6331974452062351e-01
7.0657547053804046e-02
1.0875848064408689e-01
2
1
-3.3607498486731352e+01
1.1839799868003483e+01
2.9406200068103477e+01
4.8864898418905192e+00
-2.8796175181615298e+00
-3.2076507594772035e+00
-2.8796175181615298e+00
8.6032899757454373e+01
6.6113534795264215e+01
-3.2076507594772035e+00
6.6113534795264215e+01
8.9578397451742063e+01
1
2
1
-5.0510647394627668e+01
1.5357241355527311e+01
4.3512457361711697e+01
8.2872546362513084e+00
-6.1264672555258519e+00
-7.0352184785860352e+00
-6.1264672555258519e+00
1.5113108300784450e+02
1.5517701023135325e+02
-7.0352184785860352e+00
1.5517701023135325e+02
2.1993820752170595e+02
1
2
1
-1.0568834219766179e+00
5.2875716400717330e+01
1.7560915959395754e+01
1.3498900317734401e+01
9.0132747707983576e+00
-2.9508214186036046e+01
9.0132747707983576e+00
1.3308582142365918e+02
1.1057856971888576e+01
-2.9508214186036046e+01
1.1057856971888576e+01
1.4853999352426527e+02
1
2
1
-4.7997302268082123e+01
5.4986450380546401e+01
3.6909822150017440e+01
1.2921151402921685e+01
1.6882872134730498e+01
-2.1739628147036029e+01
1.6882872134730498e+01
1.2737207048876417e+02
-7.7591266134265211e+01
-2.1739628147036029e+01
-7.7591266134265211e+01
1.0231640689032682e+02
1
2
1
-2.4863342190023367e+01
6.7170431855224081e+01
4.3882654030238754e+01
1.5643674916457979e+02
6.2181665993739950e+00
4.3919084832320763e+01
6.2181665993739950e+00
2.4019320887844870e+01
-4.0169922075115512e+00
4.3919084832320763e+01
-4.0169922075115512e+00
6.7853294964327574e+01
1
2
1
-4.3677593639284913e+00
5.9254247822516377e-02
2.0210465740420485e+01
1.4691993176071650e+01
8.6408992793260683e-02
-2.8097115687326056e+01
8.6408992793260683e-02
2.0483900268087756e+00
-2.7635460530330952e-01
-2.8097115687326056e+01
-2.7635460530330952e-01
8.6871342769874772e+01
1
2
1
-2.4320183260143999e+01
-2.2456833757333430e-01
4.2106471011680661e+01
1.1427593392813901e+02
8.5732138961698734e-02
-3.7038591170333731e+01
8.5732138961698734e-02
2.4085022961577094e+00
-1.3774960924543311e+00
-3.7038591170333731e+01
-1.3774960924543311e+00
9.6054331399347632e+01
1
2
1
-3.2229875092731497e+01
3.6867450768905769e+01
2.4643312622116063e+01
5.5600904638846629e+00
2.7430818329557902e+00
-6.8767890991189358e+00
2.7430818329557902e+00
3.1833436356556714e+01
-1.7241642638826555e+01
-6.8767890991189358e+00
-1.7241642638826555e+01
3.7214222451239742e+01
1
2
1
-2.0172581772055299e+01
4.4806224852000319e+01
2.7253285777017936e+01
6.7509949736693159e+01
1.0955727394344663e+00
3.4374353694575667e+01
1.0955727394344663e+00
1.1490105706485306e+01
-3.3473629755589416e+00
3.4374353694575667e+01
-3.3473629755589416e+00
4.6764852894131238e+01
1
